1 
106 
733 
421 
498 
186 
34 
651 
651 
928 
346 
484 
815 
25 
39 
494 
643 
5 
346 
50 
380 
659 
556 
924 
831 
491 
71 
624 
378 
675 
901 
740 
227 
35 
712 
291 
602 
734 
991 
328 
212 
981 
698 
731 
622 
55 
601 
873 
237 
399 
745 
441 
204 
239 
321 
137 
450 
888 
900 
45 
895 
468 
481 
282 
986 
458 
231 
70 
943 
56 
464 
346 
241 
905 
494 
427 
935 
37 
739 
749 
811 
100 
11 
661 
855 
599 
712 
701 
1000 
878 
199 
269 
313 
477 
558 
831 
374 
826 
234 
378 
502 
431 
251 
148 
126 
538 
784 
23 
499 
462 
951 
725 
520 
880 
594 
827 
131 
180 
689 
105 
71 
239 
2 
376 
19 
684 
932 
206 
150 
280 
876 
623 
123 
654 
348 
350 
463 
120 
554 
831 
557 
951 
522 
121 
982 
371 
115 
531 
217 
452 
427 
957 
101 
168 
282 
598 
102 
622 
590 
784 
213 
440 
351 
171 
20 
892 
389 
115 
942 
372 
106 
874 
72 
133 
54 
328 
218 
109 
763 
418 
312 
415 
791 
925 
622 
182 
652 
900 
215 
847 
434 
470 
568 
800 
733 
425 
947 
602 
402 
808 
662 
676 
986 
950 
837 
253 
502 
479 
81 
376 
543 
864 
402 
705 
856 
690 
782 
680 
718 
13 
875 
489 
426 
49 
688 
452 
639 
654 
168 
908 
853 
879 
509 
113 
413 
989 
183 
409 
279 
479 
870 
402 
430 
788 
327 
179 
1000 
126 
600 
585 
1 
1 
752 
703 
282 
380 
655 
653 
173 
821 
683 
812 
74 
63 
742 
599 
181 
181 
62 
351 
948 
942 
352 
234 
665 
248 
756 
764 
385 
246 
163 
8 
161 
982 
210 
802 
110 
360 
569 
147 
812 
129 
987 
222 
200 
80 
186 
604 
669 
775 
669 
730 
641 
603 
42 
566 
193 
282 
673 
93 
741 
491 
519 
555 
292 
677 
116 
133 
449 
847 
795 
523 
715 
279 
109 
493 
274 
555 
482 
393 
224 
332 
355 
409 
439 
350 
243 
60 
332 
219 
643 
648 
478 
704 
696 
939 
423 
934 
284 
423 
481 
632 
364 
574 
986 
123 
642 
306 
507 
487 
813 
10 
238 
613 
511 
910 
231 
967 
212 
829 
667 
418 
800 
15 
132 
681 
682 
399 
549 
729 
991 
669 
243 
731 
142 
3 
459 
61 
134 
894 
763 
723 
399 
4 
552 
483 
50 
509 
352 
183 
348 
596 
630 
683 
504 
244 
798 
334 
659 
273 
6 
82 
485 
755 
187 
41 
53 
132 
699 
260 
37 
441 
420 
484 
409 
123 
250 
818 
669 
544 
653 
294 
43 
986 
508 
1 
842 
21 
340 
453 
543 
715 
651 
501 
25 
98 
971 
157 
314 
582 
576 
101 
518 
950 
319 
822 
972 
224 
217 
387 
795 
888 
210 
738 
668 
414 
228 
637 
93 
177 
90 
512 
4 
146 
567 
394 
63 
660 
337 
820 
99 
971 
21 
62 
458 
748 
928 
215 
322 
748 
464 
726 
644 
654 
734 
26 
197 
188 
529 
623 
585 
334 
191 
200 
624 
137 
721 
131 
35 
633 
100 
944 
447 
590 
905 
12 
561 
697 
460 
40 
404 
483 
751 
49 
405 
975 
431 
292 
408 
720 
173 
142 
335 
934 
962 
220 
53 
99 
491 
131 
482 
83 
826 
331 
386 
290 
688 
543 
859 
736 
821 
673 
351 
929 
574 
324 
505 
418 
364 
206 
64 
384 
435 
253 
83 
183 
783 
492 
640 
850 
209 
686 
228 
345 
62 
423 
199 
776 
455 
2 
231 
636 
387 
156 
960 
108 
777 
941 
142 
574 
48 
310 
256 
474 
809 
818 
702 
292 
783 
601 
33 
30 
125 
745 
46 
484 
922 
187 
172 
69 
673 
680 
458 
226 
686 
340 
169 
199 
398 
432 
848 
975 
407 
24 
488 
22 
730 
559 
806 
292 
198 
501 
393 
366 
986 
964 
836 
855 
275 
121 
998 
609 
431 
925 
664 
798 
507 
539 
131 
940 
804 
127 
30 
306 
87 
75 
483 
15 
527 
843 
481 
646 
713 
672 
16 
161 
643 
308 
50 
114 
913 
188 
342 
553 
138 
18 
664 
740 
688 
59 
557 
918 
923 
393 
470 
815 
911 
569 
699 
484 
454 
133 
974 
541 
237 
496 
672 
638 
76 
514 
579 
639 
459 
538 
556 
404 
123 
466 
707 
22 
38 
486 
283 
25 
211 
85 
345 
517 
565 
579 
929 
751 
477 
450 
620 
670 
370 
450 
443 
685 
499 
241 
573 
244 
677 
495 
932 
201 
376 
565 
763 
912 
654 
804 
492 
196 
117 
890 
217 
622 
3 
930 
239 
845 
243 
948 
471 
98 
379 
676 
399 
85 
744 
78 
404 
307 
260 
735 
301 
293 
41 
540 
449 
170 
91 
972 
851 
455 
330 
786 
133 
131 
43 
122 
431 
343 
872 
386 
374 
622 
271 
45 
797 
888 
912 
891 
749 
141 
539 
22 
785 
487 
848 
241 
857 
554 
351 
794 
490 
934 
382 
547 
726 
869 
301 
158 
720 
694 
867 
55 
684 
867 
322 
70 
132 
379 
75 
647 
529 
795 
866 
748 
605 
886 
866 
450 
90 
340 
345 
660 
97 
59 
116 
441 
683 
204 
353 
974 
598 
653 
900 
325 
845 
775 
391 
56 
462 
447 
413 
463 
717 
926 
263 
119 
87 
62 
970 
370 
204 
960 
817 
166 
104 
165 
302 
542 
403 
553 
395 
330 
344 
568 
392 
121 
642 
995 
671 
365 
835 
802 
774 
336 
6 
443 
609 
617 
615 
780 
339 
320 
352 
297 
667 
118 
255 
638 
840 
278 
117 
570 
4 
913 
344 
481 
307 
229 
255 
818 
100 
604 
36 
421 
339 
128 
733 
637 
8 
775 
527 
252 
378 
283 
479 
694 
827 
198 
428 
335 
37 
56 
170 
532 
815 
385 
824 
257 
151 
320 
928 
557 
331 
426 
597 
939 
368 
37 
407 
563 
725 
851 
105 
82 
637 
817 
548 
629 
981 
13 
914 
163 
965 
488 
243 
695 
558 
821 
819 
631 
706 
613 
312 
500 
635 
286 
856 
405 
910 
241 
947 
93 
378 
821 
959 
295 
491 
501 
801 
923 
634 
209 
936 
564 
101 
212 
876 
165 
134 
820 
570 
592 
823 
643 
354 
859 
639 
92 
1 
648 
598 
417 
541 
23 
314 
841 
333 
632 
543 
45 
721 
243 
405 
146 
71 
887 
992 
562 
23 
664 
451 
536 
885 
397 
661 
171 
445 
237 
942 
210 
949 
440 
102 
958 
843 
184 
5 
762 
37 
956 
611 
540 
111 
104 
808 
466 
627 
469 
491 
94 
893 
640 
242 
349 
354 
815 
209 
99 
704 
618 
169 
834 
16 
83 
157 
323 
759 
694 
638 
548 
313 
129 
256 
140 
190 
643 
367 
875 
546 
304 
400 
673 
818 
772 
834 
246 
229 
140 
498 
56 
999 
727 
98 
136 
387 
752 
181 
396 
23 
922 
84 
231 
445 
773 
222 
181 
246 
343 
176 
921 
742 
585 
542 
319 
899 
166 
91 
771 
672 
12 
725 
91 
885 
625 
308 
345 
182 
294 
12 
906 
765 
356 
706 
815 
866 
104 
306 
936 
324 
314 
62 
538 
756 
829 
457 
800 
613 
398 
315 
311 
245 
911 
595 
721 
129 
756 
217 
580 
840 
278 
576 
101 
336 
107 
227 
101 
171 
728 
54 
422 
960 
201 
166 
656 
62 
840 
125 
96 
791 
939 
33 
45 
813 
114 
782 
194 
361 
567 
626 
40 
985 
794 
376 
23 
85 
972 
854 
643 
818 
204 
692 
557 
189 
194 
1 
410 
372 
926 
16 
478 
339 
846 
774 
578 
294 
593 
624 
614 
224 
18 
986 
175 
612 
526 
339 
96 
412 
111 
553 
508 
447 
875 
63 
325 
79 
263 
826 
904 
811 
968 
795 
779 
824 
411 
612 
667 
798 
431 
162 
364 
924 
430 
341 
482 
194 
889 
985 
111 
421 
662 
243 
371 
716 
22 
267 
161 
795 
239 
692 
371 
765 
697 
544 
602 
780 
1 
597 
309 
435 
456 
494 
281 
844 
112 
361 
349 
831 
42 
420 
744 
256 
958 
1000 
999 
718 
312 
777 
167 
568 
508 
217 
170 
542 
478 
725 
576 
989 
779 
520 
119 
84 
488 
212 
538 
297 
651 
52 
830 
864 
295 
118 
721 
633 
365 
552 
521 
458 
583 
917 
582 
221 
29 
589 
306 
17 
142 
579 
386 
535 
706 
336 
328 
338 
67 
550 
380 
88 
288 
658 
530 
859 
497 
972 
45 
438 
87 
992 
515 
672 
102 
438 
44 
408 
910 
402 
845 
997 
515 
99 
831 
159 
636 
627 
971 
420 
131 
113 
247 
971 
565 
838 
47 
918 
944 
430 
246 
423 
393 
853 
167 
347 
737 
796 
644 
697 
656 
277 
139 
661 
913 
137 
3 
146 
148 
166 
640 
646 
482 
286 
430 
284 
73 
858 
408 
120 
622 
936 
871 
632 
172 
141 
11 
136 
86 
323 
527 
960 
211 
17 
21 
875 
875 
905 
513 
143 
450 
797 
930 
550 
514 
435 
731 
295 
143 
477 
343 
812 
964 
3 
265 
417 
880 
828 
216 
710 
824 
385 
683 
368 
491 
490 
71 
366 
762 
229 
271 
154 
734 
589 
615 
290 
126 
154 
418 
498 
134 
918 
371 
22 
138 
531 
984 
114 
296 
272 
317 
134 
285 
342 
611 
570 
27 
298 
60 
509 
455 
252 
218 
402 
629 
288 
1 
970 
79 
281 
951 
312 
136 
984 
93 
30 
957 
765 
187 
80 
220 
400 
209 
246 
515 
871 
837 
642 
523 
735 
892 
839 
737 
200 
999 
226 
337 
263 
722 
991 
745 
391 
612 
427 
80 
151 
850 
467 
924 
888 
255 
598 
973 
509 
814 
41 
159 
973 
743 
857 
23 
483 
338 
967 
162 
195 
564 
886 
515 
65 
756 
750 
682 
38 
872 
54 
995 
234 
463 
660 
725 
939 
663 
903 
142 
798 
247 
445 
902 
677 
361 
139 
893 
178 
514 
335 
228 
788 
202 
630 
298 
487 
416 
575 
638 
15 
802 
339 
507 
967 
723 
774 
736 
416 
369 
210 
676 
181 
632 
369 
240 
306 
265 
661 
950 
757 
893 
15 
972 
40 
372 
135 
777 
8 
570 
914 
87 
510 
55 
522 
345 
445 
353 
371 
525 
935 
672 
557 
7 
247 
349 
723 
532 
520 
233 
93 
133 
317 
790 
230 
160 
377 
618 
494 
55 
433 
341 
77 
457 
107 
183 
401 
315 
994 
881 
312 
402 
783 
981 
264 
543 
517 
116 
470 
464 
705 
63 
184 
143 
347 
337 
229 
136 
842 
211 
883 
771 
961 
216 
248 
515 
694 
479 
450 
314 
845 
374 
14 
907 
956 
535 
998 
363 
555 
788 
370 
31 
511 
105 
541 
966 
654 
175 
530 
814 
256 
269 
976 
984 
551 
295 
486 
63 
789 
654 
562 
172 
169 
135 
245 
166 
774 
859 
769 
70 
131 
212 
739 
481 
354 
855 
295 
564 
760 
986 
950 
806 
756 
659 
827 
597 
747 
359 
552 
382 
783 
441 
664 
796 
516 
258 
554 
437 
889 
392 
225 
427 
1 
629 
71 
528 
651 
639 
722 
623 
981 
244 
762 
4 
67 
44 
920 
182 
761 
219 
250 
714 
259 
436 
901 
915 
881 
216 
730 
656 
431 
437 
176 
470 
888 
819 
955 
971 
910 
121 
228 
359 
750 
749 
755 
417 
381 
606 
617 
718 
813 
236 
760 
150 
96 
768 
991 
59 
387 
826 
603 
939 
393 
941 
779 
339 
212 
812 
30 
195 
73 
848 
32 
950 
807 
856 
476 
727 
999 
380 
179 
366 
86 
324 
76 
172 
349 
807 
889 
963 
800 
379 
800 
700 
421 
377 
560 
571 
639 
987 
715 
3 
594 
105 
886 
650 
291 
203 
414 
653 
224 
119 
678 
566 
664 
56 
868 
171 
184 
708 
765 
954 
690 
717 
164 
183 
14 
824 
739 
186 
382 
235 
649 
820 
37 
592 
603 
420 
87 
700 
12 
375 
503 
80 
610 
398 
19 
208 
293 
601 
338 
510 
747 
60 
741 
35 
154 
433 
823 
301 
331 
840 
767 
243 
798 
677 
888 
858 
375 
151 
520 
496 
313 
701 
969 
201 
114 
204 
783 
805 
363 
855 
570 
28 
733 
451 
977 
318 
705 
136 
867 
273 
650 
123 
252 
897 
15 
559 
939 
813 
534 
179 
21 
549 
611 
127 
52 
271 
541 
331 
177 
25 
735 
49 
239 
749 
336 
266 
317 
964 
591 
671 
309 
126 
480 
532 
670 
662 
789 
422 
712 
133 
290 
8 
403 
787 
926 
529 
533 
542 
987 
704 
88 
475 
407 
438 
510 
552 
121 
701 
490 
308 
555 
23 
900 
735 
472 
371 
426 
134 
666 
25 
666 
142 
216 
942 
720 
803 
252 
295 
626 
819 
387 
404 
394 
44 
345 
614 
482 
176 
714 
662 
477 
329 
466 
99 
378 
795 
20 
506 
92 
709 
601 
515 
475 
681 
476 
696 
973 
679 
941 
344 
599 
154 
452 
267 
659 
674 
835 
454 
782 
149 
412 
200 
16 
492 
859 
301 
421 
646 
157 
564 
319 
804 
385 
38 
830 
112 
916 
842 
803 
15 
973 
240 
712 
78 
813 
762 
8 
778 
573 
12 
512 
596 
20 
275 
544 
283 
622 
797 
712 
713 
659 
104 
732 
279 
2 
82 
536 
872 
179 
585 
207 
866 
69 
339 
561 
785 
352 
618 
779 
47 
979 
559 
958 
294 
850 
216 
436 
130 
858 
689 
29 
55 
770 
155 
30 
204 
655 
161 
622 
307 
238 
280 
16 
978 
195 
633 
188 
922 
46 
766 
252 
622 
347 
151 
717 
222 
498 
17 
246 
447 
928 
965 
554 
874 
308 
856 
4 
161 
275 
192 
474 
800 
187 
509 
161 
152 
615 
883 
459 
243 
113 
314 
153 
666 
63 
31 
323 
210 
260 
537 
346 
313 
854 
253 
911 
284 
724 
634 
774 
927 
480 
776 
791 
271 
545 
286 
78 
44 
663 
164 
396 
480 
286 
508 
983 
581 
5 
980 
492 
613 
596 
160 
249 
142 
406 
922 
117 
359 
860 
164 
734 
782 
856 
807 
291 
537 
571 
65 
787 
86 
379 
721 
286 
631 
468 
471 
888 
146 
416 
232 
371 
417 
950 
955 
446 
144 
658 
480 
897 
564 
363 
720 
979 
308 
342 
959 
813 
78 
107 
82 
765 
775 
760 
342 
313 
113 
209 
76 
17 
97 
678 
688 
69 
546 
924 
555 
557 
995 
543 
49 
237 
338 
222 
204 
792 
982 
239 
108 
32 
612 
545 
626 
500 
313 
912 
867 
59 
142 
837 
447 
952 
75 
565 
98 
396 
96 
359 
108 
632 
384 
645 
223 
436 
536 
760 
156 
199 
126 
603 
568 
449 
76 
22 
306 
765 
909 
375 
925 
230 
211 
369 
781 
115 
554 
560 
794 
653 
481 
806 
630 
517 
346 
732 
163 
103 
525 
539 
675 
576 
229 
749 
93 
345 
38 
99 
34 
136 
775 
308 
244 
827 
190 
105 
472 
227 
263 
248 
87 
475 
119 
979 
805 
897 
660 
272 
193 
636 
134 
167 
672 
88 
63 
27 
102 
155 
200 
832 
844 
254 
331 
442 
169 
636 
662 
32 
742 
194 
9 
871 
202 
689 
154 
47 
865 
610 
40 
536 
931 
927 
874 
322 
285 
505 
146 
962 
134 
695 
985 
132 
614 
632 
932 
55 
757 
160 
405 
460 
106 
461 
303 
344 
328 
598 
701 
929 
752 
1 
853 
469 
383 
355 
626 
503 
593 
343 
436 
933 
748 
744 
228 
757 
68 
633 
532 
899 
266 
44 
115 
437 
694 
6 
729 
592 
48 
580 
664 
457 
996 
746 
549 
751 
17 
270 
429 
958 
376 
127 
180 
329 
819 
561 
155 
546 
800 
40 
430 
750 
357 
397 
289 
260 
902 
265 
475 
584 
123 
216 
936 
983 
467 
891 
454 
2 
240 
1000 
894 
17 
34 
43 
893 
126 
500 
933 
269 
255 
329 
71 
957 
408 
630 
409 
551 
943 
481 
468 
334 
660 
503 
382 
32 
785 
79 
955 
547 
657 
612 
86 
799 
45 
604 
488 
139 
337 
720 
623 
642 
92 
716 
567 
925 
181 
46 
546 
325 
965 
146 
796 
229 
894 
530 
35 
444 
991 
673 
94 
796 
452 
2 
167 
53 
379 
1 
83 
970 
387 
564 
908 
278 
23 
785 
581 
194 
366 
231 
433 
170 
342 
616 
985 
554 
207 
391 
664 
181 
234 
949 
15 
316 
443 
108 
660 
187 
241 
111 
534 
655 
693 
695 
764 
224 
361 
997 
127 
165 
94 
128 
818 
46 
241 
588 
552 
314 
949 
321 
456 
119 
234 
485 
544 
850 
267 
949 
8 
846 
191 
898 
221 
945 
206 
892 
92 
330 
479 
11 
375 
290 
245 
550 
810 
923 
930 
860 
87 
908 
480 
840 
108 
110 
607 
117 
679 
597 
858 
853 
226 
579 
17 
492 
955 
329 
927 
515 
959 
260 
705 
544 
419 
156 
142 
750 
523 
514 
297 
18 
443 
742 
970 
448 
816 
764 
111 
21 
328 
844 
325 
706 
618 
295 
308 
205 
109 
794 
309 
80 
899 
163 
487 
198 
480 
172 
153 
50 
465 
980 
466 
492 
316 
327 
290 
241 
581 
414 
995 
460 
858 
926 
807 
408 
28 
235 
681 
123 
955 
853 
580 
930 
799 
911 
944 
25 
344 
143 
237 
248 
252 
509 
197 
2 
113 
22 
86 
583 
165 
123 
130 
579 
515 
344 
562 
416 
663 
706 
269 
115 
888 
85 
600 
966 
568 
106 
598 
103 
920 
882 
21 
575 
657 
28 
568 
199 
789 
138 
262 
52 
132 
448 
795 
656 
456 
115 
494 
898 
397 
197 
434 
214 
793 
186 
253 
623 
176 
192 
280 
71 
331 
5 
863 
848 
167 
664 
459 
223 
484 
942 
85 
245 
533 
167 
90 
892 
836 
579 
5 
811 
191 
13 
839 
879 
612 
612 
3 
853 
202 
73 
214 
848 
412 
483 
562 
449 
731 
4 
225 
137 
857 
519 
809 
973 
470 
663 
588 
662 
18 
235 
151 
383 
994 
200 
111 
384 
161 
80 
304 
393 
652 
424 
274 
602 
352 
736 
437 
385 
613 
532 
53 
395 
428 
571 
584 
438 
970 
198 
124 
479 
393 
977 
990 
388 
799 
641 
500 
165 
267 
762 
932 
163 
21 
118 
265 
707 
295 
451 
987 
743 
407 
20 
630 
628 
138 
87 
214 
757 
492 
407 
492 
126 
622 
561 
116 
819 
904 
570 
681 
168 
48 
451 
342 
674 
829 
371 
217 
891 
202 
145 
744 
916 
796 
525 
514 
450 
30 
497 
762 
561 
907 
130 
27 
693 
475 
369 
44 
7 
52 
44 
87 
975 
346 
206 
13 
324 
381 
804 
935 
278 
509 
296 
886 
616 
495 
332 
192 
125 
905 
34 
188 
576 
193 
534 
153 
379 
153 
603 
760 
669 
28 
211 
504 
815 
426 
616 
961 
705 
899 
297 
537 
962 
960 
559 
611 
19 
460 
519 
726 
254 
349 
461 
405 
265 
921 
5 
281 
731 
982 
391 
73 
4 
855 
415 
437 
402 
307 
645 
14 
517 
276 
370 
762 
459 
504 
258 
521 
850 
336 
297 
124 
853 
987 
87 
238 
10 
547 
858 
588 
73 
785 
901 
977 
736 
176 
835 
143 
995 
636 
309 
751 
197 
521 
515 
277 
69 
521 
167 
361 
923 
107 
458 
78 
325 
542 
733 
335 
653 
87 
406 
917 
518 
917 
696 
638 
673 
17 
764 
224 
845 
107 
770 
96 
424 
727 
469 
5 
476 
576 
12 
244 
396 
156 
931 
921 
758 
395 
458 
55 
62 
595 
940 
28 
682 
393 
473 
364 
60 
233 
329 
213 
334 
857 
144 
446 
75 
56 
951 
225 
351 
163 
579 
987 
166 
541 
417 
140 
329 
1 
740 
307 
76 
428 
665 
959 
187 
617 
147 
895 
793 
834 
212 
7 
534 
421 
229 
477 
409 
889 
39 
334 
905 
492 
600 
24 
974 
49 
316 
507 
833 
412 
957 
419 
844 
13 
855 
832 
4 
82 
316 
5 
596 
628 
721 
609 
222 
566 
449 
30 
116 
731 
455 
893 
259 
860 
965 
88 
538 
112 
694 
413 
754 
860 
707 
680 
373 
805 
795 
828 
489 
363 
554 
404 
712 
716 
236 
956 
718 
659 
388 
376 
829 
26 
90 
879 
657 
374 
251 
853 
214 
676 
633 
384 
13 
581 
445 
288 
100 
480 
367 
388 
445 
771 
296 
841 
37 
2 
362 
523 
577 
805 
391 
323 
389 
778 
78 
448 
439 
437 
535 
9 
62 
290 
343 
207 
606 
938 
162 
396 
44 
579 
559 
854 
874 
780 
798 
39 
776 
66 
116 
369 
183 
59 
274 
753 
577 
198 
968 
520 
875 
529 
739 
605 
188 
191 
379 
463 
82 
721 
402 
919 
761 
95 
754 
811 
34 
954 
798 
147 
527 
97 
58 
504 
232 
119 
546 
976 
610 
61 
907 
117 
740 
856 
474 
376 
952 
110 
759 
780 
950 
123 
520 
227 
902 
748 
374 
73 
418 
388 
709 
618 
772 
636 
590 
259 
515 
984 
657 
203 
726 
6 
565 
332 
808 
155 
177 
636 
891 
583 
269 
695 
289 
752 
428 
104 
114 
176 
803 
841 
241 
768 
859 
656 
769 
722 
200 
758 
535 
750 
912 
981 
977 
904 
797 
670 
851 
381 
902 
23 
599 
459 
814 
232 
532 
467 
759 
1 
490 
252 
599 
791 
47 
790 
374 
508 
638 
465 
320 
944 
474 
286 
596 
917 
945 
441 
394 
494 
35 
102 
688 
237 
108 
738 
768 
832 
415 
657 
179 
303 
419 
538 
785 
911 
135 
539 
993 
68 
351 
621 
304 
401 
176 
371 
795 
610 
398 
37 
247 
193 
326 
267 
477 
156 
302 
213 
822 
777 
500 
419 
347 
984 
64 
137 
87 
152 
232 
877 
524 
728 
890 
248 
891 
134 
205 
723 
794 
793 
815 
94 
394 
922 
716 
744 
186 
300 
555 
548 
855 
163 
655 
552 
410 
993 
149 
666 
536 
783 
401 
237 
428 
406 
388 
774 
298 
128 
907 
636 
108 
758 
119 
290 
948 
508 
346 
109 
915 
342 
706 
130 
519 
985 
853 
963 
161 
141 
852 
348 
192 
790 
910 
66 
512 
225 
245 
894 
777 
238 
256 
34 
187 
348 
925 
751 
25 
195 
499 
302 
566 
655 
426 
438 
524 
178 
752 
577 
410 
902 
533 
228 
258 
744 
44 
774 
500 
139 
823 
772 
518 
776 
233 
865 
872 
264 
812 
415 
569 
878 
871 
855 
471 
899 
242 
758 
749 
742 
146 
960 
315 
224 
672 
748 
995 
817 
570 
506 
108 
466 
349 
361 
184 
301 
989 
985 
113 
405 
802 
532 
847 
939 
899 
237 
288 
997 
4 
75 
145 
915 
27 
850 
641 
699 
672 
20 
991 
408 
267 
74 
848 
70 
65 
877 
430 
262 
976 
72 
461 
292 
645 
705 
364 
147 
938 
594 
56 
967 
126 
491 
758 
165 
500 
930 
204 
809 
50 
72 
465 
538 
32 
483 
411 
406 
148 
65 
581 
562 
487 
340 
639 
335 
503 
48 
680 
483 
872 
889 
896 
471 
306 
87 
908 
42 
512 
252 
994 
175 
738 
986 
263 
571 
837 
205 
179 
747 
933 
68 
945 
908 
127 
410 
621 
215 
413 
827 
700 
471 
232 
205 
436 
646 
816 
1000 
945 
382 
553 
439 
555 
642 
84 
601 
657 
266 
726 
675 
846 
279 
714 
247 
240 
628 
313 
602 
16 
100 
451 
619 
289 
260 
331 
122 
541 
764 
797 
602 
372 
720 
221 
426 
631 
472 
53 
846 
439 
273 
834 
505 
321 
195 
371 
992 
563 
593 
860 
87 
47 
679 
116 
368 
780 
782 
148 
292 
574 
871 
76 
536 
42 
486 
880 
719 
683 
478 
66 
815 
733 
420 
943 
472 
341 
102 
380 
894 
390 
951 
34 
232 
414 
103 
88 
460 
749 
145 
765 
790 
486 
210 
611 
171 
540 
306 
3 
727 
581 
480 
900 
690 
846 
601 
438 
103 
704 
11 
10 
150 
79 
491 
196 
301 
66 
933 
38 
451 
154 
447 
320 
554 
304 
460 
140 
256 
979 
23 
432 
845 
191 
500 
283 
838 
740 
312 
743 
661 
506 
528 
354 
282 
990 
392 
214 
485 
534 
690 
219 
241 
602 
160 
441 
937 
144 
899 
804 
896 
679 
574 
547 
264 
116 
529 
361 
199 
950 
847 
264 
618 
312 
742 
996 
793 
572 
1000 
764 
161 
647 
828 
727 
445 
212 
758 
953 
565 
115 
47 
479 
496 
943 
67 
579 
925 
32 
186 
794 
187 
689 
359 
449 
977 
332 
471 
232 
368 
843 
103 
142 
814 
706 
473 
989 
888 
683 
293 
991 
157 
235 
880 
227 
886 
885 
151 
82 
152 
329 
361 
822 
8 
707 
543 
959 
882 
685 
345 
575 
198 
933 
736 
238 
747 
81 
349 
540 
326 
262 
43 
101 
7 
374 
332 
126 
87 
397 
785 
251 
659 
139 
862 
490 
166 
79 
276 
163 
155 
34 
442 
677 
106 
144 
745 
752 
371 
724 
174 
336 
622 
320 
1 
81 
256 
87 
492 
343 
338 
179 
994 
253 
391 
206 
713 
477 
8 
53 
577 
513 
421 
928 
266 
896 
399 
843 
154 
263 
789 
806 
173 
575 
383 
334 
55 
188 
288 
726 
298 
815 
154 
691 
802 
5 
677 
66 
900 
891 
561 
572 
402 
13 
766 
424 
254 
462 
610 
929 
539 
771 
468 
53 
328 
256 
405 
883 
933 
647 
17 
308 
1 
515 
922 
136 
750 
752 
290 
314 
654 
132 
438 
599 
127 
243 
629 
991 
428 
957 
288 
481 
462 
798 
517 
840 
632 
314 
667 
45 
120 
411 
413 
503 
563 
546 
459 
273 
986 
358 
564 
267 
58 
379 
743 
683 
719 
829 
572 
591 
720 
540 
224 
360 
117 
949 
545 
380 
222 
774 
802 
173 
365 
228 
64 
451 
22 
991 
800 
505 
88 
724 
103 
477 
333 
210 
896 
793 
344 
344 
149 
169 
970 
925 
698 
978 
698 
446 
486 
518 
521 
625 
55 
123 
72 
868 
823 
991 
625 
490 
325 
762 
677 
76 
766 
176 
832 
212 
935 
132 
5 
942 
512 
933 
146 
676 
802 
23 
83 
702 
114 
398 
23 
68 
437 
950 
592 
782 
68 
981 
977 
342 
284 
899 
773 
995 
33 
521 
870 
188 
129 
373 
246 
996 
420 
39 
609 
192 
265 
862 
125 
783 
219 
121 
372 
449 
98 
942 
182 
363 
367 
337 
251 
357 
714 
451 
783 
566 
235 
149 
702 
786 
458 
751 
95 
355 
76 
330 
119 
115 
114 
936 
836 
594 
371 
919 
759 
67 
513 
742 
496 
588 
692 
100 
812 
531 
138 
296 
558 
187 
189 
202 
126 
781 
611 
639 
620 
736 
771 
176 
698 
41 
163 
204 
625 
459 
51 
762 
40 
395 
776 
897 
470 
898 
245 
998 
82 
430 
99 
780 
195 
25 
562 
257 
452 
725 
114 
723 
629 
677 
510 
454 
200 
476 
462 
398 
522 
276 
62 
68 
339 
581 
124 
808 
38 
174 
291 
645 
880 
328 
737 
87 
299 
61 
254 
677 
941 
327 
121 
64 
584 
923 
242 
68 
308 
262 
443 
54 
46 
976 
926 
664 
966 
666 
714 
196 
467 
388 
763 
545 
814 
581 
223 
308 
473 
356 
189 
177 
282 
696 
25 
80 
136 
711 
447 
414 
69 
859 
437 
18 
491 
909 
786 
353 
165 
505 
237 
538 
606 
500 
940 
698 
123 
523 
578 
420 
922 
232 
333 
688 
41 
214 
570 
688 
863 
790 
334 
660 
833 
75 
974 
983 
367 
622 
311 
41 
434 
953 
414 
114 
609 
397 
22 
424 
634 
298 
286 
343 
614 
840 
629 
539 
650 
348 
339 
509 
882 
40 
939 
332 
816 
865 
369 
283 
813 
38 
798 
39 
854 
356 
183 
768 
854 
410 
100 
362 
92 
274 
286 
249 
385 
828 
537 
22 
657 
65 
700 
262 
393 
988 
445 
84 
891 
558 
409 
791 
106 
847 
254 
509 
176 
642 
848 
903 
3 
807 
824 
67 
790 
445 
999 
150 
615 
858 
475 
65 
403 
833 
300 
714 
199 
843 
2 
42 
248 
712 
660 
792 
156 
522 
682 
107 
386 
551 
952 
213 
694 
734 
687 
99 
651 
974 
576 
732 
64 
766 
110 
54 
306 
651 
630 
197 
141 
412 
886 
740 
558 
182 
478 
683 
3 
312 
612 
23 
24 
762 
823 
712 
558 
170 
600 
485 
76 
526 
220 
90 
775 
860 
49 
271 
459 
174 
32 
626 
46 
243 
286 
802 
158 
748 
533 
356 
282 
618 
267 
87 
451 
443 
441 
805 
761 
964 
997 
430 
522 
43 
855 
1 
180 
535 
489 
672 
61 
90 
297 
396 
225 
319 
392 
928 
704 
13 
381 
822 
994 
8 
964 
132 
347 
118 
382 
654 
193 
699 
732 
277 
320 
975 
626 
49 
962 
640 
2 
540 
299 
172 
100 
964 
506 
847 
302 
433 
845 
874 
178 
388 
942 
33 
822 
479 
719 
766 
743 
209 
555 
131 
856 
983 
66 
190 
532 
298 
297 
485 
674 
479 
317 
741 
191 
145 
198 
587 
915 
802 
143 
869 
929 
689 
161 
703 
581 
490 
59 
957 
676 
60 
274 
456 
726 
867 
465 
682 
491 
477 
81 
324 
18 
933 
640 
807 
852 
838 
853 
552 
932 
665 
474 
532 
812 
665 
969 
439 
207 
11 
463 
151 
458 
131 
724 
374 
322 
220 
927 
458 
618 
939 
329 
544 
473 
799 
992 
507 
947 
84 
629 
221 
195 
42 
610 
797 
407 
948 
887 
454 
280 
714 
812 
527 
885 
568 
371 
172 
190 
357 
379 
859 
538 
755 
513 
610 
438 
489 
49 
712 
763 
348 
32 
514 
811 
852 
858 
547 
329 
137 
803 
588 
624 
701 
413 
169 
76 
690 
803 
755 
468 
228 
614 
273 
858 
576 
913 
62 
307 
649 
272 
675 
139 
866 
914 
977 
260 
927 
582 
66 
454 
33 
188 
407 
808 
952 
525 
247 
920 
176 
115 
186 
588 
879 
750 
586 
290 
368 
853 
57 
71 
713 
118 
542 
938 
31 
58 
307 
33 
509 
580 
927 
78 
917 
784 
918 
365 
690 
45 
45 
432 
28 
452 
330 
929 
972 
282 
592 
772 
606 
487 
972 
628 
193 
563 
160 
866 
185 
467 
114 
522 
754 
379 
197 
599 
208 
82 
598 
458 
201 
857 
382 
934 
485 
51 
640 
500 
779 
257 
851 
210 
557 
249 
353 
101 
277 
183 
455 
882 
130 
127 
956 
931 
453 
679 
100 
955 
687 
861 
265 
490 
59 
892 
507 
229 
906 
572 
248 
184 
603 
741 
619 
576 
389 
515 
188 
70 
878 
986 
751 
519 
345 
103 
180 
409 
663 
109 
689 
847 
704 
182 
612 
742 
600 
976 
299 
117 
410 
618 
349 
232 
369 
306 
853 
617 
993 
594 
864 
277 
19 
4 
749 
23 
286 
796 
916 
8 
423 
149 
947 
853 
295 
511 
275 
235 
819 
921 
398 
359 
360 
461 
431 
404 
462 
133 
866 
645 
200 
940 
339 
377 
157 
254 
196 
878 
666 
825 
772 
3 
489 
339 
242 
905 
983 
292 
133 
467 
704 
596 
600 
95 
806 
514 
710 
13 
156 
108 
192 
737 
458 
536 
505 
618 
951 
812 
473 
217 
60 
147 
166 
352 
872 
28 
840 
809 
736 
12 
67 
455 
54 
694 
276 
887 
125 
911 
184 
113 
807 
433 
5 
850 
287 
977 
828 
749 
189 
546 
745 
523 
813 
79 
590 
243 
254 
377 
76 
999 
759 
320 
566 
332 
431 
439 
760 
158 
595 
188 
586 
340 
30 
508 
570 
431 
744 
215 
216 
431 
89 
911 
256 
725 
31 
470 
373 
356 
450 
580 
830 
884 
560 
711 
237 
762 
185 
340 
962 
320 
32 
303 
797 
664 
563 
708 
837 
465 
455 
675 
914 
709 
322 
88 
549 
292 
971 
36 
52 
41 
266 
529 
186 
297 
197 
547 
902 
655 
132 
100 
354 
654 
721 
924 
240 
503 
620 
542 
388 
377 
90 
511 
3 
913 
139 
528 
984 
202 
731 
960 
79 
407 
51 
284 
12 
261 
931 
291 
681 
24 
92 
9 
379 
489 
874 
487 
940 
321 
379 
277 
20 
241 
150 
510 
380 
982 
930 
781 
82 
609 
374 
203 
152 
203 
739 
550 
931 
110 
182 
151 
616 
69 
43 
492 
847 
557 
751 
545 
630 
862 
673 
688 
943 
176 
652 
649 
57 
415 
679 
659 
993 
238 
140 
60 
835 
444 
342 
483 
855 
933 
65 
56 
625 
673 
107 
976 
78 
342 
618 
947 
663 
583 
726 
212 
370 
50 
896 
100 
885 
835 
585 
738 
400 
138 
927 
682 
424 
73 
112 
917 
908 
558 
59 
35 
644 
207 
904 
138 
801 
725 
668 
969 
113 
521 
664 
486 
43 
144 
898 
966 
805 
368 
699 
827 
504 
187 
61 
264 
381 
491 
492 
581 
100 
47 
29 
192 
863 
16 
54 
461 
818 
328 
267 
316 
814 
157 
100 
111 
188 
601 
738 
645 
307 
410 
561 
75 
101 
303 
631 
399 
387 
509 
383 
367 
752 
863 
42 
230 
531 
308 
69 
615 
426 
413 
969 
72 
64 
168 
854 
816 
334 
462 
624 
368 
281 
76 
474 
441 
639 
837 
359 
456 
797 
521 
903 
999 
297 
558 
570 
222 
285 
447 
154 
573 
208 
804 
595 
285 
233 
130 
68 
568 
574 
832 
965 
138 
416 
14 
534 
501 
73 
937 
42 
781 
739 
487 
231 
187 
757 
441 
494 
228 
463 
899 
560 
18 
687 
263 
53 
686 
177 
852 
989 
200 
205 
789 
497 
244 
11 
192 
947 
331 
888 
929 
991 
587 
622 
944 
46 
526 
202 
74 
166 
389 
14 
926 
314 
122 
438 
30 
861 
952 
682 
563 
846 
729 
448 
24 
430 
101 
758 
744 
204 
624 
256 
781 
890 
27 
883 
812 
764 
469 
972 
884 
202 
369 
902 
498 
129 
946 
1 
142 
210 
400 
344 
353 
284 
11 
154 
320 
74 
322 
110 
510 
977 
625 
958 
894 
631 
706 
127 
710 
158 
948 
67 
352 
143 
994 
444 
926 
561 
102 
545 
439 
280 
877 
641 
973 
41 
34 
852 
208 
388 
662 
800 
747 
727 
382 
861 
355 
162 
70 
531 
17 
539 
489 
942 
139 
713 
651 
712 
455 
191 
829 
35 
300 
663 
44 
848 
54 
474 
937 
721 
643 
56 
489 
743 
552 
694 
260 
703 
351 
262 
429 
970 
831 
867 
817 
994 
492 
255 
980 
450 
689 
412 
601 
732 
102 
51 
414 
48 
452 
684 
214 
382 
347 
962 
596 
505 
174 
690 
612 
610 
375 
100 
416 
665 
321 
9 
539 
598 
691 
289 
414 
544 
476 
523 
896 
419 
304 
317 
163 
815 
471 
846 
478 
622 
260 
454 
417 
136 
581 
82 
213 
648 
529 
654 
26 
243 
800 
140 
525 
462 
289 
52 
550 
95 
252 
669 
793 
661 
816 
270 
699 
351 
206 
933 
795 
594 
236 
489 
931 
46 
991 
266 
175 
622 
401 
653 
378 
792 
54 
859 
567 
156 
437 
379 
706 
661 
800 
277 
908 
302 
268 
5 
75 
856 
874 
648 
578 
955 
189 
921 
809 
290 
403 
249 
627 
707 
275 
590 
140 
709 
762 
949 
353 
251 
648 
828 
491 
797 
834 
558 
548 
426 
297 
553 
616 
89 
853 
652 
953 
995 
864 
1000 
325 
136 
633 
10 
291 
943 
96 
797 
662 
828 
553 
618 
827 
968 
986 
873 
555 
590 
587 
213 
381 
327 
714 
144 
933 
348 
72 
542 
342 
191 
918 
198 
986 
951 
192 
532 
76 
121 
226 
452 
156 
815 
255 
669 
877 
746 
757 
25 
370 
477 
588 
362 
5 
626 
659 
790 
505 
363 
427 
47 
71 
449 
859 
212 
881 
567 
589 
299 
231 
224 
963 
470 
658 
378 
32 
399 
248 
799 
856 
745 
989 
358 
882 
420 
298 
935 
589 
364 
88 
510 
602 
476 
937 
421 
848 
13 
191 
785 
424 
553 
156 
964 
353 
7 
231 
134 
624 
479 
382 
139 
132 
644 
146 
326 
877 
741 
164 
35 
163 
489 
351 
553 
925 
168 
129 
86 
87 
147 
31 
738 
197 
935 
660 
893 
377 
948 
538 
654 
348 
33 
602 
215 
42 
314 
376 
869 
516 
878 
197 
26 
194 
538 
217 
318 
580 
221 
794 
399 
468 
322 
846 
144 
646 
105 
165 
497 
154 
145 
828 
44 
550 
412 
85 
353 
750 
422 
445 
522 
146 
8 
233 
665 
574 
412 
480 
873 
576 
730 
22 
380 
779 
877 
741 
438 
243 
477 
65 
945 
7 
833 
663 
517 
925 
98 
717 
176 
244 
994 
881 
721 
261 
440 
337 
589 
586 
293 
769 
291 
784 
472 
269 
312 
802 
332 
963 
133 
953 
683 
812 
215 
700 
835 
524 
96 
547 
507 
791 
374 
782 
678 
625 
836 
304 
279 
153 
299 
863 
635 
46 
382 
550 
442 
638 
927 
440 
57 
455 
687 
419 
16 
222 
484 
833 
221 
184 
598 
453 
300 
289 
588 
593 
79 
763 
785 
250 
913 
736 
206 
686 
805 
411 
199 
857 
39 
27 
309 
54 
208 
579 
754 
226 
876 
495 
954 
710 
54 
181 
941 
971 
961 
793 
461 
90 
683 
560 
898 
47 
1 
537 
473 
899 
920 
885 
84 
25 
847 
820 
952 
512 
11 
6 
937 
47 
393 
386 
581 
88 
475 
72 
175 
718 
780 
299 
845 
729 
300 
741 
953 
170 
83 
933 
600 
504 
286 
249 
260 
402 
724 
589 
838 
399 
451 
46 
906 
203 
891 
81 
564 
640 
679 
297 
481 
339 
713 
467 
448 
437 
954 
48 
221 
339 
846 
908 
92 
306 
571 
261 
28 
114 
573 
925 
646 
965 
413 
657 
858 
82 
365 
551 
72 
253 
954 
314 
996 
589 
963 
605 
468 
699 
884 
77 
141 
789 
751 
724 
707 
35 
808 
965 
447 
382 
289 
30 
940 
476 
105 
623 
992 
481 
170 
587 
460 
85 
76 
446 
569 
701 
766 
54 
79 
664 
251 
372 
255 
75 
114 
145 
395 
842 
474 
500 
118 
756 
549 
298 
980 
969 
529 
213 
411 
441 
191 
231 
529 
66 
153 
7 
773 
949 
47 
698 
374 
730 
838 
586 
188 
8 
979 
960 
509 
517 
262 
302 
466 
924 
911 
663 
118 
119 
343 
998 
716 
636 
902 
778 
158 
719 
584 
696 
460 
109 
614 
196 
891 
869 
864 
43 
563 
737 
89 
224 
941 
569 
190 
367 
972 
434 
995 
770 
540 
575 
923 
661 
342 
494 
899 
968 
434 
581 
35 
652 
262 
187 
128 
442 
757 
252 
665 
17 
20 
994 
340 
153 
325 
943 
863 
25 
778 
432 
477 
692 
388 
445 
172 
267 
438 
844 
442 
358 
799 
509 
76 
299 
165 
931 
304 
98 
100 
477 
61 
531 
372 
847 
538 
974 
271 
121 
850 
74 
978 
746 
110 
504 
959 
807 
446 
275 
509 
876 
248 
655 
228 
439 
600 
871 
607 
581 
160 
580 
456 
454 
615 
734 
609 
132 
345 
467 
912 
783 
281 
740 
720 
177 
188 
81 
841 
856 
276 
292 
927 
209 
328 
329 
854 
547 
441 
128 
379 
129 
279 
740 
36 
788 
718 
229 
617 
474 
208 
809 
128 
465 
268 
859 
800 
310 
425 
866 
967 
589 
909 
358 
899 
135 
884 
895 
778 
946 
414 
47 
804 
506 
401 
857 
178 
36 
968 
973 
966 
732 
527 
714 
941 
254 
340 
856 
844 
438 
417 
130 
792 
396 
442 
183 
624 
224 
801 
90 
327 
730 
315 
983 
561 
245 
890 
749 
163 
478 
515 
567 
110 
666 
766 
367 
19 
339 
317 
380 
168 
174 
972 
85 
627 
110 
27 
942 
639 
929 
374 
96 
170 
81 
227 
262 
276 
468 
31 
1 
259 
159 
745 
353 
178 
617 
182 
41 
512 
864 
480 
472 
792 
845 
50 
145 
781 
931 
626 
65 
986 
182 
124 
412 
809 
89 
229 
986 
611 
837 
636 
502 
184 
139 
674 
310 
773 
381 
517 
548 
942 
614 
8 
14 
585 
626 
201 
539 
830 
758 
610 
453 
154 
455 
809 
706 
620 
512 
203 
282 
356 
154 
668 
958 
433 
223 
849 
991 
32 
571 
492 
590 
89 
280 
350 
337 
313 
672 
567 
599 
805 
94 
747 
471 
957 
383 
184 
864 
783 
216 
473 
769 
440 
740 
290 
278 
207 
47 
1 
49 
654 
205 
851 
157 
500 
337 
915 
507 
495 
888 
232 
981 
801 
139 
440 
211 
499 
144 
301 
765 
183 
353 
834 
379 
209 
936 
784 
285 
62 
186 
470 
116 
885 
541 
555 
371 
988 
853 
603 
920 
694 
46 
344 
652 
288 
994 
464 
102 
399 
490 
809 
228 
509 
693 
813 
438 
39 
881 
685 
681 
378 
58 
416 
14 
4 
69 
582 
85 
204 
390 
228 
756 
496 
860 
412 
201 
840 
753 
594 
560 
932 
13 
284 
480 
425 
749 
103 
418 
891 
860 
886 
527 
752 
268 
850 
436 
346 
659 
218 
186 
517 
675 
913 
604 
152 
533 
69 
257 
737 
769 
931 
58 
39 
88 
801 
294 
460 
376 
334 
751 
860 
118 
14 
267 
380 
355 
143 
413 
927 
613 
176 
224 
701 
248 
265 
292 
748 
348 
424 
869 
161 
143 
950 
34 
664 
863 
511 
542 
184 
965 
847 
480 
531 
234 
134 
194 
423 
130 
132 
628 
921 
589 
833 
856 
704 
290 
528 
761 
625 
731 
352 
664 
685 
701 
607 
342 
591 
143 
826 
45 
602 
345 
193 
726 
390 
16 
456 
784 
555 
559 
390 
79 
586 
202 
1000 
276 
214 
897 
401 
702 
566 
206 
846 
162 
300 
206 
470 
67 
782 
584 
216 
829 
438 
27 
196 
401 
876 
786 
38 
566 
967 
25 
485 
588 
792 
126 
586 
854 
115 
668 
19 
911 
859 
227 
809 
786 
10 
765 
352 
619 
186 
282 
119 
96 
135 
562 
638 
345 
852 
987 
331 
7 
214 
637 
757 
311 
123 
685 
682 
870 
44 
570 
174 
623 
674 
698 
134 
497 
469 
950 
235 
116 
811 
415 
49 
429 
115 
444 
276 
21 
851 
44 
429 
898 
742 
892 
608 
232 
768 
76 
225 
864 
830 
227 
18 
282 
820 
598 
521 
571 
890 
559 
31 
115 
835 
4 
278 
686 
437 
600 
455 
401 
88 
561 
132 
121 
390 
444 
236 
574 
950 
6 
69 
453 
803 
916 
171 
74 
778 
867 
575 
638 
59 
400 
158 
277 
62 
513 
600 
533 
884 
291 
916 
165 
849 
18 
350 
608 
802 
195 
116 
531 
59 
837 
729 
397 
189 
128 
670 
472 
293 
674 
71 
228 
280 
13 
202 
326 
33 
1 
532 
738 
102 
524 
324 
682 
303 
399 
553 
15 
866 
120 
601 
993 
632 
340 
938 
86 
336 
805 
373 
522 
134 
235 
367 
364 
508 
94 
233 
896 
977 
829 
195 
565 
633 
955 
694 
557 
119 
322 
107 
176 
173 
3 
364 
106 
543 
274 
930 
170 
396 
350 
48 
914 
46 
41 
735 
493 
460 
170 
205 
798 
29 
870 
884 
426 
67 
3 
727 
43 
664 
826 
489 
294 
973 
610 
279 
83 
181 
575 
668 
613 
590 
80 
788 
129 
279 
522 
175 
761 
182 
328 
220 
980 
856 
921 
907 
182 
739 
938 
254 
960 
161 
391 
660 
623 
563 
191 
912 
415 
527 
395 
568 
218 
162 
975 
38 
8 
446 
101 
974 
533 
366 
3 
857 
873 
203 
256 
923 
33 
998 
472 
26 
165 
968 
809 
214 
317 
455 
375 
764 
873 
192 
236 
391 
666 
413 
832 
96 
174 
208 
175 
870 
903 
675 
58 
440 
196 
852 
338 
645 
817 
693 
310 
272 
589 
191 
254 
975 
934 
743 
925 
627 
437 
121 
632 
89 
4 
336 
168 
311 
455 
105 
744 
309 
639 
859 
348 
581 
471 
73 
957 
89 
952 
962 
285 
486 
696 
909 
321 
33 
250 
161 
52 
160 
99 
403 
922 
50 
865 
67 
339 
124 
798 
620 
629 
665 
775 
86 
853 
16 
737 
428 
987 
224 
751 
618 
861 
54 
71 
194 
206 
269 
458 
282 
47 
548 
836 
18 
474 
229 
454 
453 
80 
829 
2 
945 
775 
787 
297 
158 
367 
45 
758 
194 
842 
248 
259 
846 
475 
691 
862 
187 
720 
571 
998 
334 
155 
953 
856 
99 
858 
207 
724 
521 
657 
821 
683 
23 
206 
819 
292 
475 
256 
244 
864 
804 
910 
161 
206 
506 
713 
162 
103 
362 
909 
405 
686 
542 
703 
119 
464 
537 
550 
787 
687 
704 
899 
177 
334 
456 
627 
391 
508 
381 
952 
493 
913 
567 
483 
149 
756 
849 
635 
951 
9 
862 
756 
42 
796 
520 
605 
544 
619 
493 
622 
535 
16 
339 
677 
421 
939 
894 
20 
458 
387 
985 
48 
934 
181 
923 
699 
833 
14 
907 
351 
224 
13 
677 
156 
106 
193 
87 
309 
73 
346 
343 
285 
613 
900 
439 
934 
923 
266 
314 
468 
658 
643 
616 
331 
946 
248 
25 
223 
195 
643 
660 
276 
800 
83 
145 
828 
144 
101 
552 
253 
112 
701 
724 
119 
992 
125 
368 
610 
954 
15 
79 
858 
547 
732 
735 
881 
145 
73 
609 
75 
475 
862 
784 
683 
144 
218 
43 
79 
901 
263 
765 
760 
223 
775 
701 
973 
729 
966 
635 
390 
95 
667 
937 
149 
987 
64 
581 
135 
985 
594 
675 
9 
848 
871 
130 
650 
204 
898 
3 
323 
945 
335 
750 
870 
511 
919 
526 
712 
65 
858 
416 
464 
962 
508 
997 
264 
47 
72 
279 
436 
791 
946 
453 
519 
1 
763 
394 
210 
208 
14 
269 
474 
596 
760 
19 
913 
524 
249 
302 
233 
729 
562 
142 
9 
468 
406 
615 
820 
911 
746 
684 
792 
613 
959 
903 
235 
249 
223 
406 
880 
139 
463 
75 
915 
295 
508 
983 
189 
536 
149 
272 
405 
325 
152 
457 
316 
647 
843 
222 
116 
96 
309 
627 
831 
277 
921 
64 
537 
197 
414 
435 
746 
10 
197 
779 
839 
655 
300 
839 
632 
449 
118 
771 
611 
657 
792 
650 
840 
977 
126 
858 
475 
67 
107 
272 
636 
222 
929 
550 
961 
111 
616 
80 
638 
804 
80 
304 
681 
157 
148 
628 
71 
312 
328 
662 
242 
174 
904 
989 
340 
539 
681 
993 
385 
908 
118 
28 
796 
222 
186 
822 
310 
456 
80 
854 
512 
267 
365 
352 
283 
267 
513 
786 
352 
298 
928 
932 
980 
914 
162 
233 
23 
983 
999 
293 
505 
343 
382 
526 
59 
134 
959 
613 
613 
389 
371 
970 
339 
105 
300 
418 
822 
432 
719 
478 
699 
128 
704 
705 
180 
613 
866 
991 
479 
922 
533 
570 
415 
820 
640 
61 
260 
756 
841 
399 
449 
58 
226 
877 
680 
966 
165 
250 
338 
694 
502 
512 
724 
448 
410 
113 
608 
796 
219 
745 
831 
29 
270 
901 
231 
489 
285 
389 
2 
747 
879 
65 
61 
817 
356 
797 
780 
581 
70 
923 
810 
989 
864 
69 
105 
230 
868 
387 
564 
615 
215 
934 
118 
585 
775 
685 
348 
57 
774 
158 
711 
832 
630 
762 
567 
463 
363 
655 
543 
823 
644 
734 
301 
590 
250 
466 
955 
246 
10 
865 
811 
221 
890 
782 
671 
832 
118 
619 
335 
122 
451 
1 
522 
105 
670 
1000 
190 
78 
444 
730 
568 
747 
735 
184 
72 
121 
562 
263 
414 
881 
536 
479 
924 
331 
216 
286 
107 
135 
470 
935 
260 
532 
30 
728 
415 
982 
157 
969 
26 
797 
629 
684 
114 
868 
112 
317 
557 
573 
369 
361 
163 
482 
184 
620 
754 
56 
858 
252 
773 
484 
738 
48 
926 
403 
874 
138 
564 
149 
527 
470 
159 
26 
584 
32 
563 
354 
658 
520 
27 
892 
751 
953 
44 
631 
479 
973 
76 
487 
517 
294 
160 
17 
50 
347 
260 
633 
179 
241 
21 
142 
474 
25 
380 
912 
169 
957 
332 
528 
581 
170 
817 
727 
849 
433 
740 
587 
21 
328 
6 
586 
64 
251 
676 
671 
477 
11 
702 
529 
6 
591 
656 
152 
475 
999 
197 
199 
626 
580 
464 
2 
245 
524 
321 
383 
408 
8 
984 
978 
832 
8 
853 
953 
964 
191 
990 
480 
232 
980 
450 
917 
598 
271 
785 
108 
539 
145 
783 
361 
980 
858 
7 
455 
648 
544 
11 
415 
984 
760 
1000 
352 
969 
194 
748 
188 
952 
462 
935 
127 
419 
826 
974 
21 
88 
371 
674 
512 
51 
874 
713 
944 
984 
590 
464 
592 
676 
743 
881 
544 
602 
500 
248 
322 
148 
327 
833 
508 
229 
461 
410 
434 
557 
772 
665 
74 
180 
689 
11 
161 
292 
11 
220 
446 
880 
647 
712 
862 
882 
551 
518 
2 
792 
204 
397 
551 
206 
598 
773 
470 
297 
363 
382 
889 
295 
783 
863 
722 
925 
177 
498 
242 
167 
784 
768 
148 
316 
639 
46 
144 
463 
749 
57 
939 
244 
569 
828 
96 
455 
306 
615 
536 
36 
618 
120 
352 
842 
172 
572 
7 
973 
409 
238 
111 
926 
39 
81 
555 
433 
11 
867 
411 
777 
82 
600 
719 
518 
367 
11 
730 
635 
407 
864 
977 
851 
978 
18 
811 
756 
250 
518 
851 
680 
915 
237 
558 
805 
447 
680 
189 
753 
696 
145 
92 
470 
650 
39 
514 
596 
639 
295 
711 
337 
1 
656 
149 
405 
971 
751 
288 
92 
566 
701 
761 
553 
780 
77 
928 
854 
924 
411 
929 
621 
602 
702 
104 
407 
315 
900 
856 
772 
279 
303 
281 
285 
553 
28 
623 
142 
885 
140 
640 
560 
58 
192 
504 
806 
133 
289 
948 
87 
559 
946 
67 
915 
570 
318 
108 
97 
666 
8 
497 
513 
1 
623 
131 
980 
151 
301 
339 
499 
410 
907 
398 
874 
508 
171 
637 
294 
958 
709 
687 
516 
3 
24 
59 
31 
990 
677 
518 
617 
326 
202 
831 
70 
755 
740 
462 
434 
568 
878 
725 
153 
75 
45 
252 
693 
127 
89 
178 
359 
242 
621 
420 
34 
468 
339 
915 
493 
210 
691 
566 
764 
104 
978 
799 
356 
360 
920 
937 
543 
651 
764 
361 
999 
572 
965 
940 
989 
6 
547 
995 
631 
343 
16 
484 
355 
298 
426 
357 
26 
866 
994 
76 
93 
144 
374 
763 
307 
178 
410 
620 
257 
4 
585 
135 
852 
809 
462 
9 
508 
41 
571 
650 
33 
156 
48 
588 
636 
483 
850 
245 
247 
870 
809 
159 
892 
6 
43 
961 
910 
375 
359 
394 
994 
150 
750 
518 
149 
851 
114 
47 
619 
757 
291 
441 
148 
718 
521 
760 
695 
950 
348 
766 
160 
223 
55 
875 
511 
360 
43 
480 
90 
951 
735 
799 
328 
94 
551 
377 
606 
618 
254 
415 
134 
518 
48 
378 
63 
228 
846 
1 
414 
68 
485 
652 
171 
691 
575 
526 
28 
176 
583 
827 
209 
550 
318 
646 
125 
871 
346 
589 
677 
969 
606 
24 
842 
586 
122 
689 
406 
569 
169 
399 
311 
689 
246 
286 
900 
377 
971 
244 
827 
311 
148 
487 
854 
695 
306 
799 
122 
563 
364 
335 
976 
129 
463 
726 
309 
486 
905 
311 
40 
474 
409 
132 
180 
253 
788 
38 
723 
564 
316 
215 
678 
192 
256 
293 
894 
986 
291 
521 
888 
794 
376 
659 
514 
584 
6 
628 
952 
400 
727 
215 
86 
454 
86 
406 
458 
11 
142 
732 
270 
16 
829 
204 
380 
181 
114 
878 
971 
51 
9 
323 
817 
475 
212 
550 
791 
735 
53 
70 
808 
882 
711 
243 
573 
172 
601 
274 
563 
324 
927 
310 
680 
598 
177 
56 
984 
309 
621 
5 
281 
880 
841 
23 
739 
323 
3 
325 
553 
826 
503 
935 
868 
97 
720 
513 
851 
242 
943 
101 
92 
477 
974 
50 
36 
577 
421 
326 
573 
330 
789 
767 
622 
962 
791 
596 
836 
193 
209 
243 
966 
233 
350 
333 
552 
646 
745 
845 
333 
537 
334 
922 
52 
410 
916 
337 
861 
689 
677 
380 
573 
73 
464 
650 
8 
704 
486 
253 
31 
880 
240 
36 
204 
142 
93 
611 
832 
787 
483 
190 
70 
62 
38 
667 
519 
711 
52 
694 
242 
741 
877 
571 
414 
757 
979 
211 
863 
353 
8 
165 
608 
22 
20 
326 
597 
512 
889 
772 
138 
94 
161 
723 
707 
19 
442 
306 
688 
473 
642 
66 
228 
455 
585 
63 
589 
522 
608 
440 
154 
527 
39 
916 
826 
305 
516 
247 
422 
655 
640 
876 
916 
841 
219 
982 
373 
36 
686 
133 
479 
782 
206 
879 
979 
965 
185 
446 
559 
855 
435 
559 
678 
221 
51 
759 
644 
425 
990 
309 
249 
428 
857 
417 
125 
708 
634 
666 
583 
591 
974 
215 
100 
28 
589 
545 
801 
876 
891 
692 
430 
243 
722 
699 
255 
829 
66 
479 
786 
605 
346 
573 
818 
954 
140 
816 
213 
473 
442 
73 
15 
138 
658 
980 
964 
38 
449 
67 
186 
605 
132 
703 
743 
142 
876 
306 
143 
440 
989 
772 
281 
986 
871 
231 
849 
682 
837 
479 
252 
978 
646 
428 
107 
577 
749 
53 
815 
835 
651 
516 
885 
689 
762 
587 
261 
245 
396 
229 
947 
408 
69 
871 
838 
845 
723 
588 
985 
323 
167 
496 
623 
185 
425 
344 
885 
969 
615 
419 
567 
383 
75 
636 
526 
355 
294 
730 
514 
145 
768 
709 
454 
692 
670 
484 
985 
621 
234 
987 
429 
989 
1000 
30 
333 
52 
707 
184 
296 
94 
146 
671 
156 
832 
949 
114 
910 
565 
877 
651 
471 
854 
188 
382 
884 
178 
236 
962 
570 
862 
801 
58 
39 
477 
489 
486 
123 
26 
392 
988 
596 
18 
374 
304 
174 
627 
940 
994 
541 
613 
420 
38 
802 
952 
370 
14 
833 
152 
958 
190 
185 
596 
948 
827 
731 
945 
628 
536 
197 
390 
993 
825 
808 
869 
546 
293 
296 
776 
198 
616 
169 
993 
264 
202 
340 
20 
809 
779 
11 
280 
666 
89 
281 
575 
534 
984 
276 
924 
440 
106 
941 
694 
862 
553 
126 
842 
110 
413 
310 
120 
12 
102 
201 
696 
716 
170 
334 
23 
210 
253 
687 
324 
363 
471 
80 
745 
43 
76 
147 
146 
502 
968 
801 
898 
669 
194 
388 
526 
139 
592 
832 
684 
830 
129 
377 
550 
675 
236 
689 
868 
688 
432 
634 
733 
56 
567 
154 
145 
40 
490 
815 
217 
775 
85 
671 
346 
861 
220 
44 
18 
46 
333 
390 
384 
432 
551 
174 
213 
901 
872 
183 
793 
569 
915 
318 
11 
865 
452 
399 
237 
367 
109 
959 
289 
170 
227 
68 
476 
996 
371 
756 
534 
932 
814 
272 
667 
141 
705 
930 
63 
627 
163 
803 
414 
547 
681 
561 
245 
783 
124 
793 
923 
562 
488 
26 
841 
329 
370 
460 
30 
142 
643 
520 
642 
872 
746 
219 
671 
272 
287 
415 
233 
878 
481 
100 
59 
132 
277 
587 
909 
147 
971 
750 
763 
139 
8 
998 
90 
483 
886 
520 
148 
316 
989 
68 
689 
746 
472 
189 
458 
82 
447 
800 
73 
740 
44 
252 
670 
960 
735 
755 
701 
235 
293 
258 
985 
272 
593 
46 
47 
698 
152 
768 
685 
681 
346 
989 
422 
823 
142 
13 
19 
405 
220 
616 
310 
896 
142 
759 
224 
792 
19 
251 
642 
480 
872 
256 
17 
200 
859 
486 
597 
919 
263 
890 
623 
264 
141 
877 
518 
963 
172 
310 
786 
437 
566 
682 
621 
897 
999 
832 
544 
749 
821 
763 
362 
932 
748 
602 
80 
391 
981 
571 
20 
681 
834 
490 
807 
836 
296 
620 
729 
150 
880 
222 
981 
795 
546 
870 
961 
519 
422 
646 
616 
407 
383 
989 
67 
396 
276 
888 
649 
381 
989 
492 
747 
109 
272 
346 
600 
228 
432 
859 
442 
54 
821 
956 
500 
293 
651 
547 
109 
752 
946 
557 
310 
950 
988 
475 
528 
220 
548 
569 
2 
361 
332 
681 
497 
78 
498 
169 
677 
601 
6 
798 
625 
827 
695 
141 
141 
911 
992 
55 
913 
602 
409 
243 
362 
150 
261 
545 
738 
310 
721 
670 
544 
944 
805 
5 
109 
149 
7 
116 
501 
791 
33 
208 
784 
409 
491 
728 
956 
728 
114 
13 
695 
985 
536 
989 
43 
433 
739 
410 
39 
811 
241 
548 
712 
343 
47 
204 
816 
44 
26 
315 
746 
435 
31 
503 
731 
545 
71 
238 
513 
929 
733 
943 
961 
708 
454 
202 
574 
14 
584 
877 
977 
175 
330 
614 
607 
34 
342 
281 
110 
378 
492 
124 
691 
928 
345 
110 
79 
649 
742 
103 
357 
969 
602 
710 
579 
551 
424 
206 
953 
656 
979 
310 
494 
189 
113 
14 
53 
274 
189 
420 
325 
677 
389 
23 
424 
491 
891 
727 
141 
686 
967 
839 
514 
296 
18 
476 
894 
843 
51 
560 
328 
414 
451 
229 
130 
19 
934 
117 
175 
913 
258 
814 
876 
722 
726 
333 
963 
840 
916 
130 
176 
26 
817 
798 
970 
825 
452 
168 
64 
919 
557 
924 
841 
885 
844 
18 
124 
601 
19 
413 
332 
435 
750 
364 
999 
27 
899 
757 
886 
685 
111 
960 
327 
400 
661 
932 
109 
132 
202 
317 
741 
589 
252 
301 
869 
302 
275 
539 
362 
759 
511 
927 
684 
189 
613 
44 
436 
218 
574 
514 
794 
323 
967 
223 
494 
618 
368 
55 
995 
504 
445 
525 
732 
923 
424 
22 
527 
187 
158 
264 
498 
115 
584 
43 
410 
222 
87 
144 
301 
402 
182 
160 
890 
447 
468 
264 
104 
507 
187 
365 
652 
954 
965 
148 
716 
433 
854 
575 
584 
172 
474 
973 
269 
453 
124 
881 
694 
298 
22 
31 
793 
414 
240 
991 
395 
759 
544 
437 
976 
288 
111 
396 
12 
977 
973 
96 
399 
865 
987 
751 
612 
893 
489 
941 
536 
124 
302 
316 
854 
182 
666 
816 
52 
514 
637 
35 
911 
509 
12 
720 
489 
939 
531 
525 
221 
958 
632 
619 
864 
564 
23 
988 
331 
207 
230 
878 
418 
583 
57 
190 
7 
765 
164 
941 
703 
353 
169 
988 
629 
563 
390 
766 
322 
735 
408 
88 
211 
154 
816 
121 
633 
623 
392 
889 
154 
66 
26 
588 
90 
642 
926 
323 
487 
947 
640 
141 
152 
385 
992 
594 
32 
356 
731 
270 
586 
101 
862 
776 
792 
369 
133 
734 
137 
929 
357 
976 
302 
73 
472 
77 
935 
935 
662 
46 
535 
891 
206 
763 
627 
725 
779 
733 
964 
558 
280 
991 
517 
384 
437 
221 
255 
793 
753 
73 
490 
200 
659 
787 
272 
100 
838 
199 
132 
220 
540 
252 
260 
811 
118 
866 
285 
481 
83 
938 
494 
792 
501 
409 
279 
777 
626 
739 
623 
117 
415 
948 
514 
39 
371 
839 
723 
292 
709 
321 
660 
819 
208 
554 
463 
31 
382 
251 
166 
28 
657 
340 
672 
71 
486 
253 
721 
273 
487 
66 
233 
445 
473 
838 
36 
521 
225 
541 
281 
392 
418 
477 
141 
228 
688 
855 
303 
767 
504 
680 
86 
69 
706 
512 
983 
463 
705 
795 
201 
265 
341 
351 
456 
33 
430 
825 
986 
970 
305 
794 
51 
632 
144 
431 
918 
516 
762 
759 
30 
345 
357 
575 
941 
681 
100 
250 
5 
12 
370 
115 
315 
551 
674 
159 
81 
431 
341 
279 
104 
379 
520 
156 
643 
867 
31 
100 
428 
152 
325 
745 
377 
332 
128 
82 
796 
503 
256 
430 
671 
610 
736 
333 
725 
874 
893 
37 
637 
610 
119 
50 
679 
390 
743 
780 
478 
153 
75 
586 
787 
212 
646 
132 
536 
952 
38 
318 
590 
803 
966 
831 
720 
404 
755 
673 
974 
316 
510 
449 
708 
281 
258 
332 
786 
816 
809 
331 
258 
708 
422 
56 
69 
207 
292 
691 
778 
556 
569 
827 
22 
3 
68 
777 
20 
310 
17 
805 
828 
232 
18 
59 
906 
519 
603 
112 
379 
495 
737 
119 
976 
356 
532 
482 
495 
433 
55 
686 
942 
261 
333 
109 
340 
559 
686 
474 
834 
19 
451 
625 
33 
442 
842 
702 
988 
527 
726 
447 
946 
50 
658 
795 
240 
438 
378 
677 
616 
110 
983 
408 
679 
793 
95 
560 
644 
165 
501 
330 
720 
401 
121 
857 
379 
142 
241 
892 
163 
109 
377 
14 
474 
420 
72 
461 
972 
630 
539 
876 
912 
850 
360 
273 
121 
167 
680 
792 
442 
44 
827 
748 
458 
984 
284 
332 
394 
223 
210 
114 
64 
747 
262 
642 
719 
25 
276 
289 
202 
271 
237 
237 
95 
533 
13 
390 
110 
716 
870 
58 
95 
307 
189 
68 
62 
578 
680 
795 
722 
959 
413 
368 
26 
945 
22 
38 
478 
745 
846 
623 
514 
31 
183 
57 
66 
257 
589 
229 
379 
813 
261 
912 
273 
396 
222 
992 
430 
80 
380 
569 
482 
157 
747 
51 
689 
929 
571 
277 
350 
610 
253 
87 
82 
151 
904 
691 
183 
120 
69 
484 
613 
91 
932 
811 
152 
267 
512 
284 
824 
40 
558 
371 
662 
881 
491 
371 
185 
111 
91 
93 
182 
244 
445 
341 
678 
305 
554 
288 
692 
609 
100 
308 
360 
174 
617 
118 
992 
331 
309 
624 
298 
730 
84 
258 
125 
49 
473 
197 
849 
892 
995 
401 
574 
609 
292 
684 
546 
886 
105 
788 
184 
657 
586 
483 
748 
381 
901 
144 
58 
208 
5 
980 
101 
802 
230 
330 
539 
62 
299 
729 
393 
664 
449 
