1 
190 
434 
898 
35 
358 
54 
278 
279 
840 
719 
19 
598 
37 
63 
31 
263 
6 
719 
82 
799 
294 
117 
830 
633 
27 
122 
231 
795 
322 
782 
448 
448 
54 
393 
592 
192 
435 
978 
677 
416 
957 
365 
429 
226 
91 
190 
722 
470 
844 
457 
945 
396 
475 
663 
255 
967 
752 
779 
73 
769 
4 
15 
572 
967 
985 
456 
120 
872 
93 
1 
720 
479 
790 
31 
913 
855 
58 
446 
465 
591 
179 
15 
297 
683 
186 
393 
371 
999 
731 
387 
543 
644 
12 
121 
632 
786 
622 
463 
794 
40 
921 
501 
277 
231 
90 
535 
35 
37 
997 
890 
418 
64 
736 
178 
623 
242 
345 
349 
188 
120 
474 
3 
791 
27 
339 
848 
401 
282 
568 
727 
227 
224 
283 
724 
729 
1000 
219 
114 
631 
119 
890 
67 
220 
959 
778 
209 
79 
426 
972 
912 
904 
180 
319 
572 
186 
181 
226 
172 
536 
417 
942 
732 
326 
29 
761 
821 
209 
871 
782 
189 
724 
122 
246 
89 
677 
428 
196 
493 
890 
640 
883 
549 
833 
227 
350 
280 
779 
422 
666 
929 
5 
136 
568 
434 
907 
881 
192 
851 
584 
298 
324 
969 
888 
644 
506 
41 
13 
141 
791 
98 
703 
853 
380 
686 
351 
531 
333 
405 
18 
725 
25 
910 
80 
347 
973 
257 
284 
319 
797 
678 
734 
49 
204 
878 
974 
351 
868 
564 
13 
714 
852 
920 
544 
676 
343 
998 
230 
188 
163 
1 
1 
471 
375 
572 
800 
285 
282 
330 
611 
337 
593 
126 
106 
451 
187 
347 
347 
104 
731 
883 
871 
734 
463 
304 
495 
479 
494 
811 
490 
308 
10 
304 
959 
409 
573 
199 
753 
137 
274 
592 
238 
970 
437 
388 
138 
359 
196 
312 
518 
312 
428 
260 
193 
67 
132 
374 
571 
319 
165 
448 
26 
63 
116 
595 
326 
211 
245 
964 
665 
559 
68 
399 
565 
197 
29 
553 
116 
17 
831 
441 
688 
741 
870 
941 
729 
484 
100 
687 
430 
265 
273 
13 
377 
361 
865 
903 
853 
577 
903 
16 
245 
762 
145 
967 
224 
261 
627 
46 
22 
594 
14 
473 
211 
52 
800 
457 
926 
415 
628 
308 
891 
567 
22 
244 
334 
335 
845 
107 
425 
979 
311 
485 
430 
263 
3 
990 
103 
248 
765 
492 
415 
844 
5 
110 
17 
82 
49 
733 
351 
724 
182 
241 
338 
42 
486 
565 
692 
292 
552 
8 
142 
20 
477 
361 
65 
88 
243 
368 
523 
59 
945 
895 
19 
869 
224 
499 
604 
311 
99 
283 
599 
68 
968 
47 
2 
656 
30 
705 
975 
97 
399 
279 
39 
38 
174 
934 
297 
644 
159 
148 
180 
62 
887 
657 
614 
937 
441 
425 
815 
558 
753 
411 
444 
309 
882 
451 
253 
164 
339 
159 
54 
5 
273 
134 
834 
107 
295 
700 
610 
176 
934 
31 
103 
986 
463 
839 
422 
664 
462 
1000 
420 
265 
284 
436 
39 
381 
363 
76 
229 
164 
691 
370 
388 
229 
253 
410 
242 
54 
246 
178 
875 
961 
171 
791 
17 
125 
364 
992 
63 
857 
18 
468 
80 
860 
944 
921 
594 
867 
408 
330 
264 
693 
852 
914 
432 
88 
176 
27 
242 
17 
144 
622 
684 
814 
590 
347 
98 
692 
439 
611 
319 
732 
842 
145 
669 
43 
890 
762 
402 
108 
809 
932 
507 
144 
353 
534 
28 
259 
673 
409 
343 
451 
717 
104 
901 
386 
519 
979 
3 
456 
251 
817 
294 
910 
195 
520 
868 
263 
145 
78 
636 
513 
8 
587 
606 
373 
595 
534 
190 
51 
46 
230 
458 
75 
18 
827 
361 
329 
117 
319 
333 
987 
447 
343 
707 
321 
386 
844 
925 
667 
944 
864 
36 
24 
33 
429 
121 
580 
595 
385 
39 
830 
766 
969 
919 
643 
682 
555 
221 
995 
204 
921 
834 
301 
563 
46 
92 
241 
866 
577 
234 
45 
627 
152 
130 
18 
22 
74 
657 
16 
270 
395 
317 
22 
304 
263 
632 
82 
207 
808 
363 
711 
112 
256 
27 
302 
448 
347 
99 
119 
818 
828 
830 
5 
599 
803 
138 
368 
18 
978 
245 
941 
94 
471 
33 
317 
256 
131 
56 
154 
257 
988 
90 
117 
856 
226 
2 
383 
33 
60 
22 
575 
38 
412 
147 
718 
60 
131 
154 
842 
469 
12 
967 
224 
314 
775 
968 
950 
341 
36 
479 
145 
486 
326 
32 
849 
391 
790 
131 
492 
806 
283 
576 
28 
381 
212 
756 
425 
226 
4 
843 
476 
661 
483 
883 
6 
175 
797 
325 
845 
148 
456 
135 
856 
629 
523 
438 
615 
598 
66 
92 
964 
325 
160 
937 
675 
980 
681 
540 
246 
242 
69 
222 
922 
712 
719 
815 
787 
226 
548 
72 
561 
752 
804 
760 
464 
263 
91 
33 
537 
22 
668 
480 
686 
114 
732 
556 
26 
853 
805 
103 
420 
712 
614 
299 
408 
358 
709 
92 
340 
708 
663 
119 
244 
797 
129 
270 
76 
558 
706 
463 
197 
749 
707 
967 
158 
705 
717 
295 
173 
98 
211 
945 
337 
397 
736 
941 
185 
283 
778 
670 
663 
517 
826 
93 
997 
960 
879 
1000 
403 
836 
530 
217 
152 
103 
932 
777 
398 
909 
604 
316 
186 
312 
617 
96 
854 
112 
836 
683 
716 
136 
828 
221 
262 
989 
316 
764 
640 
573 
515 
697 
8 
950 
204 
217 
214 
527 
704 
659 
733 
606 
307 
214 
511 
255 
651 
562 
213 
139 
5 
807 
715 
15 
629 
452 
510 
604 
177 
196 
56 
897 
703 
235 
434 
254 
10 
518 
74 
505 
794 
575 
13 
358 
623 
384 
914 
695 
58 
93 
325 
81 
600 
811 
618 
514 
283 
659 
839 
118 
685 
909 
183 
864 
771 
58 
865 
129 
418 
674 
189 
143 
252 
604 
105 
240 
956 
18 
809 
309 
921 
23 
483 
359 
120 
612 
607 
242 
381 
211 
640 
37 
250 
581 
686 
859 
800 
479 
882 
165 
795 
610 
908 
603 
26 
39 
569 
829 
248 
408 
857 
130 
180 
416 
726 
312 
248 
610 
139 
175 
616 
264 
738 
690 
256 
162 
1 
273 
185 
888 
94 
34 
645 
653 
689 
245 
97 
72 
410 
485 
859 
274 
122 
751 
982 
126 
35 
302 
969 
86 
747 
840 
297 
326 
955 
470 
870 
410 
885 
943 
182 
905 
658 
355 
6 
491 
58 
902 
208 
92 
200 
186 
584 
2 
235 
4 
27 
167 
765 
259 
481 
726 
737 
599 
407 
176 
377 
220 
322 
638 
22 
145 
296 
667 
485 
358 
254 
104 
644 
237 
512 
260 
367 
264 
769 
726 
102 
623 
846 
319 
606 
512 
639 
491 
453 
261 
36 
92 
997 
422 
174 
251 
817 
471 
347 
838 
35 
827 
146 
456 
956 
514 
438 
348 
491 
712 
336 
825 
452 
164 
96 
656 
776 
315 
159 
510 
316 
17 
418 
160 
746 
232 
632 
716 
350 
599 
17 
792 
498 
742 
380 
600 
705 
187 
626 
858 
669 
646 
104 
90 
478 
628 
984 
568 
210 
842 
647 
639 
489 
803 
180 
411 
238 
478 
426 
156 
652 
562 
150 
180 
696 
193 
447 
180 
325 
423 
89 
899 
910 
390 
315 
288 
105 
651 
228 
170 
549 
863 
51 
73 
595 
207 
532 
375 
756 
134 
233 
63 
967 
557 
790 
33 
149 
937 
681 
263 
606 
397 
354 
118 
365 
376 
1 
872 
781 
836 
22 
12 
702 
663 
516 
151 
600 
177 
231 
213 
441 
26 
968 
335 
210 
73 
703 
171 
875 
201 
112 
48 
960 
726 
105 
670 
137 
528 
622 
788 
591 
927 
559 
525 
618 
874 
209 
308 
564 
922 
307 
761 
831 
919 
707 
16 
376 
756 
965 
200 
898 
298 
484 
779 
401 
33 
538 
305 
558 
475 
355 
778 
497 
365 
98 
193 
526 
1 
183 
633 
931 
981 
31 
570 
660 
202 
756 
727 
633 
67 
894 
455 
513 
906 
1000 
998 
404 
641 
522 
318 
137 
48 
425 
323 
96 
12 
417 
149 
975 
526 
65 
218 
147 
24 
414 
90 
606 
278 
86 
629 
702 
601 
215 
409 
246 
764 
111 
66 
986 
160 
817 
159 
435 
44 
171 
627 
24 
264 
154 
814 
85 
381 
697 
677 
702 
113 
108 
801 
154 
585 
290 
78 
692 
33 
937 
73 
939 
153 
981 
57 
317 
182 
938 
71 
865 
800 
852 
661 
993 
57 
177 
633 
300 
250 
235 
934 
896 
241 
204 
493 
933 
132 
646 
76 
818 
876 
918 
491 
902 
831 
678 
317 
722 
441 
561 
266 
363 
287 
560 
258 
296 
807 
253 
3 
273 
277 
316 
258 
270 
16 
581 
919 
576 
125 
688 
865 
220 
227 
858 
716 
244 
327 
262 
15 
253 
151 
667 
74 
911 
412 
24 
31 
725 
725 
789 
54 
266 
968 
561 
845 
108 
56 
931 
429 
601 
266 
12 
712 
592 
919 
4 
532 
888 
735 
627 
423 
388 
618 
812 
337 
771 
27 
26 
121 
766 
490 
453 
547 
290 
436 
171 
215 
590 
232 
289 
890 
35 
247 
819 
779 
33 
256 
80 
964 
206 
604 
549 
651 
248 
578 
710 
208 
139 
41 
608 
100 
49 
978 
503 
428 
851 
240 
586 
2 
933 
137 
570 
891 
640 
252 
964 
163 
47 
904 
497 
361 
138 
431 
847 
407 
491 
57 
716 
645 
262 
69 
438 
762 
649 
442 
388 
996 
446 
699 
528 
413 
980 
456 
826 
208 
911 
140 
284 
672 
3 
831 
753 
510 
186 
939 
49 
598 
65 
299 
939 
454 
687 
34 
17 
700 
925 
306 
377 
130 
749 
57 
110 
479 
467 
336 
60 
719 
90 
987 
464 
1000 
295 
419 
864 
299 
785 
264 
563 
492 
955 
783 
326 
756 
258 
763 
340 
55 
694 
450 
544 
392 
240 
609 
22 
884 
147 
256 
21 
572 
704 
46 
925 
414 
515 
440 
885 
773 
410 
324 
347 
245 
774 
478 
626 
533 
297 
888 
482 
763 
21 
937 
63 
781 
249 
521 
10 
139 
809 
152 
51 
92 
67 
719 
954 
736 
778 
71 
856 
318 
118 
10 
492 
728 
413 
81 
64 
461 
165 
245 
651 
548 
455 
303 
792 
220 
31 
92 
926 
708 
133 
984 
192 
352 
849 
649 
985 
739 
641 
851 
533 
956 
532 
98 
60 
211 
5 
1000 
380 
107 
354 
267 
723 
698 
452 
251 
656 
412 
742 
510 
912 
423 
495 
57 
358 
14 
967 
646 
661 
786 
20 
795 
901 
85 
995 
759 
115 
543 
777 
49 
51 
187 
94 
924 
283 
334 
78 
598 
514 
543 
946 
963 
109 
603 
21 
107 
546 
284 
127 
328 
320 
250 
487 
315 
514 
692 
506 
120 
242 
416 
446 
16 
738 
683 
602 
130 
486 
967 
888 
580 
479 
293 
623 
184 
461 
750 
111 
805 
533 
945 
301 
559 
59 
518 
114 
937 
754 
827 
443 
912 
1 
239 
122 
76 
279 
257 
412 
228 
956 
485 
492 
4 
114 
71 
821 
349 
489 
430 
500 
397 
520 
934 
781 
812 
738 
423 
427 
288 
922 
936 
337 
5 
752 
607 
899 
934 
801 
221 
449 
749 
467 
466 
477 
888 
802 
199 
218 
405 
595 
469 
486 
281 
170 
502 
980 
98 
817 
621 
194 
865 
830 
868 
526 
704 
415 
593 
46 
377 
125 
668 
49 
889 
583 
685 
11 
422 
996 
799 
343 
766 
150 
669 
130 
327 
727 
582 
756 
916 
567 
797 
568 
370 
898 
793 
123 
141 
257 
969 
399 
3 
179 
188 
748 
276 
592 
394 
881 
282 
441 
216 
327 
133 
302 
93 
710 
326 
353 
386 
498 
897 
351 
402 
310 
351 
20 
617 
445 
357 
805 
466 
274 
609 
58 
175 
194 
896 
151 
371 
16 
788 
42 
139 
206 
843 
28 
406 
596 
191 
701 
50 
462 
101 
449 
55 
289 
927 
615 
615 
684 
650 
500 
483 
563 
326 
753 
688 
788 
284 
64 
32 
644 
371 
931 
391 
207 
396 
533 
579 
760 
683 
139 
42 
433 
970 
947 
653 
380 
252 
708 
552 
276 
224 
503 
773 
22 
122 
864 
595 
84 
342 
32 
106 
208 
233 
85 
546 
94 
684 
340 
37 
437 
80 
476 
466 
697 
536 
652 
919 
174 
315 
634 
232 
15 
80 
313 
298 
546 
899 
393 
246 
591 
11 
855 
541 
836 
77 
83 
96 
970 
377 
154 
9 
864 
938 
51 
111 
221 
371 
26 
630 
115 
35 
779 
438 
7 
779 
910 
247 
306 
37 
305 
265 
423 
870 
408 
574 
505 
602 
234 
607 
815 
856 
832 
71 
718 
213 
17 
337 
396 
298 
12 
680 
2 
176 
794 
559 
30 
45 
163 
386 
191 
57 
9 
333 
11 
362 
940 
330 
869 
716 
188 
289 
972 
538 
294 
320 
640 
976 
530 
279 
877 
389 
23 
28 
692 
616 
899 
270 
295 
130 
658 
576 
812 
60 
630 
203 
815 
655 
574 
22 
938 
476 
393 
134 
594 
490 
11 
524 
144 
16 
54 
182 
30 
556 
98 
575 
227 
561 
392 
395 
293 
187 
431 
565 
3 
142 
86 
720 
343 
163 
403 
706 
117 
704 
125 
538 
733 
220 
525 
77 
953 
122 
906 
599 
673 
423 
933 
240 
689 
349 
44 
90 
508 
292 
46 
397 
286 
305 
226 
629 
472 
567 
22 
951 
377 
246 
362 
826 
75 
499 
504 
226 
721 
283 
402 
437 
36 
24 
490 
960 
841 
920 
114 
723 
632 
686 
5 
304 
556 
372 
9 
569 
361 
49 
304 
286 
214 
743 
988 
485 
204 
645 
288 
306 
107 
48 
666 
409 
522 
88 
720 
644 
680 
506 
802 
575 
416 
247 
516 
838 
15 
518 
549 
546 
100 
580 
136 
71 
301 
310 
837 
15 
580 
48 
961 
156 
6 
954 
27 
211 
183 
302 
497 
264 
862 
826 
213 
751 
693 
312 
435 
532 
685 
583 
592 
89 
141 
110 
542 
151 
798 
410 
582 
242 
3 
6 
754 
272 
885 
460 
779 
889 
888 
899 
956 
269 
290 
15 
773 
130 
758 
408 
952 
632 
711 
909 
594 
135 
192 
143 
498 
517 
486 
711 
644 
205 
408 
130 
24 
171 
327 
346 
117 
102 
832 
115 
118 
989 
97 
79 
470 
701 
436 
398 
552 
958 
474 
195 
50 
208 
101 
234 
38 
644 
804 
709 
99 
264 
646 
959 
893 
129 
132 
175 
838 
170 
750 
195 
245 
809 
268 
438 
935 
87 
487 
294 
386 
232 
194 
136 
965 
131 
32 
626 
497 
798 
789 
832 
456 
412 
774 
529 
209 
114 
123 
556 
281 
15 
581 
240 
60 
719 
432 
309 
183 
72 
91 
323 
148 
451 
465 
165 
718 
59 
175 
54 
251 
516 
631 
486 
623 
366 
187 
7 
448 
528 
496 
153 
9 
217 
951 
579 
773 
295 
548 
372 
250 
248 
317 
318 
154 
107 
41 
182 
292 
389 
635 
659 
509 
684 
948 
322 
252 
299 
49 
451 
376 
12 
717 
392 
349 
289 
77 
703 
205 
64 
87 
846 
837 
723 
664 
578 
44 
272 
915 
247 
360 
965 
244 
213 
243 
849 
91 
481 
302 
860 
992 
190 
995 
621 
716 
679 
185 
371 
842 
471 
1 
678 
5 
806 
741 
233 
41 
177 
712 
934 
851 
464 
456 
451 
481 
115 
247 
81 
778 
535 
71 
208 
935 
359 
8 
427 
175 
79 
155 
302 
984 
991 
459 
106 
470 
25 
544 
917 
906 
791 
233 
346 
680 
608 
125 
291 
102 
568 
63 
919 
467 
744 
839 
587 
522 
783 
533 
9 
162 
225 
424 
858 
961 
3 
760 
976 
2 
477 
1000 
766 
25 
54 
70 
763 
232 
37 
851 
543 
511 
679 
122 
903 
866 
241 
870 
109 
874 
16 
4 
692 
295 
42 
804 
50 
538 
136 
899 
103 
290 
208 
150 
565 
73 
195 
23 
257 
698 
409 
229 
261 
161 
400 
134 
833 
348 
74 
101 
671 
921 
272 
560 
453 
767 
78 
55 
953 
980 
319 
166 
559 
972 
2 
316 
88 
798 
1 
144 
932 
818 
129 
795 
562 
34 
537 
156 
375 
767 
457 
925 
324 
710 
216 
966 
114 
403 
827 
302 
347 
464 
886 
21 
650 
950 
194 
295 
361 
480 
200 
83 
285 
355 
359 
496 
442 
755 
993 
233 
313 
167 
235 
605 
74 
479 
168 
111 
646 
886 
661 
983 
217 
463 
20 
99 
671 
539 
886 
11 
664 
369 
775 
435 
878 
402 
762 
162 
682 
13 
16 
788 
590 
488 
108 
588 
829 
843 
693 
152 
797 
15 
652 
193 
198 
200 
212 
330 
183 
688 
679 
445 
154 
24 
28 
899 
681 
837 
58 
907 
521 
380 
99 
892 
294 
264 
467 
68 
56 
606 
26 
951 
451 
931 
963 
600 
495 
200 
30 
678 
660 
670 
381 
219 
602 
632 
401 
197 
556 
633 
138 
778 
309 
22 
385 
14 
328 
287 
81 
1 
954 
2 
28 
649 
675 
589 
479 
157 
882 
988 
991 
689 
836 
582 
867 
42 
465 
335 
224 
899 
679 
155 
845 
566 
802 
875 
37 
716 
265 
470 
495 
504 
49 
383 
2 
205 
33 
151 
161 
313 
226 
239 
154 
57 
716 
127 
884 
300 
380 
542 
209 
753 
148 
188 
922 
136 
191 
185 
184 
822 
740 
31 
147 
289 
42 
137 
386 
545 
256 
527 
85 
243 
963 
558 
287 
982 
208 
30 
775 
840 
381 
928 
419 
553 
358 
506 
229 
337 
371 
567 
121 
684 
7 
699 
668 
316 
302 
989 
438 
19 
870 
148 
489 
82 
318 
159 
762 
642 
153 
6 
591 
370 
19 
650 
735 
210 
209 
3 
678 
392 
126 
419 
667 
876 
18 
127 
965 
430 
5 
444 
254 
687 
63 
587 
940 
5 
300 
168 
299 
27 
467 
283 
807 
985 
389 
201 
809 
304 
139 
621 
831 
281 
905 
553 
192 
733 
438 
937 
811 
211 
81 
87 
836 
915 
141 
162 
939 
932 
383 
227 
13 
832 
948 
978 
818 
567 
261 
38 
314 
537 
491 
849 
309 
31 
215 
534 
382 
602 
970 
971 
453 
865 
29 
242 
236 
256 
152 
419 
482 
28 
863 
28 
231 
227 
125 
211 
607 
787 
139 
334 
319 
77 
970 
710 
320 
628 
779 
426 
759 
393 
271 
456 
814 
561 
71 
56 
966 
46 
34 
491 
125 
794 
239 
40 
357 
9 
774 
70 
10 
85 
70 
152 
944 
719 
403 
18 
668 
802 
575 
854 
562 
49 
605 
749 
216 
32 
687 
372 
230 
790 
53 
363 
149 
373 
84 
287 
797 
287 
193 
486 
312 
42 
413 
43 
599 
909 
216 
913 
379 
778 
607 
88 
914 
911 
122 
207 
27 
993 
63 
420 
508 
728 
994 
858 
534 
824 
6 
570 
429 
959 
826 
126 
5 
683 
884 
935 
851 
630 
267 
19 
61 
558 
775 
491 
990 
43 
518 
65 
672 
697 
605 
228 
679 
971 
153 
473 
13 
103 
688 
169 
124 
538 
780 
948 
438 
336 
640 
265 
989 
251 
633 
470 
383 
66 
57 
560 
118 
66 
317 
755 
828 
193 
987 
135 
670 
95 
433 
695 
282 
152 
861 
817 
62 
815 
362 
255 
319 
25 
496 
440 
661 
191 
508 
170 
905 
423 
4 
6 
10 
149 
16 
487 
838 
294 
846 
824 
483 
834 
986 
91 
103 
180 
865 
42 
335 
830 
8 
762 
101 
461 
681 
416 
692 
688 
269 
957 
129 
94 
890 
444 
732 
309 
154 
970 
314 
95 
887 
261 
681 
1 
448 
629 
131 
913 
304 
909 
361 
217 
274 
768 
554 
638 
414 
9 
84 
897 
453 
11 
869 
756 
62 
691 
790 
28 
189 
36 
940 
79 
649 
46 
637 
876 
904 
892 
660 
18 
682 
635 
5 
143 
649 
7 
182 
238 
409 
205 
437 
133 
964 
47 
211 
429 
980 
765 
520 
694 
921 
154 
90 
202 
358 
878 
475 
693 
384 
332 
783 
578 
559 
625 
24 
761 
114 
857 
393 
400 
467 
900 
404 
293 
818 
790 
629 
39 
158 
734 
289 
786 
502 
679 
420 
324 
245 
808 
18 
158 
956 
585 
178 
14 
769 
818 
956 
509 
604 
653 
58 
2 
758 
68 
151 
578 
825 
667 
821 
524 
134 
961 
941 
937 
86 
12 
105 
590 
712 
404 
198 
861 
307 
838 
72 
154 
122 
680 
724 
526 
563 
61 
519 
112 
211 
773 
351 
99 
553 
474 
150 
383 
927 
64 
725 
76 
445 
197 
362 
369 
797 
999 
142 
410 
852 
820 
489 
168 
475 
591 
54 
897 
565 
275 
74 
173 
96 
43 
459 
217 
101 
947 
206 
102 
795 
213 
448 
686 
8 
791 
892 
198 
485 
527 
887 
225 
64 
449 
783 
463 
786 
124 
889 
819 
387 
220 
511 
251 
172 
520 
58 
963 
289 
394 
420 
8 
131 
687 
585 
291 
338 
251 
760 
160 
542 
359 
589 
470 
915 
187 
207 
336 
574 
652 
479 
503 
690 
288 
505 
412 
389 
483 
86 
468 
806 
957 
947 
786 
562 
314 
674 
802 
783 
34 
187 
990 
597 
459 
81 
3 
486 
1 
26 
504 
187 
550 
77 
547 
786 
48 
255 
2 
660 
874 
8 
581 
181 
816 
877 
946 
834 
30 
55 
183 
347 
470 
195 
442 
504 
634 
883 
288 
343 
619 
893 
89 
537 
803 
249 
92 
983 
115 
732 
224 
622 
849 
337 
778 
559 
206 
843 
58 
494 
373 
673 
537 
11 
295 
617 
416 
613 
522 
38 
892 
722 
965 
108 
254 
153 
284 
460 
730 
69 
423 
757 
494 
760 
249 
400 
414 
556 
553 
599 
167 
833 
827 
401 
454 
357 
612 
116 
104 
682 
309 
285 
112 
871 
985 
280 
306 
86 
532 
851 
470 
914 
862 
819 
516 
608 
234 
794 
251 
195 
482 
216 
589 
884 
48 
719 
196 
812 
710 
380 
239 
63 
965 
679 
916 
305 
262 
677 
725 
370 
548 
800 
111 
53 
444 
488 
765 
521 
472 
512 
53 
360 
724 
834 
469 
37 
377 
36 
617 
133 
286 
909 
939 
70 
341 
472 
150 
870 
784 
83 
449 
516 
455 
71 
515 
37 
258 
616 
512 
61 
520 
461 
703 
719 
532 
593 
883 
137 
731 
717 
683 
6 
777 
481 
483 
466 
451 
273 
911 
647 
442 
316 
463 
989 
603 
139 
46 
195 
2 
726 
755 
353 
615 
974 
965 
205 
860 
572 
81 
666 
864 
777 
470 
585 
992 
5 
129 
272 
811 
41 
672 
261 
368 
316 
28 
978 
866 
537 
128 
669 
120 
110 
730 
918 
527 
946 
122 
995 
594 
267 
378 
762 
276 
863 
179 
93 
926 
231 
27 
483 
312 
37 
844 
396 
587 
82 
124 
1 
90 
50 
18 
873 
862 
276 
109 
157 
127 
23 
706 
258 
694 
41 
77 
331 
18 
718 
755 
769 
6 
627 
153 
795 
66 
53 
504 
987 
334 
443 
968 
528 
140 
646 
400 
344 
461 
851 
115 
877 
795 
233 
871 
225 
421 
879 
623 
370 
6 
460 
400 
933 
269 
601 
1000 
876 
804 
113 
940 
116 
262 
147 
190 
290 
536 
420 
323 
664 
566 
396 
494 
477 
237 
642 
192 
22 
179 
969 
221 
587 
521 
685 
223 
94 
495 
561 
192 
781 
408 
436 
910 
242 
6 
87 
663 
942 
551 
639 
43 
661 
377 
778 
982 
128 
177 
694 
152 
75 
330 
211 
770 
526 
532 
277 
594 
146 
717 
131 
88 
66 
21 
735 
405 
338 
13 
111 
599 
434 
895 
872 
7 
708 
181 
799 
765 
825 
889 
53 
460 
880 
184 
154 
992 
464 
270 
497 
547 
21 
410 
208 
326 
93 
627 
3 
422 
157 
15 
779 
351 
664 
190 
937 
185 
378 
15 
13 
282 
137 
27 
380 
616 
112 
850 
60 
970 
290 
960 
659 
113 
623 
992 
261 
514 
952 
35 
925 
661 
369 
37 
575 
647 
447 
641 
454 
296 
45 
76 
738 
573 
976 
827 
419 
19 
84 
350 
430 
479 
192 
303 
945 
859 
268 
776 
577 
771 
330 
146 
103 
532 
210 
76 
756 
386 
888 
666 
532 
220 
640 
451 
989 
555 
142 
999 
494 
305 
271 
627 
422 
956 
415 
483 
895 
131 
208 
76 
14 
32 
872 
114 
154 
834 
50 
357 
557 
361 
348 
751 
964 
948 
687 
6 
460 
771 
657 
185 
265 
597 
382 
8 
975 
753 
338 
597 
980 
297 
467 
735 
449 
748 
746 
284 
142 
285 
681 
755 
613 
11 
382 
98 
909 
741 
342 
719 
147 
384 
851 
439 
473 
461 
141 
728 
92 
672 
526 
69 
181 
9 
786 
687 
231 
153 
839 
538 
502 
293 
258 
697 
25 
314 
136 
559 
309 
292 
54 
949 
326 
190 
268 
457 
472 
779 
416 
332 
696 
226 
660 
1 
140 
513 
153 
27 
712 
702 
342 
986 
507 
825 
402 
395 
12 
10 
88 
150 
54 
898 
841 
535 
770 
845 
657 
289 
528 
546 
581 
330 
147 
806 
693 
91 
363 
585 
419 
608 
598 
289 
353 
572 
6 
326 
112 
779 
759 
125 
142 
851 
18 
500 
904 
509 
996 
205 
842 
92 
509 
4 
87 
677 
514 
858 
743 
851 
271 
24 
632 
1 
57 
827 
253 
467 
472 
590 
645 
283 
243 
939 
187 
233 
484 
239 
980 
914 
903 
586 
15 
996 
563 
60 
651 
244 
646 
308 
72 
219 
874 
879 
41 
129 
102 
990 
552 
969 
747 
130 
538 
96 
797 
453 
337 
406 
629 
143 
173 
408 
92 
441 
752 
214 
886 
100 
800 
437 
515 
571 
330 
765 
450 
107 
971 
33 
979 
568 
44 
154 
415 
184 
11 
689 
410 
771 
554 
716 
714 
280 
321 
932 
832 
367 
949 
365 
958 
21 
61 
65 
231 
91 
226 
122 
711 
617 
980 
232 
26 
672 
491 
326 
131 
499 
337 
635 
414 
855 
243 
6 
871 
53 
852 
273 
324 
572 
35 
145 
374 
206 
842 
34 
115 
935 
887 
176 
532 
115 
956 
947 
710 
576 
776 
513 
989 
51 
65 
715 
363 
238 
782 
490 
990 
895 
62 
203 
371 
533 
698 
229 
534 
431 
222 
781 
966 
175 
870 
350 
761 
768 
699 
501 
744 
396 
971 
534 
132 
467 
279 
373 
540 
987 
469 
169 
740 
131 
682 
217 
208 
207 
858 
643 
179 
778 
821 
485 
114 
55 
452 
33 
168 
354 
178 
593 
79 
255 
604 
120 
360 
365 
393 
232 
528 
207 
257 
222 
439 
509 
337 
365 
66 
308 
398 
232 
988 
84 
490 
64 
835 
520 
773 
5 
775 
488 
995 
142 
919 
177 
528 
377 
37 
126 
514 
973 
418 
207 
414 
238 
326 
50 
978 
388 
11 
996 
842 
67 
557 
103 
115 
703 
157 
228 
585 
60 
332 
593 
268 
736 
677 
441 
153 
611 
101 
508 
326 
867 
676 
222 
108 
161 
828 
482 
116 
631 
526 
952 
90 
75 
946 
835 
302 
924 
306 
396 
380 
3 
818 
493 
101 
597 
156 
440 
632 
7 
742 
365 
339 
571 
363 
37 
139 
252 
392 
961 
882 
118 
692 
937 
26 
27 
799 
540 
737 
312 
43 
470 
89 
199 
37 
865 
367 
224 
68 
153 
896 
827 
459 
690 
347 
66 
420 
139 
346 
699 
549 
692 
294 
636 
128 
941 
962 
769 
227 
639 
65 
928 
894 
880 
206 
205 
841 
32 
905 
248 
608 
581 
712 
213 
651 
240 
91 
277 
724 
704 
49 
739 
64 
864 
688 
602 
703 
774 
574 
595 
60 
564 
62 
680 
743 
352 
503 
681 
871 
178 
757 
163 
553 
582 
498 
810 
625 
88 
32 
289 
110 
369 
526 
831 
973 
954 
146 
759 
121 
870 
549 
191 
666 
507 
50 
338 
263 
668 
786 
3 
583 
618 
114 
548 
954 
998 
281 
214 
688 
9 
110 
853 
636 
612 
396 
387 
658 
2 
68 
495 
393 
295 
551 
293 
67 
335 
193 
813 
110 
893 
418 
358 
435 
345 
177 
278 
940 
149 
431 
108 
498 
199 
90 
627 
279 
241 
383 
263 
876 
748 
448 
120 
349 
13 
337 
4 
640 
209 
35 
37 
490 
616 
393 
120 
325 
188 
20 
130 
72 
432 
159 
516 
694 
79 
547 
989 
332 
49 
233 
75 
483 
580 
573 
297 
463 
83 
744 
571 
219 
538 
151 
969 
950 
944 
579 
489 
920 
993 
919 
66 
69 
682 
1 
344 
86 
24 
317 
103 
158 
605 
837 
443 
658 
829 
840 
376 
18 
802 
614 
985 
10 
918 
244 
723 
214 
804 
285 
374 
367 
432 
560 
660 
943 
234 
79 
914 
258 
2 
93 
610 
329 
178 
918 
45 
665 
617 
926 
662 
723 
340 
819 
871 
51 
614 
13 
405 
500 
454 
409 
115 
242 
684 
960 
112 
368 
81 
609 
605 
20 
320 
14 
652 
449 
369 
270 
385 
168 
812 
572 
266 
713 
842 
349 
304 
375 
157 
25 
99 
903 
325 
100 
554 
981 
420 
708 
1 
336 
26 
11 
141 
669 
27 
851 
259 
582 
677 
647 
679 
111 
848 
304 
9 
81 
593 
303 
929 
941 
405 
14 
998 
283 
987 
241 
416 
784 
663 
432 
837 
987 
220 
864 
679 
98 
8 
567 
981 
47 
882 
146 
238 
434 
377 
68 
206 
562 
863 
884 
750 
978 
566 
397 
593 
74 
747 
136 
778 
328 
368 
747 
798 
690 
90 
477 
55 
207 
939 
25 
80 
393 
494 
723 
49 
56 
591 
677 
690 
104 
679 
254 
573 
169 
231 
372 
878 
321 
131 
350 
575 
477 
4 
451 
212 
551 
690 
148 
808 
104 
630 
274 
548 
323 
258 
707 
809 
947 
522 
837 
159 
112 
977 
52 
363 
865 
585 
892 
71 
492 
823 
336 
209 
359 
169 
734 
466 
166 
591 
770 
678 
96 
120 
395 
214 
95 
861 
47 
97 
629 
51 
49 
155 
837 
135 
816 
536 
819 
765 
351 
73 
73 
925 
42 
973 
682 
842 
938 
573 
176 
512 
199 
22 
936 
237 
374 
128 
303 
705 
355 
3 
206 
66 
474 
798 
382 
188 
406 
143 
185 
988 
390 
687 
805 
853 
20 
83 
259 
37 
524 
514 
673 
412 
118 
497 
735 
180 
561 
352 
980 
740 
240 
232 
901 
846 
974 
331 
179 
899 
346 
695 
533 
26 
99 
762 
46 
452 
791 
143 
495 
354 
194 
449 
222 
150 
821 
58 
363 
120 
732 
969 
470 
62 
718 
185 
345 
869 
300 
196 
349 
667 
377 
349 
208 
451 
188 
945 
611 
212 
870 
219 
727 
459 
774 
627 
678 
218 
983 
179 
703 
561 
27 
5 
464 
34 
581 
559 
813 
10 
902 
279 
881 
679 
601 
52 
557 
465 
607 
824 
842 
751 
753 
994 
920 
858 
996 
246 
707 
268 
388 
867 
702 
792 
295 
507 
379 
732 
306 
620 
511 
4 
24 
703 
481 
789 
962 
596 
245 
3 
377 
182 
189 
168 
581 
56 
388 
18 
293 
194 
370 
441 
987 
87 
44 
219 
891 
593 
8 
426 
100 
275 
315 
733 
718 
43 
652 
587 
439 
16 
113 
980 
89 
358 
557 
750 
229 
803 
353 
204 
581 
927 
6 
673 
582 
947 
625 
465 
364 
101 
456 
68 
595 
136 
171 
484 
509 
792 
130 
996 
486 
658 
133 
686 
922 
941 
488 
299 
180 
362 
165 
705 
46 
48 
140 
922 
456 
421 
423 
922 
157 
802 
512 
418 
47 
5 
784 
743 
968 
155 
630 
743 
124 
390 
470 
492 
357 
705 
914 
658 
50 
620 
562 
302 
129 
385 
646 
2 
980 
322 
809 
386 
665 
154 
107 
594 
934 
57 
86 
65 
536 
77 
359 
606 
383 
103 
783 
286 
243 
178 
738 
283 
410 
831 
477 
41 
223 
96 
820 
793 
159 
52 
4 
807 
258 
75 
963 
392 
430 
910 
137 
865 
83 
577 
16 
524 
847 
593 
334 
36 
162 
11 
798 
25 
723 
22 
865 
662 
796 
560 
30 
480 
280 
51 
800 
959 
843 
529 
143 
205 
785 
395 
286 
395 
444 
108 
846 
198 
350 
282 
216 
117 
70 
27 
665 
119 
470 
100 
241 
698 
318 
346 
874 
337 
280 
275 
96 
883 
330 
294 
984 
473 
259 
101 
641 
952 
710 
18 
683 
851 
110 
92 
231 
318 
193 
945 
135 
709 
219 
881 
300 
160 
421 
415 
776 
81 
770 
178 
747 
641 
163 
443 
847 
257 
837 
336 
905 
126 
203 
817 
796 
121 
98 
55 
265 
404 
788 
256 
569 
418 
309 
931 
205 
66 
301 
21 
70 
268 
774 
923 
579 
771 
368 
623 
42 
360 
102 
531 
801 
27 
27 
157 
177 
76 
45 
371 
700 
22 
90 
995 
606 
678 
539 
651 
598 
296 
177 
200 
363 
190 
444 
267 
628 
872 
125 
129 
181 
620 
243 
845 
815 
50 
808 
769 
471 
701 
68 
455 
80 
631 
118 
214 
910 
879 
930 
123 
108 
320 
681 
601 
691 
996 
230 
771 
570 
131 
8 
946 
256 
645 
750 
982 
561 
66 
785 
997 
606 
120 
139 
437 
578 
959 
289 
143 
406 
577 
181 
580 
462 
239 
116 
136 
146 
635 
921 
255 
886 
20 
83 
39 
126 
860 
68 
529 
445 
22 
458 
360 
481 
945 
30 
451 
998 
778 
123 
26 
345 
528 
87 
343 
338 
677 
974 
388 
400 
546 
34 
486 
15 
372 
881 
684 
753 
842 
978 
167 
226 
876 
75 
72 
393 
127 
316 
821 
20 
835 
646 
223 
939 
47 
695 
894 
335 
129 
664 
425 
962 
37 
920 
180 
483 
454 
398 
231 
512 
530 
758 
41 
742 
593 
496 
4 
936 
744 
392 
774 
783 
35 
238 
879 
1 
265 
411 
848 
716 
735 
577 
15 
290 
659 
127 
664 
199 
50 
948 
232 
905 
767 
242 
380 
233 
388 
298 
884 
114 
734 
267 
987 
952 
836 
125 
182 
101 
940 
566 
729 
261 
940 
65 
53 
677 
406 
819 
299 
569 
461 
422 
804 
695 
740 
306 
120 
80 
25 
91 
24 
870 
259 
395 
278 
393 
980 
368 
628 
54 
614 
301 
70 
667 
88 
8 
860 
410 
265 
93 
24 
453 
112 
359 
521 
376 
731 
527 
917 
932 
632 
708 
603 
987 
28 
510 
955 
967 
349 
876 
190 
432 
183 
84 
879 
79 
972 
339 
420 
805 
723 
915 
182 
44 
333 
351 
208 
205 
788 
178 
887 
304 
662 
12 
91 
186 
353 
588 
881 
99 
10 
68 
771 
892 
622 
653 
309 
599 
6 
664 
12 
227 
523 
976 
888 
251 
156 
143 
418 
272 
77 
283 
40 
484 
569 
260 
71 
996 
587 
86 
107 
169 
503 
311 
553 
296 
602 
545 
367 
731 
403 
851 
557 
178 
468 
24 
847 
75 
978 
535 
335 
226 
850 
282 
795 
551 
90 
692 
134 
294 
937 
798 
380 
297 
567 
560 
796 
617 
540 
6 
130 
686 
723 
273 
153 
899 
365 
824 
586 
591 
855 
497 
235 
382 
557 
172 
261 
387 
492 
885 
735 
502 
273 
625 
27 
563 
638 
121 
104 
910 
606 
113 
216 
156 
679 
280 
895 
988 
701 
1000 
672 
251 
246 
13 
592 
872 
171 
562 
299 
626 
113 
220 
625 
929 
969 
721 
116 
173 
167 
417 
802 
675 
396 
268 
850 
725 
123 
96 
711 
370 
817 
385 
969 
889 
371 
81 
131 
220 
445 
972 
294 
598 
510 
311 
730 
460 
481 
38 
777 
12 
169 
756 
6 
233 
293 
548 
44 
760 
912 
76 
122 
965 
692 
415 
737 
134 
169 
611 
456 
441 
916 
5 
290 
796 
49 
845 
495 
566 
685 
457 
975 
747 
740 
896 
609 
855 
170 
762 
154 
50 
191 
10 
859 
898 
667 
17 
368 
538 
905 
113 
295 
920 
736 
8 
457 
248 
230 
14 
804 
258 
244 
265 
273 
672 
729 
449 
312 
54 
308 
25 
732 
113 
833 
320 
236 
151 
153 
276 
47 
444 
382 
855 
294 
764 
793 
883 
89 
285 
725 
51 
192 
422 
68 
646 
791 
712 
59 
732 
382 
40 
376 
90 
425 
655 
155 
436 
555 
845 
3 
663 
664 
268 
269 
187 
313 
34 
290 
270 
626 
71 
107 
875 
149 
735 
466 
900 
955 
66 
273 
11 
462 
304 
145 
875 
14 
722 
149 
428 
32 
800 
525 
730 
449 
938 
484 
11 
110 
878 
8 
636 
300 
60 
834 
174 
403 
337 
485 
987 
738 
410 
523 
944 
698 
170 
165 
596 
506 
592 
535 
7 
543 
641 
572 
688 
916 
246 
896 
338 
594 
422 
370 
642 
69 
171 
103 
46 
550 
786 
531 
327 
232 
642 
622 
565 
288 
612 
699 
250 
74 
805 
108 
947 
255 
838 
944 
94 
980 
346 
893 
23 
436 
19 
636 
434 
354 
184 
975 
613 
587 
169 
177 
137 
493 
538 
500 
808 
440 
401 
344 
578 
874 
386 
687 
62 
41 
634 
89 
406 
153 
475 
447 
727 
31 
897 
390 
89 
348 
868 
935 
913 
554 
994 
159 
337 
123 
774 
76 
1 
89 
8 
777 
823 
747 
146 
37 
666 
610 
892 
53 
15 
7 
860 
77 
831 
814 
158 
154 
10 
123 
335 
404 
526 
611 
662 
426 
612 
448 
896 
324 
145 
851 
188 
43 
581 
496 
523 
852 
416 
170 
647 
846 
969 
75 
791 
395 
758 
141 
130 
259 
329 
605 
16 
703 
395 
3 
962 
936 
896 
78 
435 
702 
664 
795 
162 
626 
141 
524 
43 
207 
144 
833 
270 
921 
877 
288 
690 
142 
764 
109 
123 
506 
896 
646 
990 
169 
917 
196 
3 
369 
745 
133 
263 
546 
469 
415 
383 
54 
584 
922 
961 
806 
588 
47 
866 
10 
188 
228 
981 
15 
324 
167 
991 
149 
130 
957 
138 
372 
498 
90 
136 
302 
502 
780 
512 
130 
207 
271 
835 
656 
8 
37 
215 
479 
106 
608 
955 
930 
77 
417 
874 
945 
369 
456 
77 
111 
288 
9 
512 
887 
76 
365 
787 
428 
647 
166 
362 
10 
952 
911 
49 
60 
526 
618 
2 
832 
802 
301 
215 
217 
713 
995 
400 
252 
783 
524 
298 
406 
163 
363 
992 
195 
212 
381 
759 
713 
701 
68 
128 
441 
156 
441 
869 
137 
368 
770 
936 
929 
989 
507 
93 
148 
830 
296 
710 
30 
777 
927 
928 
156 
56 
280 
527 
360 
236 
948 
482 
505 
304 
24 
29 
985 
705 
288 
671 
873 
699 
38 
522 
924 
12 
354 
818 
956 
328 
537 
939 
660 
947 
748 
566 
49 
131 
611 
313 
846 
622 
175 
178 
11 
102 
79 
781 
666 
90 
940 
547 
221 
672 
126 
951 
460 
197 
42 
908 
582 
958 
557 
49 
727 
494 
285 
451 
940 
189 
717 
200 
157 
302 
156 
982 
977 
215 
435 
203 
243 
717 
3 
806 
534 
569 
447 
408 
338 
362 
140 
653 
685 
557 
594 
839 
408 
677 
679 
681 
103 
945 
236 
797 
237 
565 
447 
57 
543 
405 
453 
217 
8 
407 
586 
235 
2 
539 
692 
569 
637 
907 
706 
926 
171 
799 
747 
776 
249 
745 
768 
524 
878 
882 
76 
576 
46 
850 
686 
340 
57 
927 
939 
924 
431 
74 
397 
868 
508 
706 
686 
659 
938 
888 
240 
551 
837 
948 
351 
230 
441 
571 
159 
676 
427 
647 
960 
125 
489 
758 
466 
309 
12 
58 
134 
198 
305 
500 
768 
27 
703 
653 
800 
320 
332 
938 
149 
235 
199 
41 
869 
257 
842 
786 
170 
323 
141 
447 
526 
558 
3 
48 
1 
519 
300 
457 
736 
342 
218 
349 
66 
53 
702 
14 
7 
551 
661 
82 
271 
529 
846 
233 
110 
968 
350 
227 
875 
587 
156 
452 
967 
208 
645 
252 
40 
353 
258 
320 
637 
514 
803 
60 
104 
871 
213 
10 
19 
163 
233 
391 
91 
629 
484 
207 
975 
291 
979 
586 
382 
223 
53 
395 
571 
744 
290 
310 
906 
927 
440 
669 
979 
50 
141 
27 
171 
156 
567 
729 
699 
644 
317 
134 
187 
578 
166 
462 
6 
903 
807 
354 
701 
534 
424 
7 
505 
943 
448 
590 
563 
404 
75 
1 
81 
283 
400 
674 
296 
37 
699 
812 
46 
32 
753 
459 
957 
569 
259 
943 
412 
36 
268 
615 
496 
351 
737 
639 
798 
409 
857 
535 
579 
104 
359 
5 
212 
746 
94 
115 
779 
973 
679 
195 
822 
358 
75 
715 
281 
587 
985 
1000 
183 
845 
26 
586 
450 
49 
356 
596 
939 
62 
738 
341 
333 
794 
96 
885 
20 
5 
118 
159 
148 
398 
823 
451 
479 
33 
693 
876 
391 
651 
473 
178 
123 
848 
18 
575 
14 
908 
465 
185 
890 
760 
694 
748 
73 
472 
541 
672 
934 
719 
293 
428 
358 
60 
322 
808 
195 
285 
83 
118 
514 
441 
506 
847 
97 
61 
155 
569 
599 
990 
790 
691 
469 
693 
216 
20 
538 
799 
741 
266 
878 
838 
210 
336 
440 
371 
496 
533 
594 
463 
723 
904 
712 
304 
267 
888 
53 
302 
699 
52 
96 
355 
921 
666 
15 
79 
464 
249 
376 
902 
239 
244 
238 
824 
171 
636 
685 
378 
591 
76 
489 
231 
429 
735 
303 
341 
372 
200 
710 
173 
267 
621 
74 
191 
716 
373 
420 
822 
22 
981 
536 
116 
122 
824 
137 
166 
393 
1000 
559 
419 
772 
849 
374 
133 
403 
665 
307 
614 
401 
5 
113 
531 
162 
423 
628 
938 
41 
380 
849 
727 
539 
60 
133 
925 
37 
19 
168 
553 
230 
166 
681 
209 
309 
27 
802 
691 
448 
587 
539 
13 
496 
735 
222 
359 
571 
217 
170 
249 
127 
254 
718 
676 
971 
684 
9 
420 
253 
481 
639 
226 
340 
335 
714 
70 
140 
332 
229 
321 
366 
248 
34 
4 
888 
465 
210 
590 
884 
81 
917 
209 
952 
558 
30 
673 
71 
916 
773 
451 
762 
203 
459 
503 
131 
444 
701 
630 
447 
26 
572 
610 
186 
65 
141 
756 
121 
48 
209 
642 
5 
562 
344 
936 
188 
979 
850 
154 
124 
243 
221 
824 
953 
469 
146 
888 
7 
118 
976 
574 
814 
325 
127 
523 
708 
147 
255 
98 
848 
298 
559 
104 
54 
188 
82 
744 
593 
814 
313 
671 
26 
728 
202 
573 
379 
211 
80 
99 
646 
426 
841 
365 
235 
314 
7 
597 
320 
122 
450 
568 
19 
394 
673 
51 
1 
81 
444 
183 
69 
668 
335 
619 
844 
112 
21 
707 
218 
190 
983 
243 
707 
861 
150 
696 
578 
784 
67 
247 
467 
768 
761 
47 
167 
461 
770 
948 
628 
377 
131 
246 
900 
358 
119 
217 
665 
192 
336 
329 
3 
762 
191 
97 
554 
844 
323 
838 
730 
77 
810 
75 
65 
437 
29 
991 
323 
400 
563 
44 
715 
744 
908 
114 
4 
422 
69 
302 
623 
24 
600 
939 
206 
565 
144 
348 
147 
309 
211 
171 
139 
543 
237 
565 
66 
335 
489 
350 
679 
432 
954 
685 
825 
794 
350 
445 
861 
508 
910 
304 
827 
294 
228 
128 
369 
804 
882 
74 
835 
135 
428 
307 
945 
60 
10 
959 
179 
942 
82 
768 
4 
687 
720 
395 
514 
828 
51 
994 
7 
39 
312 
928 
587 
419 
651 
980 
789 
495 
722 
371 
467 
826 
306 
877 
634 
170 
332 
407 
335 
714 
784 
323 
96 
944 
380 
677 
702 
267 
603 
356 
637 
548 
170 
369 
508 
944 
852 
453 
834 
236 
936 
221 
244 
156 
5 
697 
319 
639 
980 
188 
456 
635 
257 
692 
724 
157 
6 
125 
904 
156 
893 
914 
579 
21 
362 
798 
662 
50 
499 
305 
86 
302 
176 
855 
827 
82 
703 
113 
704 
227 
564 
224 
239 
303 
517 
150 
678 
22 
441 
914 
969 
441 
470 
219 
695 
90 
121 
375 
402 
543 
986 
571 
76 
106 
644 
26 
8 
453 
978 
974 
139 
627 
3 
876 
518 
542 
606 
298 
768 
72 
483 
376 
655 
494 
520 
664 
9 
353 
697 
360 
408 
141 
995 
691 
293 
894 
685 
176 
688 
403 
415 
65 
290 
612 
337 
35 
402 
606 
596 
10 
514 
487 
702 
577 
800 
305 
402 
45 
395 
306 
185 
757 
799 
860 
342 
96 
376 
216 
1 
88 
108 
542 
346 
378 
776 
339 
691 
981 
236 
826 
48 
802 
893 
29 
807 
134 
18 
278 
479 
669 
250 
890 
12 
697 
479 
67 
560 
64 
198 
98 
221 
29 
226 
86 
22 
703 
325 
897 
864 
767 
29 
986 
817 
966 
78 
853 
346 
829 
368 
637 
20 
794 
731 
442 
19 
325 
295 
190 
373 
152 
633 
126 
719 
713 
578 
211 
778 
940 
853 
828 
536 
644 
3 
291 
264 
217 
686 
880 
496 
37 
439 
377 
264 
296 
559 
568 
145 
270 
626 
268 
181 
110 
505 
202 
372 
416 
217 
982 
229 
773 
206 
897 
21 
137 
689 
103 
432 
438 
737 
270 
126 
204 
129 
10 
698 
535 
338 
269 
429 
69 
137 
781 
528 
496 
487 
438 
516 
371 
939 
426 
923 
250 
824 
168 
307 
860 
279 
969 
107 
157 
250 
965 
179 
323 
12 
667 
716 
240 
276 
398 
775 
3 
666 
878 
694 
468 
715 
52 
821 
73 
392 
109 
689 
884 
1 
915 
48 
993 
532 
76 
124 
565 
934 
549 
879 
975 
62 
1 
493 
833 
411 
406 
19 
543 
8 
183 
488 
27 
806 
69 
496 
618 
461 
425 
126 
265 
11 
3 
862 
215 
609 
802 
459 
340 
552 
211 
908 
786 
465 
497 
440 
861 
736 
258 
999 
129 
812 
602 
48 
961 
365 
86 
279 
548 
860 
670 
285 
984 
650 
272 
658 
436 
211 
171 
633 
236 
632 
560 
825 
108 
88 
382 
881 
932 
459 
13 
382 
526 
649 
285 
614 
649 
244 
964 
216 
508 
208 
290 
552 
277 
651 
948 
231 
690 
10 
114 
192 
549 
252 
438 
843 
108 
912 
201 
215 
138 
254 
576 
138 
622 
333 
295 
278 
238 
122 
641 
679 
298 
481 
332 
788 
975 
705 
92 
334 
983 
813 
796 
214 
43 
561 
437 
357 
613 
635 
982 
139 
681 
53 
539 
764 
735 
574 
539 
54 
540 
734 
609 
840 
848 
954 
810 
307 
462 
34 
962 
998 
597 
44 
712 
806 
72 
99 
248 
907 
211 
211 
822 
778 
932 
704 
187 
612 
890 
614 
924 
405 
13 
368 
235 
377 
378 
346 
211 
706 
980 
13 
827 
82 
140 
883 
610 
259 
102 
522 
478 
653 
846 
964 
97 
445 
730 
332 
922 
313 
499 
700 
358 
40 
53 
417 
962 
870 
205 
203 
560 
431 
458 
632 
44 
544 
780 
458 
24 
578 
820 
2 
461 
734 
109 
103 
604 
743 
563 
528 
158 
119 
829 
589 
976 
703 
118 
187 
455 
710 
816 
130 
215 
422 
852 
215 
163 
516 
341 
726 
94 
514 
298 
391 
634 
241 
491 
134 
998 
760 
285 
98 
615 
265 
435 
616 
171 
500 
2 
900 
490 
13 
703 
591 
434 
757 
532 
315 
635 
214 
221 
695 
222 
971 
1 
67 
189 
313 
1000 
368 
135 
952 
428 
136 
460 
437 
355 
123 
220 
126 
528 
880 
739 
87 
13 
831 
684 
424 
581 
192 
251 
5 
854 
521 
82 
46 
424 
883 
958 
296 
929 
39 
562 
240 
338 
207 
711 
202 
652 
119 
145 
773 
754 
309 
17 
355 
223 
475 
93 
689 
503 
514 
19 
443 
79 
835 
855 
722 
255 
130 
279 
74 
5 
300 
39 
162 
50 
127 
738 
292 
64 
41 
761 
469 
894 
72 
242 
13 
939 
131 
22 
60 
600 
303 
25 
82 
721 
521 
245 
343 
479 
32 
265 
9 
37 
800 
804 
322 
903 
686 
76 
157 
323 
603 
423 
669 
926 
448 
167 
30 
677 
7 
165 
108 
501 
324 
315 
11 
14 
374 
77 
7 
174 
288 
285 
10 
997 
383 
387 
233 
155 
1 
3 
487 
69 
661 
807 
867 
11 
963 
950 
635 
10 
677 
895 
919 
368 
976 
14 
458 
955 
968 
815 
185 
548 
537 
195 
92 
270 
534 
754 
955 
689 
10 
979 
273 
99 
16 
884 
963 
487 
999 
733 
931 
376 
463 
362 
893 
995 
856 
232 
893 
623 
941 
32 
155 
779 
320 
53 
84 
724 
394 
874 
963 
172 
1 
175 
325 
454 
737 
99 
192 
38 
496 
665 
276 
676 
637 
48 
451 
994 
870 
928 
119 
511 
304 
128 
344 
348 
15 
305 
595 
15 
433 
958 
737 
270 
393 
697 
740 
109 
61 
2 
553 
398 
841 
110 
401 
186 
513 
5 
606 
760 
803 
755 
602 
533 
700 
412 
834 
338 
35 
482 
317 
536 
504 
277 
649 
257 
74 
268 
999 
466 
94 
864 
486 
137 
627 
170 
980 
627 
214 
87 
57 
220 
219 
734 
654 
327 
142 
8 
938 
870 
473 
201 
835 
62 
142 
115 
926 
14 
707 
875 
522 
142 
188 
406 
62 
769 
15 
429 
249 
864 
702 
948 
674 
949 
26 
590 
479 
500 
61 
675 
331 
812 
470 
121 
577 
959 
331 
365 
472 
362 
270 
162 
5 
277 
62 
56 
181 
256 
602 
390 
698 
1 
287 
279 
860 
935 
468 
586 
162 
133 
372 
489 
113 
528 
134 
839 
681 
830 
873 
841 
226 
193 
373 
187 
863 
649 
779 
685 
511 
566 
619 
569 
579 
112 
43 
229 
264 
746 
260 
259 
124 
96 
370 
43 
581 
245 
588 
883 
153 
121 
880 
113 
811 
139 
654 
194 
173 
306 
11 
35 
54 
1 
228 
241 
954 
284 
616 
702 
36 
872 
794 
843 
724 
48 
326 
253 
599 
905 
386 
345 
59 
4 
37 
99 
48 
976 
326 
62 
217 
674 
392 
632 
119 
478 
448 
997 
929 
136 
732 
418 
288 
129 
72 
504 
357 
232 
157 
341 
749 
482 
225 
895 
53 
3 
704 
812 
30 
410 
353 
133 
495 
186 
950 
567 
744 
752 
822 
860 
98 
279 
495 
754 
996 
142 
921 
865 
975 
7 
104 
988 
242 
713 
22 
18 
740 
608 
910 
746 
39 
706 
986 
132 
164 
268 
786 
494 
629 
340 
871 
223 
516 
5 
163 
250 
676 
587 
997 
12 
48 
65 
141 
276 
51 
294 
78 
169 
251 
18 
673 
488 
492 
714 
587 
300 
762 
7 
68 
913 
800 
788 
751 
833 
986 
281 
466 
61 
278 
673 
207 
76 
220 
481 
591 
945 
277 
404 
66 
488 
360 
889 
723 
499 
303 
438 
92 
724 
52 
753 
69 
15 
158 
889 
437 
566 
678 
166 
109 
794 
199 
219 
508 
883 
248 
61 
79 
794 
105 
450 
663 
2 
880 
116 
19 
280 
326 
352 
148 
72 
43 
336 
160 
623 
409 
108 
655 
269 
229 
717 
719 
170 
326 
930 
198 
36 
656 
165 
222 
349 
862 
137 
321 
846 
639 
349 
490 
581 
780 
793 
935 
485 
625 
638 
277 
22 
680 
359 
626 
566 
222 
129 
763 
693 
946 
238 
998 
420 
635 
20 
791 
639 
64 
9 
868 
245 
344 
507 
543 
60 
413 
129 
650 
422 
328 
372 
513 
597 
766 
969 
592 
66 
754 
556 
789 
293 
55 
162 
8 
238 
891 
846 
422 
422 
150 
976 
151 
861 
985 
14 
264 
432 
545 
23 
627 
396 
799 
348 
207 
732 
935 
84 
12 
665 
603 
9 
414 
108 
549 
438 
88 
119 
585 
740 
391 
484 
145 
327 
190 
554 
128 
668 
838 
637 
331 
185 
339 
93 
963 
634 
225 
6 
569 
737 
653 
34 
446 
666 
3 
670 
112 
623 
41 
856 
710 
173 
408 
55 
674 
482 
874 
181 
163 
12 
942 
81 
57 
150 
898 
672 
144 
682 
547 
501 
226 
914 
550 
182 
643 
373 
408 
485 
924 
461 
729 
689 
111 
269 
458 
662 
688 
88 
692 
826 
85 
872 
813 
698 
696 
348 
326 
800 
145 
125 
1 
276 
11 
377 
21 
505 
47 
735 
478 
57 
397 
264 
165 
208 
635 
542 
18 
368 
120 
104 
60 
308 
62 
391 
86 
358 
482 
450 
730 
140 
880 
480 
952 
413 
701 
735 
10 
314 
202 
32 
29 
673 
184 
53 
756 
511 
257 
165 
304 
414 
383 
27 
949 
626 
346 
8 
263 
111 
451 
979 
163 
106 
169 
66 
202 
944 
290 
74 
61 
814 
622 
624 
58 
492 
900 
286 
258 
728 
814 
654 
431 
958 
784 
56 
343 
245 
14 
530 
402 
734 
951 
922 
355 
957 
122 
682 
931 
122 
329 
435 
84 
485 
266 
906 
976 
635 
498 
914 
687 
887 
230 
384 
248 
306 
160 
174 
942 
423 
179 
43 
170 
100 
571 
728 
759 
355 
918 
483 
412 
368 
510 
628 
112 
13 
540 
197 
721 
144 
604 
896 
261 
602 
417 
7 
948 
125 
22 
256 
291 
954 
920 
59 
964 
114 
358 
197 
243 
375 
453 
264 
727 
626 
267 
942 
974 
511 
570 
968 
716 
456 
670 
336 
646 
13 
504 
951 
268 
914 
192 
150 
464 
87 
600 
641 
279 
59 
747 
349 
491 
167 
524 
488 
838 
452 
882 
866 
117 
716 
647 
662 
415 
168 
965 
666 
316 
33 
228 
357 
908 
714 
747 
930 
215 
893 
134 
806 
129 
251 
73 
741 
598 
428 
56 
271 
503 
388 
976 
354 
313 
19 
966 
225 
463 
970 
917 
975 
999 
45 
689 
86 
384 
354 
605 
165 
273 
315 
294 
634 
885 
206 
801 
130 
730 
278 
6 
681 
362 
804 
745 
340 
469 
914 
139 
697 
570 
97 
63 
11 
24 
21 
224 
39 
828 
972 
182 
27 
785 
623 
332 
236 
865 
987 
95 
211 
895 
59 
572 
893 
776 
20 
637 
286 
905 
366 
355 
182 
883 
624 
429 
877 
238 
87 
383 
824 
985 
619 
585 
712 
102 
596 
604 
520 
383 
216 
321 
983 
531 
392 
705 
30 
587 
526 
14 
566 
307 
157 
569 
147 
83 
963 
557 
830 
943 
191 
868 
358 
697 
112 
231 
655 
198 
877 
637 
218 
17 
183 
390 
362 
400 
324 
691 
33 
409 
507 
345 
668 
759 
6 
138 
457 
69 
131 
276 
273 
40 
929 
570 
775 
312 
377 
818 
72 
258 
175 
634 
340 
630 
237 
793 
108 
322 
468 
349 
710 
347 
925 
248 
434 
93 
134 
290 
270 
63 
26 
598 
427 
517 
149 
315 
719 
695 
432 
72 
27 
74 
691 
823 
810 
924 
110 
333 
418 
782 
720 
351 
554 
137 
812 
655 
16 
705 
971 
845 
471 
770 
196 
908 
589 
324 
448 
115 
11 
991 
778 
479 
84 
849 
598 
550 
308 
263 
378 
844 
106 
236 
308 
574 
880 
103 
333 
126 
489 
533 
227 
553 
830 
126 
23 
38 
653 
680 
776 
990 
46 
264 
264 
65 
262 
719 
460 
430 
315 
549 
584 
883 
462 
732 
15 
178 
99 
243 
560 
167 
799 
275 
935 
468 
493 
257 
11 
994 
159 
18 
749 
64 
278 
649 
975 
116 
349 
460 
7 
364 
987 
142 
959 
568 
126 
446 
70 
504 
312 
909 
437 
477 
372 
467 
597 
518 
966 
549 
177 
74 
76 
366 
285 
502 
340 
334 
720 
974 
901 
616 
265 
18 
28 
860 
433 
216 
636 
770 
265 
486 
442 
552 
28 
502 
262 
15 
718 
512 
24 
389 
692 
21 
184 
821 
529 
757 
228 
531 
262 
730 
62 
916 
328 
635 
540 
936 
132 
335 
224 
773 
998 
634 
99 
465 
611 
494 
757 
849 
462 
193 
139 
826 
956 
141 
30 
333 
638 
26 
582 
643 
603 
223 
426 
281 
736 
436 
958 
559 
101 
714 
913 
62 
899 
269 
216 
865 
807 
975 
113 
838 
557 
753 
275 
801 
975 
28 
462 
197 
548 
720 
189 
450 
923 
691 
948 
88 
611 
901 
38 
596 
278 
103 
197 
471 
879 
119 
636 
888 
972 
10 
75 
432 
104 
138 
2 
756 
687 
334 
34 
134 
35 
321 
326 
191 
7 
563 
232 
624 
359 
263 
263 
804 
981 
91 
806 
191 
870 
483 
756 
280 
525 
100 
443 
636 
411 
313 
99 
875 
578 
6 
197 
279 
9 
211 
39 
550 
51 
407 
536 
868 
27 
424 
901 
423 
206 
17 
359 
965 
87 
974 
68 
926 
446 
871 
61 
590 
479 
105 
393 
712 
76 
398 
600 
70 
39 
647 
459 
932 
47 
41 
431 
100 
121 
473 
55 
843 
434 
872 
913 
385 
976 
392 
145 
19 
162 
729 
948 
335 
682 
213 
201 
52 
710 
569 
198 
795 
28 
227 
353 
841 
717 
198 
136 
275 
450 
183 
745 
929 
192 
389 
154 
110 
904 
402 
895 
288 
953 
637 
30 
364 
205 
20 
88 
554 
365 
896 
671 
326 
821 
34 
905 
27 
760 
422 
263 
343 
926 
650 
56 
604 
26 
11 
766 
657 
83 
123 
678 
881 
971 
452 
239 
28 
852 
213 
334 
807 
517 
597 
728 
412 
421 
689 
918 
652 
813 
239 
338 
39 
603 
563 
933 
620 
973 
319 
109 
821 
119 
832 
654 
746 
660 
26 
227 
190 
28 
879 
687 
931 
466 
761 
998 
41 
776 
480 
749 
341 
200 
911 
675 
848 
297 
848 
197 
244 
393 
652 
449 
171 
503 
616 
713 
618 
555 
91 
757 
485 
52 
837 
339 
364 
211 
71 
935 
428 
146 
55 
557 
665 
925 
440 
30 
220 
771 
90 
987 
43 
956 
71 
432 
829 
905 
32 
73 
360 
298 
530 
35 
208 
162 
69 
870 
438 
151 
268 
616 
852 
350 
303 
758 
961 
4 
531 
187 
46 
361 
763 
280 
898 
922 
277 
400 
926 
681 
147 
163 
327 
8 
938 
542 
974 
228 
738 
357 
607 
33 
48 
555 
881 
476 
979 
835 
485 
99 
937 
945 
586 
200 
838 
16 
948 
940 
170 
845 
704 
970 
470 
209 
764 
24 
867 
87 
227 
618 
650 
680 
349 
306 
601 
85 
56 
253 
54 
804 
49 
17 
407 
25 
865 
79 
71 
435 
906 
245 
222 
702 
129 
34 
972 
684 
404 
454 
732 
890 
161 
94 
367 
8 
497 
312 
868 
375 
737 
321 
971 
239 
129 
824 
500 
664 
438 
866 
155 
412 
290 
601 
222 
246 
228 
828 
755 
291 
112 
40 
169 
159 
263 
834 
666 
23 
882 
258 
263 
286 
811 
981 
179 
50 
744 
429 
545 
165 
180 
698 
520 
552 
775 
245 
436 
254 
842 
746 
946 
618 
124 
7 
132 
855 
855 
298 
74 
85 
760 
401 
494 
235 
419 
526 
434 
920 
120 
567 
980 
60 
809 
935 
436 
510 
554 
473 
125 
25 
389 
293 
541 
548 
179 
646 
387 
244 
433 
92 
505 
522 
590 
215 
706 
579 
16 
145 
861 
30 
552 
38 
868 
565 
522 
234 
445 
228 
214 
884 
883 
56 
62 
778 
648 
414 
595 
386 
662 
295 
608 
406 
114 
999 
48 
805 
503 
315 
43 
289 
706 
318 
121 
21 
507 
410 
552 
22 
112 
462 
956 
7 
647 
56 
65 
443 
94 
570 
829 
890 
11 
262 
451 
347 
683 
620 
502 
42 
333 
150 
117 
382 
54 
962 
999 
379 
559 
390 
532 
708 
732 
983 
51 
919 
620 
969 
933 
624 
556 
84 
244 
269 
921 
818 
59 
492 
485 
45 
718 
745 
147 
869 
333 
179 
500 
6 
17 
775 
208 
648 
110 
321 
301 
141 
922 
709 
565 
187 
798 
64 
294 
263 
709 
48 
178 
915 
286 
672 
456 
794 
687 
236 
142 
560 
41 
512 
918 
315 
205 
439 
689 
418 
723 
764 
59 
253 
205 
217 
82 
329 
824 
453 
527 
13 
287 
129 
166 
542 
416 
269 
244 
87 
893 
61 
654 
172 
573 
923 
632 
408 
857 
477 
319 
941 
649 
50 
964 
386 
569 
518 
687 
540 
601 
587 
684 
517 
384 
899 
93 
117 
404 
594 
352 
523 
117 
137 
624 
33 
3 
115 
521 
30 
637 
25 
578 
625 
460 
25 
99 
792 
63 
194 
202 
797 
32 
441 
218 
946 
744 
82 
16 
32 
927 
92 
342 
871 
524 
689 
197 
706 
122 
343 
9 
638 
28 
970 
232 
52 
948 
654 
374 
973 
74 
420 
961 
879 
83 
291 
558 
477 
939 
794 
325 
216 
199 
961 
866 
330 
554 
168 
124 
266 
313 
39 
681 
408 
849 
220 
688 
797 
264 
480 
761 
309 
197 
792 
20 
8 
895 
123 
994 
936 
241 
91 
728 
805 
671 
753 
552 
221 
318 
331 
552 
948 
71 
624 
464 
987 
963 
577 
688 
833 
438 
411 
206 
107 
461 
526 
262 
407 
38 
559 
587 
393 
546 
471 
471 
169 
82 
18 
823 
199 
400 
714 
97 
168 
629 
365 
116 
104 
151 
332 
559 
412 
909 
879 
772 
40 
876 
32 
61 
13 
458 
664 
229 
56 
49 
352 
96 
111 
514 
170 
453 
797 
595 
525 
805 
552 
839 
437 
982 
918 
138 
799 
137 
17 
296 
460 
84 
349 
842 
141 
561 
728 
205 
505 
152 
143 
284 
786 
352 
352 
219 
117 
18 
211 
161 
849 
590 
285 
537 
53 
577 
618 
63 
120 
779 
298 
737 
27 
778 
356 
201 
161 
164 
350 
487 
955 
708 
328 
624 
115 
585 
354 
204 
178 
631 
752 
333 
218 
216 
981 
684 
634 
229 
608 
428 
146 
518 
229 
80 
8 
382 
670 
762 
989 
849 
146 
204 
594 
339 
102 
749 
188 
544 
353 
289 
165 
18 
462 
802 
781 
268 
96 
405 
6 
955 
180 
573 
455 
682 
91 
104 
610 
426 
831 
303 
966 
