1 
268 
155 
250 
483 
551 
64 
11 
11 
734 
70 
438 
367 
42 
76 
472 
3 
6 
69 
104 
143 
20 
686 
717 
416 
463 
162 
947 
139 
42 
641 
171 
712 
64 
109 
979 
859 
157 
962 
38 
654 
927 
81 
149 
937 
117 
854 
548 
752 
190 
182 
306 
619 
761 
28 
374 
332 
594 
637 
90 
620 
389 
427 
940 
944 
355 
727 
159 
785 
119 
377 
71 
769 
654 
472 
267 
759 
69 
169 
191 
357 
250 
15 
22 
490 
846 
110 
87 
998 
561 
602 
887 
17 
417 
694 
415 
130 
401 
739 
138 
498 
277 
810 
412 
334 
621 
280 
39 
488 
370 
816 
137 
559 
569 
827 
402 
353 
529 
66 
265 
160 
760 
2 
135 
30 
57 
746 
627 
420 
934 
556 
939 
324 
13 
74 
78 
374 
315 
680 
414 
691 
816 
565 
317 
930 
123 
298 
596 
673 
338 
266 
839 
252 
484 
941 
845 
254 
935 
814 
282 
657 
302 
81 
496 
32 
609 
165 
299 
784 
126 
267 
551 
162 
360 
113 
38 
676 
278 
226 
241 
15 
233 
299 
722 
937 
538 
11 
636 
665 
465 
287 
393 
730 
325 
155 
260 
800 
859 
198 
347 
23 
43 
946 
812 
433 
818 
499 
421 
191 
135 
640 
519 
200 
96 
494 
67 
275 
51 
122 
19 
552 
456 
264 
100 
63 
340 
1 
14 
483 
665 
482 
567 
521 
290 
227 
955 
539 
216 
926 
422 
536 
199 
276 
293 
37 
525 
997 
334 
850 
793 
1 
1 
200 
91 
941 
144 
15 
12 
503 
384 
55 
360 
168 
137 
175 
846 
533 
532 
136 
80 
803 
784 
82 
739 
28 
797 
209 
228 
155 
790 
464 
10 
457 
930 
643 
332 
282 
99 
733 
407 
359 
346 
949 
692 
604 
186 
553 
867 
33 
258 
34 
148 
2 
862 
82 
722 
580 
939 
39 
228 
172 
460 
557 
683 
985 
45 
302 
359 
329 
463 
312 
567 
116 
927 
279 
468 
906 
683 
433 
176 
699 
46 
89 
218 
300 
78 
778 
129 
45 
680 
4 
8 
419 
93 
77 
773 
256 
755 
951 
255 
430 
978 
107 
751 
943 
324 
3 
9 
514 
449 
361 
14 
758 
901 
529 
669 
729 
875 
653 
409 
30 
242 
324 
23 
356 
51 
53 
191 
661 
145 
965 
33 
779 
150 
389 
3 
361 
133 
363 
615 
225 
133 
190 
5 
670 
434 
104 
522 
82 
540 
74 
835 
968 
56 
503 
782 
320 
48 
19 
903 
8 
192 
443 
206 
557 
80 
112 
354 
83 
849 
70 
306 
246 
439 
217 
324 
805 
375 
33 
644 
13 
991 
84 
945 
516 
1 
449 
33 
58 
342 
638 
116 
11 
495 
43 
242 
889 
445 
17 
784 
758 
252 
553 
810 
25 
390 
892 
699 
671 
160 
312 
595 
645 
167 
32 
231 
717 
996 
226 
518 
218 
532 
5 
404 
726 
179 
139 
21 
54 
384 
246 
889 
34 
134 
356 
189 
731 
666 
29 
188 
374 
139 
4 
14 
157 
45 
593 
561 
588 
941 
794 
48 
572 
604 
943 
372 
127 
353 
65 
981 
249 
791 
325 
812 
655 
17 
704 
79 
364 
76 
204 
437 
196 
100 
207 
905 
276 
982 
215 
125 
503 
389 
50 
754 
854 
684 
111 
246 
461 
354 
432 
196 
401 
43 
158 
975 
63 
640 
503 
161 
385 
39 
81 
736 
751 
33 
506 
240 
107 
629 
140 
153 
290 
820 
195 
542 
279 
464 
2 
474 
641 
60 
717 
68 
136 
253 
601 
260 
347 
2 
727 
992 
162 
440 
848 
275 
261 
779 
389 
752 
97 
13 
831 
405 
351 
378 
89 
984 
279 
855 
61 
53 
333 
183 
93 
437 
713 
557 
500 
155 
39 
51 
357 
710 
60 
60 
487 
600 
189 
281 
466 
905 
211 
41 
452 
37 
149 
696 
342 
985 
598 
496 
175 
111 
947 
862 
430 
487 
909 
318 
990 
887 
277 
723 
26 
319 
513 
626 
351 
775 
337 
339 
53 
9 
208 
173 
435 
23 
584 
451 
429 
6 
112 
37 
24 
457 
3 
11 
102 
295 
682 
561 
63 
675 
376 
29 
26 
171 
64 
127 
689 
699 
715 
175 
393 
368 
675 
735 
83 
437 
346 
358 
900 
631 
754 
478 
37 
1 
176 
538 
771 
1 
359 
621 
686 
203 
326 
382 
99 
37 
72 
446 
947 
43 
647 
201 
69 
549 
718 
772 
736 
196 
417 
333 
931 
35 
120 
333 
312 
58 
488 
768 
750 
781 
45 
475 
748 
611 
134 
719 
225 
678 
14 
336 
464 
592 
304 
601 
670 
936 
4 
739 
763 
458 
777 
804 
396 
244 
141 
44 
190 
202 
181 
182 
203 
10 
849 
159 
4 
990 
80 
627 
329 
493 
220 
893 
478 
349 
41 
287 
360 
352 
85 
320 
277 
64 
544 
159 
131 
936 
896 
89 
316 
594 
676 
607 
191 
388 
624 
37 
283 
447 
467 
770 
494 
678 
81 
308 
458 
754 
149 
652 
139 
534 
4 
449 
125 
74 
528 
117 
57 
528 
28 
157 
357 
141 
173 
6 
588 
312 
525 
189 
869 
590 
525 
332 
217 
58 
68 
21 
240 
126 
302 
305 
54 
620 
84 
899 
843 
13 
635 
33 
459 
257 
171 
118 
370 
324 
228 
373 
120 
727 
862 
311 
208 
134 
885 
121 
622 
847 
375 
478 
262 
472 
4 
636 
200 
674 
181 
42 
67 
729 
172 
319 
3 
981 
37 
109 
426 
331 
254 
53 
8 
312 
885 
916 
909 
270 
58 
26 
81 
1 
30 
307 
827 
1 
443 
922 
305 
737 
4 
681 
67 
428 
9 
719 
825 
375 
248 
867 
67 
249 
57 
341 
155 
998 
10 
258 
582 
815 
138 
947 
422 
74 
402 
598 
268 
51 
69 
119 
493 
601 
369 
155 
394 
833 
421 
26 
732 
688 
44 
263 
839 
772 
116 
70 
212 
713 
137 
476 
266 
194 
995 
374 
657 
966 
925 
19 
683 
466 
866 
450 
776 
75 
692 
386 
379 
972 
97 
901 
15 
490 
990 
959 
493 
206 
670 
768 
801 
228 
140 
384 
845 
999 
460 
494 
327 
715 
984 
640 
760 
716 
252 
654 
555 
472 
363 
383 
738 
821 
391 
4 
86 
501 
1 
223 
1 
8 
843 
239 
631 
38 
18 
445 
47 
978 
639 
89 
128 
779 
206 
406 
162 
593 
968 
706 
39 
26 
334 
613 
587 
185 
23 
495 
318 
751 
783 
644 
807 
303 
255 
840 
452 
545 
5 
224 
70 
835 
894 
628 
284 
261 
347 
380 
955 
391 
461 
231 
614 
2 
771 
76 
85 
367 
639 
245 
93 
922 
489 
424 
23 
197 
444 
31 
216 
74 
999 
656 
17 
345 
829 
382 
568 
3 
114 
554 
650 
7 
192 
39 
377 
250 
425 
790 
721 
385 
485 
118 
995 
141 
242 
368 
161 
199 
532 
184 
39 
713 
198 
727 
319 
253 
694 
533 
791 
64 
513 
710 
176 
794 
637 
24 
632 
477 
219 
248 
37 
18 
136 
220 
585 
950 
11 
68 
537 
992 
17 
656 
232 
89 
96 
369 
523 
262 
8 
763 
33 
18 
135 
622 
208 
409 
353 
325 
900 
187 
19 
15 
787 
674 
832 
128 
346 
208 
672 
776 
444 
922 
762 
252 
52 
273 
710 
252 
494 
142 
113 
251 
847 
608 
476 
17 
136 
442 
330 
236 
300 
771 
61 
90 
363 
296 
277 
582 
102 
726 
952 
77 
943 
309 
134 
37 
203 
893 
486 
3 
378 
621 
70 
689 
564 
583 
1 
220 
125 
727 
23 
418 
57 
460 
256 
766 
994 
824 
946 
907 
700 
28 
946 
511 
898 
580 
57 
237 
224 
286 
674 
517 
323 
554 
137 
33 
184 
858 
401 
651 
357 
876 
312 
267 
395 
223 
897 
30 
320 
278 
463 
107 
718 
275 
60 
431 
583 
600 
941 
284 
250 
23 
777 
124 
118 
36 
877 
460 
312 
761 
71 
122 
231 
80 
641 
860 
269 
1 
839 
12 
288 
350 
472 
938 
455 
287 
101 
76 
417 
81 
245 
179 
831 
842 
1000 
997 
122 
16 
263 
481 
732 
517 
671 
490 
636 
419 
136 
760 
957 
269 
560 
312 
200 
452 
651 
621 
1 
10 
109 
411 
518 
995 
309 
127 
980 
109 
671 
562 
356 
786 
696 
783 
689 
50 
810 
8 
26 
389 
771 
158 
609 
97 
52 
38 
56 
149 
664 
145 
210 
966 
18 
593 
503 
480 
894 
90 
299 
209 
967 
541 
38 
256 
297 
88 
213 
670 
198 
457 
988 
540 
247 
416 
451 
991 
956 
888 
247 
351 
290 
794 
887 
721 
436 
95 
699 
792 
273 
790 
255 
176 
483 
480 
72 
163 
315 
5 
79 
16 
919 
380 
22 
681 
371 
3 
405 
411 
478 
1 
6 
431 
958 
274 
948 
166 
498 
213 
316 
939 
762 
539 
976 
498 
386 
15 
370 
206 
31 
583 
850 
648 
25 
35 
553 
554 
652 
534 
393 
334 
316 
741 
664 
539 
288 
149 
996 
393 
416 
64 
358 
863 
4 
867 
239 
568 
407 
666 
105 
394 
156 
54 
116 
461 
458 
161 
111 
223 
721 
894 
434 
157 
810 
911 
975 
335 
432 
241 
484 
361 
700 
123 
36 
376 
597 
939 
293 
1 
899 
21 
362 
953 
62 
894 
738 
47 
1 
129 
522 
346 
812 
675 
198 
966 
968 
1 
886 
184 
937 
816 
15 
370 
939 
226 
54 
838 
232 
556 
186 
682 
193 
639 
791 
540 
539 
434 
3 
570 
160 
610 
440 
165 
605 
993 
708 
54 
859 
131 
966 
181 
170 
896 
265 
189 
424 
473 
385 
720 
596 
826 
844 
897 
522 
366 
79 
449 
897 
178 
496 
38 
434 
55 
874 
461 
586 
717 
590 
541 
144 
209 
194 
54 
73 
544 
114 
978 
741 
374 
21 
137 
773 
24 
647 
389 
319 
792 
318 
643 
45 
102 
380 
612 
519 
537 
50 
715 
293 
612 
968 
2 
447 
234 
756 
1 
22 
330 
58 
514 
874 
132 
254 
162 
235 
118 
643 
43 
533 
977 
119 
767 
8 
867 
22 
811 
212 
611 
22 
892 
77 
125 
364 
262 
10 
737 
683 
208 
525 
117 
566 
69 
317 
84 
123 
575 
759 
38 
689 
9 
792 
77 
131 
599 
558 
736 
228 
358 
21 
297 
725 
456 
136 
922 
472 
117 
283 
61 
179 
353 
272 
541 
195 
20 
974 
574 
16 
197 
278 
925 
866 
640 
550 
302 
395 
374 
95 
139 
544 
394 
73 
53 
720 
368 
450 
648 
579 
248 
851 
668 
797 
542 
74 
424 
332 
18 
457 
131 
21 
661 
832 
610 
991 
104 
681 
292 
121 
57 
527 
264 
633 
872 
13 
510 
593 
366 
832 
886 
908 
937 
666 
999 
445 
139 
296 
14 
708 
499 
486 
366 
784 
476 
253 
502 
242 
159 
353 
654 
169 
430 
86 
489 
998 
716 
218 
944 
812 
341 
209 
20 
402 
840 
187 
96 
672 
149 
278 
306 
26 
313 
546 
840 
679 
296 
598 
172 
703 
266 
1 
964 
162 
587 
11 
1 
130 
940 
925 
780 
225 
4 
149 
88 
703 
536 
221 
679 
807 
114 
845 
292 
640 
689 
573 
667 
147 
16 
277 
294 
515 
395 
595 
380 
829 
888 
672 
319 
714 
96 
195 
192 
206 
239 
146 
874 
918 
122 
362 
750 
218 
419 
235 
238 
966 
127 
161 
399 
862 
774 
175 
778 
269 
58 
653 
360 
54 
586 
167 
467 
57 
813 
346 
493 
413 
141 
993 
143 
525 
111 
205 
32 
174 
498 
77 
344 
600 
858 
324 
141 
325 
86 
250 
137 
701 
742 
1 
947 
116 
3 
829 
264 
589 
9 
979 
616 
230 
13 
698 
310 
46 
724 
26 
119 
530 
495 
543 
102 
233 
827 
67 
119 
468 
538 
21 
393 
167 
550 
150 
744 
8 
382 
70 
819 
863 
248 
207 
86 
17 
132 
501 
188 
890 
188 
31 
637 
986 
855 
55 
524 
188 
131 
172 
66 
433 
284 
391 
4 
42 
441 
236 
775 
318 
45 
595 
497 
132 
424 
559 
476 
17 
86 
883 
610 
295 
619 
278 
340 
105 
489 
738 
49 
153 
336 
910 
23 
96 
369 
527 
904 
9 
324 
812 
628 
23 
697 
773 
362 
608 
524 
35 
660 
895 
338 
107 
892 
631 
43 
519 
42 
158 
100 
763 
192 
52 
873 
22 
864 
817 
36 
12 
336 
426 
599 
34 
23 
296 
251 
109 
359 
977 
11 
201 
289 
728 
591 
604 
636 
949 
93 
211 
409 
211 
297 
525 
672 
318 
87 
458 
10 
682 
39 
636 
159 
400 
124 
263 
361 
29 
42 
29 
391 
668 
782 
126 
333 
816 
998 
953 
380 
160 
203 
177 
87 
69 
906 
433 
515 
113 
23 
417 
40 
382 
246 
139 
312 
33 
510 
224 
102 
856 
542 
409 
51 
413 
78 
898 
49 
780 
67 
848 
432 
339 
878 
20 
40 
427 
344 
275 
415 
226 
605 
25 
465 
502 
4 
250 
6 
443 
716 
25 
336 
157 
73 
412 
289 
693 
449 
333 
23 
895 
764 
109 
180 
361 
223 
11 
266 
750 
16 
533 
835 
33 
911 
641 
947 
937 
315 
108 
111 
20 
263 
151 
928 
2 
193 
613 
544 
526 
792 
631 
525 
154 
57 
704 
284 
82 
921 
267 
96 
920 
697 
841 
992 
475 
668 
291 
350 
499 
66 
51 
115 
245 
437 
53 
620 
15 
460 
936 
9 
755 
932 
24 
917 
585 
981 
559 
712 
93 
234 
815 
935 
72 
421 
119 
692 
485 
26 
790 
324 
735 
865 
679 
550 
11 
494 
5 
457 
911 
575 
407 
326 
556 
521 
457 
427 
908 
580 
358 
779 
290 
18 
430 
29 
139 
57 
30 
642 
848 
618 
71 
17 
485 
818 
673 
947 
134 
983 
255 
731 
426 
259 
300 
892 
645 
956 
183 
88 
25 
468 
182 
426 
956 
519 
933 
777 
5 
922 
463 
902 
837 
455 
802 
390 
209 
711 
305 
98 
505 
471 
156 
277 
492 
346 
979 
619 
741 
143 
290 
206 
142 
127 
959 
971 
387 
396 
597 
404 
235 
734 
123 
239 
812 
830 
319 
398 
18 
426 
627 
716 
104 
125 
918 
11 
64 
846 
361 
181 
271 
194 
232 
257 
218 
63 
17 
292 
640 
174 
26 
238 
46 
63 
154 
651 
720 
681 
689 
981 
639 
99 
752 
55 
691 
622 
304 
928 
760 
275 
59 
896 
648 
954 
491 
17 
676 
529 
128 
390 
435 
323 
821 
172 
720 
244 
183 
237 
96 
275 
977 
153 
5 
695 
293 
615 
218 
441 
602 
336 
863 
731 
329 
175 
36 
8 
231 
666 
133 
721 
726 
648 
119 
273 
298 
678 
701 
308 
12 
428 
343 
967 
548 
70 
152 
466 
257 
577 
624 
43 
758 
718 
191 
228 
69 
72 
244 
64 
368 
256 
11 
781 
402 
566 
264 
400 
713 
858 
799 
209 
409 
312 
917 
340 
627 
21 
896 
577 
990 
363 
480 
38 
210 
139 
47 
255 
436 
606 
419 
454 
824 
43 
309 
488 
994 
24 
57 
174 
582 
12 
541 
611 
65 
431 
96 
519 
889 
78 
616 
743 
729 
550 
29 
952 
508 
403 
856 
362 
76 
940 
356 
905 
975 
748 
116 
211 
455 
207 
363 
268 
367 
6 
67 
39 
843 
86 
737 
199 
1 
482 
392 
150 
89 
952 
501 
823 
64 
292 
751 
190 
180 
717 
211 
152 
982 
601 
635 
873 
88 
297 
294 
75 
8 
146 
820 
99 
773 
26 
354 
984 
185 
659 
198 
27 
889 
272 
842 
135 
337 
531 
40 
380 
705 
435 
651 
325 
76 
275 
194 
92 
184 
969 
848 
643 
868 
409 
789 
325 
668 
763 
933 
384 
607 
344 
2 
764 
1000 
616 
27 
64 
86 
611 
336 
490 
752 
887 
827 
39 
161 
836 
214 
970 
218 
666 
788 
429 
389 
48 
21 
502 
148 
59 
284 
183 
830 
653 
18 
896 
205 
321 
90 
865 
452 
378 
53 
127 
943 
2 
222 
117 
726 
722 
533 
92 
649 
34 
867 
404 
314 
721 
617 
594 
66 
315 
966 
39 
230 
313 
338 
2 
479 
112 
142 
1 
196 
885 
162 
714 
662 
922 
38 
284 
777 
582 
112 
729 
282 
493 
63 
913 
942 
678 
631 
172 
26 
532 
741 
808 
22 
20 
311 
274 
21 
557 
769 
283 
606 
15 
72 
75 
230 
701 
101 
988 
339 
473 
231 
341 
376 
92 
768 
804 
672 
18 
809 
27 
352 
312 
740 
442 
645 
472 
879 
809 
10 
462 
571 
630 
689 
795 
629 
610 
224 
41 
422 
16 
132 
976 
785 
664 
352 
716 
739 
504 
207 
664 
426 
443 
273 
282 
877 
304 
48 
839 
497 
484 
708 
772 
26 
466 
830 
41 
728 
543 
844 
846 
95 
643 
243 
441 
390 
194 
568 
537 
1 
28 
313 
174 
883 
328 
369 
229 
285 
33 
39 
456 
33 
96 
919 
997 
11 
627 
279 
308 
11 
186 
635 
466 
448 
599 
424 
499 
428 
102 
379 
921 
382 
464 
20 
36 
973 
768 
779 
231 
978 
362 
498 
727 
344 
215 
49 
743 
52 
323 
829 
483 
774 
741 
322 
672 
791 
42 
67 
392 
753 
799 
814 
521 
596 
2 
292 
37 
206 
787 
474 
326 
348 
771 
540 
67 
709 
234 
25 
96 
886 
299 
596 
201 
850 
869 
730 
269 
843 
258 
705 
576 
34 
756 
17 
49 
732 
601 
293 
376 
858 
107 
354 
327 
311 
16 
351 
297 
470 
630 
186 
593 
285 
660 
305 
552 
819 
943 
515 
575 
932 
160 
43 
6 
514 
468 
479 
26 
360 
694 
438 
783 
202 
786 
604 
481 
218 
610 
429 
770 
5 
357 
572 
20 
440 
568 
899 
897 
3 
482 
612 
168 
660 
466 
224 
435 
709 
330 
151 
4 
705 
373 
496 
556 
351 
897 
395 
25 
805 
24 
29 
746 
423 
151 
975 
607 
286 
153 
457 
188 
6 
176 
12 
258 
906 
858 
82 
160 
295 
155 
902 
601 
110 
181 
270 
741 
791 
298 
884 
596 
328 
422 
176 
911 
962 
163 
324 
2 
492 
474 
875 
223 
748 
467 
35 
309 
870 
98 
998 
336 
950 
177 
212 
32 
970 
959 
376 
208 
659 
212 
465 
210 
466 
335 
938 
705 
303 
379 
650 
737 
52 
483 
97 
336 
63 
40 
409 
123 
673 
605 
613 
401 
181 
692 
315 
575 
539 
332 
53 
482 
224 
704 
661 
348 
46 
73 
409 
119 
86 
9 
107 
86 
208 
904 
70 
630 
19 
32 
146 
335 
757 
922 
521 
1 
590 
912 
475 
45 
576 
332 
653 
63 
560 
759 
577 
607 
428 
141 
429 
861 
218 
34 
49 
649 
505 
368 
262 
913 
854 
95 
634 
1 
617 
855 
849 
698 
892 
30 
364 
556 
139 
822 
77 
366 
205 
870 
708 
6 
937 
149 
930 
170 
167 
4 
490 
234 
293 
197 
10 
5 
20 
550 
915 
120 
224 
361 
506 
841 
562 
474 
52 
1 
329 
483 
950 
209 
758 
13 
652 
497 
807 
166 
285 
638 
912 
160 
512 
426 
392 
981 
991 
12 
197 
595 
563 
541 
919 
156 
563 
480 
101 
715 
273 
358 
181 
33 
635 
154 
51 
12 
208 
208 
696 
553 
693 
78 
1000 
39 
27 
230 
698 
457 
270 
245 
236 
258 
142 
389 
6 
412 
761 
16 
783 
184 
440 
742 
707 
214 
180 
356 
116 
134 
832 
774 
48 
53 
175 
404 
108 
131 
735 
41 
655 
49 
497 
398 
319 
172 
120 
814 
705 
81 
466 
772 
949 
475 
633 
238 
385 
40 
1 
171 
10 
176 
268 
27 
846 
556 
916 
407 
619 
306 
423 
650 
9 
607 
249 
721 
415 
217 
601 
75 
48 
654 
464 
851 
40 
899 
99 
20 
513 
421 
225 
839 
243 
456 
18 
488 
419 
5 
194 
20 
6 
835 
961 
127 
887 
692 
723 
328 
54 
301 
150 
348 
614 
843 
506 
867 
211 
622 
287 
74 
227 
204 
505 
100 
50 
127 
338 
312 
405 
454 
106 
679 
204 
110 
117 
747 
832 
121 
20 
162 
134 
410 
45 
218 
567 
17 
130 
812 
483 
662 
43 
979 
152 
19 
780 
319 
965 
249 
424 
114 
162 
319 
247 
1 
445 
69 
2 
104 
568 
765 
339 
170 
31 
166 
266 
180 
325 
301 
296 
611 
12 
137 
974 
64 
633 
873 
768 
463 
183 
88 
772 
698 
486 
551 
269 
318 
74 
260 
148 
301 
118 
539 
127 
905 
202 
763 
596 
877 
559 
552 
589 
167 
869 
558 
570 
141 
373 
192 
128 
199 
701 
222 
232 
203 
357 
64 
827 
321 
408 
584 
240 
123 
506 
733 
311 
649 
909 
889 
132 
662 
306 
171 
494 
406 
135 
819 
281 
216 
270 
810 
325 
558 
714 
643 
189 
130 
165 
240 
163 
103 
922 
249 
993 
813 
843 
543 
938 
17 
616 
139 
7 
719 
45 
348 
435 
516 
993 
606 
786 
885 
75 
972 
198 
269 
263 
295 
514 
333 
444 
769 
239 
500 
16 
241 
130 
606 
213 
612 
195 
679 
927 
910 
648 
317 
35 
476 
146 
642 
38 
847 
361 
366 
733 
600 
386 
217 
1 
459 
815 
847 
301 
96 
297 
130 
517 
1 
379 
27 
789 
405 
958 
834 
695 
793 
306 
179 
471 
66 
257 
63 
751 
276 
165 
240 
418 
232 
17 
524 
5 
244 
620 
284 
674 
364 
626 
970 
151 
80 
931 
7 
195 
514 
122 
312 
890 
188 
69 
795 
578 
35 
876 
416 
442 
5 
655 
387 
263 
491 
243 
72 
939 
142 
373 
210 
424 
734 
560 
571 
142 
602 
796 
606 
364 
626 
132 
308 
305 
368 
231 
178 
713 
118 
179 
550 
3 
683 
656 
489 
467 
14 
673 
219 
973 
417 
29 
613 
277 
197 
753 
269 
209 
163 
255 
2 
340 
660 
991 
276 
213 
311 
974 
806 
517 
70 
277 
689 
62 
96 
348 
555 
941 
483 
858 
459 
386 
481 
75 
573 
298 
670 
145 
532 
705 
785 
615 
262 
756 
830 
62 
554 
74 
724 
197 
42 
584 
487 
4 
724 
15 
263 
298 
572 
521 
200 
763 
219 
644 
605 
715 
837 
180 
87 
254 
490 
379 
392 
250 
550 
260 
735 
519 
543 
866 
359 
232 
733 
562 
541 
490 
396 
634 
773 
214 
192 
174 
405 
849 
19 
701 
37 
189 
980 
373 
738 
512 
275 
383 
76 
101 
543 
4 
956 
941 
293 
207 
330 
601 
465 
772 
633 
752 
966 
986 
4 
172 
403 
687 
47 
472 
2 
84 
37 
31 
963 
214 
875 
171 
469 
159 
144 
561 
273 
857 
908 
162 
367 
982 
5 
94 
107 
410 
770 
829 
119 
874 
334 
463 
214 
472 
490 
741 
619 
351 
103 
164 
377 
621 
59 
436 
221 
209 
410 
142 
779 
709 
450 
59 
1 
50 
500 
97 
50 
435 
542 
599 
621 
397 
9 
209 
662 
81 
532 
815 
977 
510 
166 
945 
860 
739 
435 
626 
527 
186 
752 
151 
793 
662 
338 
220 
934 
663 
228 
403 
86 
398 
734 
626 
291 
6 
371 
1000 
792 
148 
676 
299 
683 
3 
201 
853 
18 
874 
139 
42 
461 
929 
113 
795 
765 
960 
16 
859 
24 
250 
335 
924 
969 
846 
43 
322 
631 
228 
315 
859 
125 
126 
689 
264 
971 
399 
110 
460 
301 
902 
425 
506 
27 
586 
122 
970 
712 
824 
506 
208 
94 
48 
302 
115 
269 
277 
411 
983 
753 
541 
175 
616 
81 
445 
568 
123 
55 
420 
146 
368 
155 
246 
786 
400 
61 
254 
143 
615 
169 
814 
63 
734 
229 
258 
211 
364 
191 
400 
231 
296 
444 
644 
895 
496 
630 
9 
3 
141 
779 
426 
636 
67 
462 
854 
296 
259 
94 
16 
13 
420 
184 
461 
590 
4 
147 
749 
72 
336 
434 
324 
26 
678 
7 
363 
384 
832 
918 
39 
281 
457 
570 
490 
947 
437 
170 
16 
178 
22 
511 
587 
85 
942 
959 
172 
659 
440 
609 
66 
680 
769 
859 
456 
306 
765 
396 
632 
337 
624 
48 
753 
654 
866 
300 
589 
102 
601 
812 
464 
866 
921 
15 
175 
981 
307 
744 
997 
228 
460 
7 
408 
142 
318 
653 
214 
823 
719 
296 
94 
423 
476 
785 
150 
772 
723 
59 
550 
310 
556 
64 
97 
328 
911 
45 
398 
733 
116 
452 
260 
391 
365 
98 
404 
958 
596 
55 
987 
965 
445 
746 
569 
714 
588 
585 
423 
192 
426 
41 
101 
388 
11 
98 
641 
846 
577 
59 
69 
755 
597 
751 
161 
757 
186 
191 
77 
627 
35 
856 
85 
253 
8 
131 
45 
335 
209 
184 
284 
810 
20 
380 
511 
456 
475 
183 
916 
466 
437 
64 
310 
45 
267 
396 
182 
200 
123 
134 
506 
52 
935 
27 
1 
189 
830 
209 
463 
64 
56 
524 
977 
819 
169 
630 
111 
417 
10 
111 
762 
534 
250 
735 
872 
622 
191 
452 
432 
859 
295 
343 
503 
755 
150 
49 
115 
560 
966 
138 
2 
367 
432 
70 
330 
6 
45 
148 
636 
605 
706 
744 
197 
19 
235 
257 
824 
368 
888 
737 
626 
247 
388 
110 
38 
832 
205 
581 
751 
7 
26 
11 
1 
542 
712 
371 
194 
200 
975 
18 
14 
355 
298 
847 
339 
778 
964 
966 
268 
837 
967 
428 
369 
318 
548 
442 
975 
18 
31 
89 
315 
223 
228 
501 
713 
651 
361 
903 
947 
94 
716 
877 
123 
141 
177 
54 
123 
410 
746 
816 
125 
627 
699 
98 
306 
808 
646 
144 
692 
255 
330 
503 
110 
716 
140 
337 
37 
963 
325 
508 
212 
134 
258 
415 
47 
644 
623 
306 
67 
66 
416 
487 
885 
721 
83 
914 
81 
321 
445 
551 
561 
947 
116 
326 
162 
532 
393 
965 
950 
458 
34 
224 
45 
176 
234 
515 
418 
651 
758 
355 
5 
784 
532 
753 
405 
44 
331 
39 
197 
90 
293 
188 
38 
151 
294 
810 
821 
277 
151 
925 
909 
63 
949 
632 
252 
981 
60 
562 
537 
560 
346 
127 
789 
983 
246 
75 
884 
575 
869 
513 
331 
279 
682 
320 
125 
330 
243 
783 
537 
106 
113 
54 
809 
91 
113 
337 
279 
721 
746 
415 
89 
287 
357 
197 
234 
88 
176 
41 
312 
297 
296 
763 
431 
829 
123 
703 
216 
150 
535 
176 
478 
804 
70 
249 
360 
595 
375 
1 
693 
555 
564 
613 
336 
272 
892 
1 
927 
161 
247 
514 
81 
80 
464 
622 
949 
359 
106 
223 
78 
180 
261 
627 
393 
631 
785 
992 
192 
274 
246 
271 
584 
42 
707 
834 
339 
137 
295 
132 
963 
45 
524 
345 
605 
413 
369 
188 
567 
914 
134 
152 
57 
779 
329 
348 
72 
506 
981 
5 
569 
38 
163 
209 
3 
131 
822 
45 
778 
37 
319 
141 
789 
714 
774 
152 
10 
855 
313 
114 
93 
909 
726 
26 
871 
29 
112 
590 
386 
162 
227 
648 
365 
777 
698 
11 
402 
89 
564 
519 
939 
78 
42 
188 
370 
108 
325 
231 
155 
503 
296 
28 
463 
667 
288 
85 
471 
506 
752 
620 
874 
490 
774 
82 
323 
568 
768 
247 
712 
731 
47 
63 
80 
662 
737 
63 
514 
299 
49 
21 
420 
171 
900 
936 
114 
937 
15 
79 
285 
822 
230 
294 
887 
186 
36 
258 
986 
2 
958 
64 
907 
443 
966 
623 
10 
74 
58 
519 
575 
78 
773 
46 
372 
520 
118 
945 
363 
73 
319 
74 
485 
90 
541 
238 
486 
219 
248 
103 
225 
906 
959 
804 
154 
405 
618 
35 
17 
144 
85 
855 
176 
954 
317 
199 
606 
695 
218 
299 
270 
464 
821 
522 
516 
3 
467 
648 
3 
346 
395 
149 
298 
317 
996 
418 
909 
497 
409 
143 
200 
420 
3 
113 
602 
452 
2 
83 
797 
109 
21 
302 
439 
567 
53 
273 
157 
668 
821 
658 
74 
157 
61 
247 
11 
899 
761 
151 
141 
233 
282 
114 
9 
11 
969 
595 
388 
225 
588 
171 
694 
535 
419 
55 
3 
15 
896 
39 
41 
223 
392 
109 
694 
493 
849 
442 
174 
579 
684 
219 
256 
506 
99 
894 
360 
506 
57 
951 
93 
775 
956 
331 
446 
189 
605 
91 
940 
920 
877 
207 
335 
311 
305 
340 
222 
864 
988 
275 
564 
85 
488 
1 
527 
612 
454 
38 
133 
218 
1 
182 
703 
25 
174 
734 
92 
19 
146 
389 
975 
10 
862 
356 
73 
307 
148 
14 
580 
83 
153 
919 
26 
904 
954 
99 
854 
1 
2 
629 
2 
501 
249 
862 
511 
463 
5 
283 
459 
549 
520 
163 
784 
60 
389 
422 
123 
235 
178 
642 
682 
353 
492 
932 
147 
568 
600 
2 
1 
441 
40 
423 
21 
172 
571 
400 
599 
803 
688 
330 
394 
534 
737 
65 
458 
91 
779 
457 
128 
837 
44 
129 
906 
350 
139 
527 
378 
54 
460 
415 
191 
32 
29 
751 
2 
345 
480 
437 
483 
673 
746 
27 
408 
601 
360 
27 
880 
301 
634 
14 
371 
423 
357 
351 
135 
129 
29 
683 
728 
357 
921 
772 
39 
641 
404 
323 
968 
515 
801 
199 
963 
687 
585 
83 
890 
316 
210 
805 
592 
346 
931 
114 
360 
583 
587 
731 
122 
500 
568 
93 
142 
500 
622 
207 
535 
891 
298 
456 
101 
110 
227 
73 
57 
538 
356 
480 
499 
655 
39 
373 
332 
807 
946 
87 
227 
486 
175 
66 
334 
207 
389 
717 
904 
902 
500 
759 
682 
135 
10 
8 
897 
42 
379 
525 
684 
910 
847 
729 
783 
146 
345 
61 
561 
212 
348 
818 
575 
793 
705 
513 
299 
553 
805 
566 
193 
799 
977 
115 
482 
123 
159 
112 
306 
635 
768 
55 
124 
10 
60 
520 
774 
729 
182 
695 
282 
699 
110 
67 
90 
91 
281 
48 
339 
42 
736 
894 
943 
821 
250 
875 
448 
892 
961 
580 
712 
455 
523 
547 
385 
294 
564 
203 
142 
594 
849 
636 
194 
843 
358 
608 
495 
149 
755 
442 
104 
2 
489 
266 
834 
475 
646 
689 
801 
84 
252 
921 
542 
348 
576 
349 
337 
833 
743 
341 
49 
250 
830 
62 
508 
868 
458 
128 
610 
513 
719 
656 
746 
798 
545 
864 
172 
926 
762 
166 
543 
560 
159 
564 
947 
197 
555 
69 
259 
528 
217 
25 
278 
65 
465 
93 
536 
896 
175 
850 
907 
2 
304 
218 
921 
77 
732 
119 
9 
482 
917 
970 
828 
519 
920 
30 
5 
191 
38 
959 
313 
691 
10 
255 
415 
801 
484 
995 
529 
913 
743 
379 
707 
187 
97 
100 
366 
276 
204 
369 
359 
525 
5 
605 
777 
57 
136 
442 
821 
589 
563 
29 
398 
250 
4 
455 
57 
773 
653 
935 
986 
358 
384 
93 
837 
851 
234 
343 
540 
104 
18 
439 
275 
573 
163 
357 
614 
507 
919 
816 
359 
405 
672 
129 
408 
477 
81 
543 
50 
444 
351 
161 
17 
148 
348 
113 
74 
913 
592 
331 
674 
543 
290 
343 
283 
6 
474 
960 
911 
405 
191 
561 
649 
181 
569 
363 
183 
811 
778 
824 
136 
174 
993 
217 
26 
722 
44 
277 
300 
220 
449 
832 
559 
796 
59 
53 
519 
738 
278 
181 
664 
667 
278 
215 
673 
829 
137 
55 
395 
128 
90 
334 
775 
411 
581 
702 
106 
751 
224 
550 
58 
855 
26 
58 
5 
316 
26 
713 
101 
435 
380 
349 
42 
684 
102 
30 
210 
661 
982 
888 
68 
109 
79 
874 
590 
553 
1 
596 
653 
643 
15 
354 
248 
86 
14 
128 
719 
764 
500 
928 
636 
164 
137 
219 
529 
3 
681 
379 
585 
937 
612 
150 
848 
184 
212 
105 
951 
17 
852 
745 
981 
51 
41 
223 
11 
142 
456 
549 
448 
775 
28 
140 
918 
33 
771 
417 
525 
144 
929 
739 
273 
194 
887 
129 
616 
427 
617 
167 
665 
743 
280 
537 
421 
913 
155 
86 
463 
463 
691 
198 
646 
968 
513 
38 
63 
788 
514 
11 
9 
123 
233 
49 
20 
972 
757 
382 
131 
428 
314 
63 
436 
489 
751 
143 
118 
947 
38 
272 
907 
182 
62 
921 
800 
25 
786 
140 
653 
121 
102 
622 
249 
586 
427 
792 
166 
193 
378 
729 
54 
258 
168 
289 
696 
664 
695 
126 
65 
4 
632 
651 
376 
327 
136 
31 
883 
292 
563 
26 
446 
86 
397 
629 
870 
340 
116 
84 
402 
503 
555 
132 
864 
145 
462 
463 
780 
248 
94 
52 
574 
514 
23 
114 
367 
377 
39 
879 
21 
366 
444 
248 
284 
560 
853 
166 
5 
9 
220 
705 
173 
253 
6 
973 
190 
160 
522 
152 
114 
199 
516 
83 
725 
597 
10 
155 
908 
263 
228 
882 
163 
141 
485 
487 
371 
48 
369 
946 
116 
938 
176 
406 
307 
1 
434 
97 
351 
316 
562 
645 
994 
1 
694 
737 
692 
952 
323 
432 
747 
637 
337 
834 
956 
738 
348 
153 
729 
753 
420 
866 
375 
236 
21 
606 
493 
168 
766 
83 
272 
167 
447 
730 
554 
211 
306 
471 
717 
372 
634 
701 
28 
62 
860 
110 
60 
517 
481 
955 
605 
626 
295 
481 
781 
16 
576 
801 
43 
595 
737 
963 
802 
936 
791 
93 
578 
614 
170 
478 
165 
21 
726 
18 
322 
298 
54 
508 
821 
53 
713 
461 
145 
326 
41 
275 
252 
214 
179 
622 
947 
829 
274 
603 
46 
578 
360 
230 
392 
892 
583 
611 
119 
643 
484 
346 
797 
1 
391 
645 
194 
67 
83 
950 
15 
434 
26 
170 
29 
283 
524 
912 
949 
840 
617 
971 
96 
338 
105 
448 
806 
150 
82 
395 
977 
314 
727 
705 
255 
647 
299 
930 
558 
2 
898 
79 
63 
481 
636 
164 
24 
326 
187 
141 
148 
507 
87 
460 
159 
597 
27 
624 
454 
782 
381 
112 
10 
109 
348 
569 
409 
65 
3 
25 
86 
466 
112 
405 
767 
128 
4 
119 
454 
177 
673 
75 
846 
92 
80 
857 
272 
885 
415 
528 
373 
977 
464 
825 
923 
332 
66 
225 
854 
153 
256 
105 
229 
99 
338 
56 
662 
149 
73 
856 
837 
508 
507 
67 
896 
889 
132 
248 
237 
28 
28 
12 
625 
844 
69 
971 
230 
644 
412 
568 
624 
243 
7 
22 
467 
368 
398 
461 
419 
937 
849 
344 
239 
368 
777 
195 
658 
7 
590 
13 
46 
779 
326 
383 
576 
369 
969 
108 
663 
234 
813 
33 
305 
22 
372 
890 
83 
80 
631 
751 
310 
827 
748 
453 
745 
93 
962 
873 
512 
935 
197 
13 
139 
302 
114 
503 
725 
440 
296 
142 
96 
23 
324 
918 
664 
5 
882 
6 
173 
494 
549 
8 
769 
829 
563 
708 
349 
977 
202 
801 
955 
98 
912 
812 
385 
103 
225 
807 
84 
811 
8 
405 
461 
318 
424 
694 
656 
264 
1 
677 
914 
214 
484 
12 
823 
980 
516 
1000 
34 
368 
980 
13 
979 
786 
237 
316 
24 
406 
677 
922 
404 
879 
946 
546 
683 
814 
802 
656 
146 
37 
112 
397 
749 
75 
164 
637 
64 
572 
697 
598 
947 
814 
574 
599 
176 
316 
707 
338 
441 
367 
826 
33 
560 
185 
212 
43 
121 
417 
805 
102 
6 
952 
20 
298 
508 
105 
267 
94 
162 
330 
502 
652 
571 
725 
807 
2 
727 
699 
858 
393 
18 
140 
58 
190 
797 
322 
493 
182 
957 
94 
577 
247 
2 
758 
807 
107 
210 
524 
857 
412 
764 
250 
466 
18 
569 
284 
258 
676 
442 
865 
84 
8 
729 
363 
944 
423 
148 
379 
357 
4 
404 
34 
558 
172 
471 
65 
464 
456 
81 
676 
721 
485 
344 
206 
209 
409 
56 
167 
594 
758 
21 
613 
137 
804 
620 
14 
75 
60 
859 
665 
83 
18 
135 
533 
545 
563 
593 
45 
583 
621 
670 
24 
775 
690 
308 
191 
388 
29 
461 
396 
6 
264 
473 
481 
434 
400 
406 
88 
663 
224 
204 
83 
193 
252 
317 
564 
405 
11 
737 
28 
751 
224 
424 
548 
759 
148 
36 
144 
268 
561 
172 
297 
778 
416 
144 
795 
8 
421 
25 
549 
724 
243 
120 
514 
780 
977 
572 
128 
850 
304 
53 
809 
797 
987 
242 
978 
281 
401 
886 
16 
330 
45 
859 
359 
824 
56 
360 
664 
86 
429 
572 
237 
653 
513 
300 
130 
275 
46 
948 
429 
7 
928 
431 
3 
514 
990 
91 
149 
664 
308 
1000 
731 
304 
120 
349 
62 
245 
25 
690 
440 
420 
687 
544 
841 
343 
3 
970 
806 
825 
185 
226 
285 
807 
682 
162 
628 
61 
339 
223 
600 
495 
75 
48 
12 
113 
636 
770 
204 
710 
556 
473 
826 
106 
114 
533 
779 
890 
853 
306 
366 
219 
55 
700 
629 
95 
1 
619 
403 
633 
706 
587 
198 
42 
464 
384 
819 
530 
15 
7 
766 
95 
176 
158 
780 
210 
411 
164 
511 
121 
269 
2 
458 
146 
3 
172 
824 
492 
197 
751 
850 
505 
958 
800 
849 
199 
135 
808 
437 
191 
335 
93 
656 
617 
604 
191 
716 
2 
48 
1 
430 
57 
111 
385 
327 
294 
825 
98 
688 
56 
461 
662 
223 
8 
742 
851 
50 
296 
748 
723 
6 
867 
226 
17 
500 
193 
109 
666 
164 
818 
826 
18 
982 
807 
859 
868 
387 
84 
583 
178 
388 
296 
196 
134 
99 
64 
347 
868 
325 
150 
971 
55 
776 
412 
265 
940 
967 
428 
491 
802 
362 
203 
174 
320 
734 
88 
233 
114 
184 
26 
810 
125 
828 
174 
296 
402 
180 
449 
406 
489 
308 
209 
659 
2 
923 
881 
590 
657 
223 
306 
571 
726 
591 
146 
430 
8 
251 
810 
95 
81 
131 
148 
437 
798 
558 
10 
918 
849 
521 
549 
855 
5 
382 
720 
673 
25 
308 
311 
65 
991 
117 
994 
643 
266 
447 
124 
791 
79 
363 
277 
904 
591 
605 
534 
517 
84 
711 
163 
214 
700 
781 
733 
569 
115 
892 
287 
981 
244 
630 
757 
717 
22 
62 
470 
633 
877 
285 
777 
66 
12 
857 
555 
343 
309 
212 
816 
27 
26 
32 
974 
58 
431 
34 
788 
513 
43 
264 
280 
417 
70 
162 
319 
500 
876 
299 
456 
308 
95 
323 
522 
175 
2 
473 
744 
7 
244 
248 
415 
133 
596 
125 
465 
623 
899 
895 
318 
473 
168 
917 
186 
280 
503 
845 
345 
321 
912 
522 
557 
796 
15 
718 
300 
852 
540 
877 
778 
454 
776 
351 
345 
911 
156 
884 
354 
68 
384 
679 
280 
935 
170 
125 
517 
558 
189 
446 
493 
913 
982 
731 
640 
38 
39 
487 
654 
306 
343 
141 
345 
928 
170 
68 
291 
122 
722 
915 
405 
638 
349 
341 
380 
879 
503 
326 
13 
261 
524 
875 
810 
669 
94 
632 
365 
583 
619 
266 
796 
231 
94 
336 
512 
196 
494 
521 
68 
876 
896 
872 
151 
582 
114 
779 
822 
60 
494 
454 
297 
238 
350 
302 
182 
309 
539 
945 
699 
329 
218 
37 
147 
19 
932 
704 
787 
603 
192 
467 
419 
543 
725 
281 
28 
235 
113 
30 
57 
23 
144 
486 
506 
894 
204 
956 
282 
47 
781 
1 
736 
130 
236 
490 
190 
711 
855 
915 
387 
56 
1 
841 
451 
182 
84 
523 
917 
536 
81 
532 
519 
425 
401 
302 
458 
103 
402 
273 
744 
951 
144 
945 
538 
327 
223 
351 
215 
719 
944 
894 
434 
994 
496 
543 
380 
40 
14 
253 
147 
549 
656 
785 
906 
10 
20 
793 
951 
609 
625 
411 
215 
891 
342 
435 
347 
350 
98 
928 
530 
617 
940 
91 
433 
32 
842 
284 
697 
469 
965 
59 
742 
463 
812 
215 
932 
78 
54 
17 
37 
726 
848 
339 
230 
188 
398 
837 
151 
545 
516 
279 
669 
402 
242 
303 
171 
975 
923 
633 
94 
1 
101 
13 
625 
476 
443 
490 
54 
689 
514 
475 
595 
732 
927 
327 
381 
303 
647 
487 
396 
4 
231 
539 
85 
426 
142 
642 
761 
281 
955 
135 
553 
394 
303 
585 
632 
681 
124 
954 
484 
864 
704 
74 
94 
67 
12 
968 
974 
374 
257 
191 
459 
349 
715 
522 
72 
363 
298 
74 
572 
58 
51 
138 
123 
235 
21 
5 
156 
783 
202 
622 
168 
717 
208 
479 
504 
225 
609 
442 
201 
826 
700 
747 
19 
947 
425 
261 
191 
260 
241 
606 
505 
588 
582 
200 
883 
473 
292 
70 
20 
677 
552 
547 
42 
682 
866 
425 
605 
156 
833 
162 
243 
744 
125 
74 
213 
327 
991 
362 
134 
48 
196 
505 
309 
21 
878 
143 
89 
392 
227 
731 
900 
512 
698 
86 
800 
868 
982 
189 
73 
256 
533 
458 
395 
812 
63 
26 
514 
527 
636 
546 
867 
464 
427 
595 
742 
364 
584 
254 
347 
356 
961 
707 
810 
420 
493 
94 
977 
587 
222 
948 
149 
83 
27 
58 
88 
877 
63 
815 
395 
399 
91 
857 
68 
578 
138 
167 
24 
350 
281 
683 
698 
169 
184 
799 
614 
999 
916 
659 
625 
195 
90 
722 
630 
462 
463 
3 
627 
393 
149 
275 
790 
667 
409 
297 
47 
590 
196 
555 
286 
72 
724 
873 
42 
440 
805 
304 
334 
799 
487 
298 
31 
29 
672 
502 
713 
351 
287 
13 
230 
83 
926 
552 
940 
311 
235 
364 
709 
999 
69 
479 
951 
43 
8 
662 
996 
212 
15 
326 
57 
53 
536 
87 
739 
507 
941 
41 
81 
362 
482 
391 
812 
743 
300 
355 
233 
101 
272 
299 
314 
914 
33 
475 
88 
270 
628 
175 
609 
883 
733 
239 
176 
705 
516 
411 
711 
29 
942 
384 
845 
562 
742 
601 
696 
56 
299 
429 
4 
923 
61 
294 
849 
347 
196 
211 
703 
354 
318 
169 
315 
750 
754 
812 
7 
156 
343 
333 
692 
494 
169 
265 
527 
756 
1000 
127 
194 
448 
917 
134 
533 
850 
602 
581 
980 
692 
473 
472 
28 
77 
881 
332 
588 
302 
598 
128 
435 
146 
186 
564 
342 
35 
400 
989 
40 
162 
715 
933 
19 
615 
35 
61 
1 
599 
167 
257 
572 
32 
53 
5 
190 
674 
22 
525 
313 
854 
971 
975 
60 
767 
204 
52 
339 
128 
566 
361 
746 
113 
107 
516 
231 
736 
622 
912 
409 
584 
719 
981 
832 
74 
690 
311 
30 
271 
513 
501 
3 
108 
270 
638 
908 
740 
490 
183 
79 
96 
686 
92 
79 
159 
467 
362 
490 
626 
318 
51 
537 
581 
262 
150 
4 
142 
85 
26 
402 
454 
994 
897 
890 
927 
195 
534 
756 
32 
902 
811 
188 
291 
345 
927 
564 
511 
221 
537 
39 
683 
922 
492 
710 
660 
537 
167 
767 
821 
848 
458 
171 
21 
940 
712 
570 
676 
232 
583 
180 
728 
675 
463 
906 
72 
10 
322 
251 
901 
603 
113 
3 
495 
546 
617 
833 
714 
60 
989 
401 
44 
472 
877 
350 
660 
21 
348 
133 
229 
548 
575 
747 
171 
29 
226 
418 
236 
506 
638 
512 
537 
645 
42 
124 
304 
591 
481 
56 
5 
374 
72 
13 
896 
808 
570 
821 
904 
753 
177 
723 
957 
294 
318 
975 
214 
4 
53 
483 
14 
349 
265 
181 
12 
1 
503 
74 
778 
399 
167 
839 
214 
820 
855 
954 
446 
78 
667 
28 
59 
806 
460 
109 
455 
246 
202 
712 
104 
520 
149 
57 
328 
320 
931 
964 
27 
257 
205 
482 
24 
163 
268 
948 
700 
198 
920 
507 
114 
160 
582 
630 
886 
356 
939 
95 
659 
432 
28 
405 
722 
346 
341 
187 
408 
2 
793 
258 
290 
1 
447 
113 
89 
213 
583 
447 
796 
843 
461 
409 
69 
510 
556 
125 
743 
991 
48 
438 
821 
493 
246 
498 
632 
134 
560 
18 
386 
55 
39 
629 
378 
985 
410 
832 
782 
518 
337 
670 
459 
630 
511 
112 
461 
260 
103 
669 
207 
59 
637 
92 
311 
376 
616 
665 
289 
63 
94 
632 
518 
48 
349 
957 
171 
519 
146 
820 
468 
681 
725 
436 
414 
209 
469 
989 
814 
12 
511 
209 
82 
314 
558 
871 
641 
924 
469 
935 
612 
24 
57 
44 
249 
772 
617 
32 
356 
161 
942 
97 
754 
531 
716 
83 
422 
21 
660 
80 
701 
20 
44 
441 
268 
578 
207 
11 
167 
70 
65 
953 
902 
635 
299 
755 
714 
874 
17 
388 
19 
4 
915 
44 
798 
799 
42 
696 
586 
4 
22 
917 
325 
197 
399 
407 
396 
253 
670 
817 
287 
88 
135 
312 
968 
331 
117 
891 
827 
22 
185 
499 
654 
152 
159 
571 
399 
168 
886 
172 
411 
512 
281 
56 
399 
677 
85 
185 
640 
859 
231 
219 
695 
256 
87 
897 
146 
870 
989 
168 
233 
30 
765 
415 
947 
140 
780 
366 
941 
829 
43 
12 
466 
539 
350 
9 
622 
630 
3 
30 
795 
50 
195 
537 
528 
703 
580 
109 
142 
499 
234 
375 
857 
517 
987 
866 
95 
164 
928 
292 
299 
798 
342 
554 
1 
226 
178 
646 
636 
20 
886 
406 
837 
220 
30 
680 
571 
800 
5 
735 
145 
706 
391 
11 
387 
209 
910 
383 
673 
184 
57 
303 
901 
845 
647 
742 
801 
698 
208 
570 
380 
373 
173 
688 
998 
518 
933 
564 
613 
415 
896 
207 
33 
425 
354 
21 
7 
452 
690 
301 
238 
11 
958 
415 
919 
709 
141 
618 
594 
230 
290 
184 
13 
593 
269 
439 
15 
3 
439 
977 
329 
309 
246 
894 
18 
304 
10 
442 
911 
335 
500 
410 
151 
272 
898 
994 
693 
738 
664 
852 
286 
911 
186 
999 
336 
187 
7 
51 
442 
413 
962 
161 
16 
39 
23 
773 
507 
651 
957 
59 
626 
52 
971 
157 
664 
306 
50 
315 
692 
550 
388 
13 
351 
188 
486 
531 
879 
109 
83 
944 
879 
535 
287 
82 
2 
733 
747 
921 
685 
463 
737 
38 
935 
997 
987 
507 
64 
150 
578 
127 
364 
844 
901 
901 
166 
123 
885 
58 
264 
3 
240 
389 
280 
123 
420 
84 
342 
93 
94 
530 
901 
524 
965 
421 
713 
603 
739 
233 
384 
2 
132 
848 
208 
445 
192 
329 
124 
707 
561 
50 
869 
473 
805 
55 
74 
497 
531 
135 
326 
218 
291 
883 
314 
680 
183 
415 
51 
889 
638 
730 
454 
952 
164 
2 
186 
566 
143 
134 
375 
90 
318 
271 
780 
158 
716 
354 
958 
519 
156 
264 
725 
529 
160 
716 
910 
665 
753 
309 
792 
256 
58 
75 
121 
254 
447 
107 
418 
970 
224 
726 
372 
105 
15 
640 
390 
4 
156 
4 
812 
807 
381 
831 
789 
13 
520 
357 
688 
602 
277 
36 
419 
307 
923 
51 
320 
337 
1 
566 
266 
35 
1000 
569 
181 
314 
148 
730 
186 
158 
545 
164 
317 
708 
858 
229 
574 
615 
422 
719 
43 
669 
957 
271 
367 
394 
757 
846 
602 
54 
143 
232 
929 
444 
880 
44 
317 
966 
56 
295 
531 
287 
22 
690 
750 
118 
100 
467 
432 
546 
929 
204 
119 
499 
812 
253 
439 
165 
98 
726 
202 
549 
375 
717 
416 
583 
395 
450 
44 
790 
58 
710 
86 
19 
559 
47 
608 
197 
822 
88 
972 
421 
896 
176 
447 
549 
993 
456 
27 
103 
72 
846 
979 
524 
769 
35 
391 
407 
42 
144 
676 
488 
836 
44 
587 
778 
491 
374 
142 
469 
282 
171 
801 
34 
38 
7 
797 
140 
809 
44 
36 
415 
14 
89 
591 
7 
817 
17 
425 
410 
994 
595 
603 
952 
773 
377 
2 
783 
571 
27 
151 
215 
11 
936 
915 
419 
10 
481 
824 
863 
569 
959 
425 
731 
923 
333 
693 
843 
895 
283 
275 
626 
400 
279 
100 
923 
498 
9 
348 
8 
644 
16 
234 
936 
219 
999 
81 
882 
583 
190 
558 
820 
368 
759 
337 
244 
402 
900 
35 
213 
124 
40 
531 
107 
551 
111 
790 
937 
812 
375 
820 
44 
178 
571 
643 
858 
492 
800 
30 
410 
37 
422 
517 
718 
366 
218 
284 
691 
250 
28 
170 
527 
65 
15 
459 
985 
15 
685 
322 
571 
6 
109 
511 
576 
668 
550 
2 
304 
622 
187 
669 
628 
844 
252 
393 
1 
106 
147 
600 
997 
277 
515 
130 
723 
516 
483 
774 
480 
282 
240 
411 
20 
1 
92 
397 
373 
193 
120 
772 
782 
733 
407 
237 
349 
9 
908 
614 
68 
922 
315 
83 
447 
497 
743 
8 
895 
218 
758 
286 
725 
76 
192 
681 
283 
14 
526 
223 
263 
193 
850 
123 
553 
114 
15 
149 
987 
211 
517 
911 
476 
913 
28 
355 
208 
806 
552 
477 
49 
688 
752 
694 
338 
322 
49 
565 
201 
78 
399 
223 
394 
10 
75 
539 
834 
1 
998 
106 
53 
1 
16 
415 
207 
890 
195 
967 
223 
724 
87 
221 
677 
272 
179 
732 
486 
717 
222 
735 
934 
860 
88 
263 
211 
20 
636 
492 
249 
929 
5 
935 
954 
674 
50 
943 
390 
585 
383 
2 
702 
124 
573 
504 
343 
357 
971 
803 
209 
695 
798 
149 
688 
736 
23 
275 
241 
29 
10 
483 
533 
1 
941 
352 
922 
424 
4 
56 
488 
221 
660 
188 
551 
519 
495 
996 
992 
840 
102 
62 
545 
4 
41 
128 
57 
960 
45 
553 
916 
36 
612 
414 
158 
207 
171 
370 
286 
730 
563 
137 
430 
173 
89 
814 
73 
337 
216 
522 
96 
773 
933 
247 
63 
386 
58 
688 
469 
644 
69 
722 
229 
262 
915 
323 
91 
98 
705 
766 
641 
11 
229 
100 
993 
744 
866 
774 
957 
7 
654 
979 
973 
65 
24 
437 
88 
2 
264 
93 
44 
524 
976 
177 
227 
396 
131 
227 
9 
520 
219 
928 
836 
4 
792 
367 
479 
352 
369 
12 
519 
79 
741 
9 
60 
441 
97 
806 
993 
436 
474 
785 
793 
536 
352 
451 
609 
7 
84 
853 
670 
132 
97 
178 
975 
419 
193 
552 
414 
475 
295 
94 
923 
212 
977 
305 
412 
121 
563 
220 
76 
813 
73 
234 
456 
695 
117 
552 
528 
99 
84 
427 
217 
814 
159 
323 
38 
230 
666 
138 
875 
920 
822 
233 
362 
551 
98 
138 
137 
716 
460 
1 
230 
153 
440 
12 
495 
68 
757 
578 
50 
513 
785 
402 
641 
664 
24 
6 
332 
541 
70 
809 
45 
882 
873 
41 
449 
797 
320 
66 
209 
732 
486 
192 
15 
66 
790 
959 
638 
137 
890 
780 
404 
14 
412 
447 
485 
75 
8 
323 
320 
713 
108 
50 
908 
346 
371 
139 
12 
443 
655 
15 
77 
407 
216 
357 
527 
820 
291 
72 
132 
714 
20 
666 
46 
575 
831 
988 
616 
947 
979 
563 
597 
309 
133 
20 
537 
789 
7 
962 
817 
192 
141 
664 
204 
343 
206 
208 
355 
14 
390 
152 
890 
24 
408 
619 
143 
533 
295 
563 
890 
106 
12 
30 
374 
409 
651 
664 
300 
160 
112 
158 
348 
576 
108 
777 
750 
497 
854 
908 
712 
32 
731 
13 
49 
843 
517 
119 
936 
12 
933 
5 
936 
571 
445 
38 
169 
30 
3 
33 
674 
401 
500 
759 
530 
241 
126 
535 
475 
775 
788 
253 
224 
417 
902 
102 
68 
763 
250 
35 
748 
41 
296 
236 
935 
854 
301 
837 
430 
578 
639 
779 
871 
736 
78 
46 
673 
6 
183 
459 
46 
617 
49 
711 
108 
220 
690 
53 
509 
65 
45 
144 
750 
166 
375 
9 
11 
93 
444 
817 
55 
568 
766 
68 
621 
389 
228 
895 
420 
290 
435 
569 
159 
135 
72 
31 
553 
107 
108 
74 
773 
173 
561 
740 
229 
210 
918 
650 
516 
83 
10 
475 
881 
35 
32 
35 
841 
531 
601 
249 
378 
229 
457 
132 
99 
30 
310 
8 
63 
405 
3 
145 
717 
347 
793 
139 
807 
564 
881 
304 
433 
583 
74 
691 
400 
7 
544 
792 
252 
15 
1 
557 
692 
446 
681 
928 
128 
66 
60 
358 
423 
275 
630 
566 
917 
868 
547 
320 
698 
489 
289 
699 
47 
689 
106 
216 
4 
259 
959 
12 
803 
268 
495 
237 
332 
100 
985 
29 
786 
817 
901 
666 
251 
50 
809 
645 
329 
558 
606 
71 
273 
776 
130 
83 
826 
409 
146 
422 
288 
871 
71 
748 
375 
825 
384 
372 
657 
402 
309 
167 
23 
376 
18 
921 
865 
71 
328 
149 
551 
869 
355 
90 
177 
390 
556 
8 
395 
302 
956 
250 
937 
945 
539 
727 
471 
54 
435 
422 
814 
916 
6 
268 
272 
762 
191 
110 
369 
428 
11 
545 
587 
65 
224 
801 
851 
786 
183 
720 
802 
214 
154 
540 
436 
459 
133 
803 
940 
31 
479 
478 
939 
549 
262 
66 
587 
882 
910 
244 
725 
150 
172 
992 
580 
88 
990 
148 
539 
401 
239 
104 
344 
70 
34 
439 
942 
933 
739 
949 
272 
958 
998 
53 
46 
109 
100 
544 
1 
229 
405 
36 
440 
418 
807 
294 
671 
717 
561 
11 
397 
486 
559 
148 
584 
520 
750 
856 
737 
511 
327 
125 
76 
415 
453 
444 
323 
44 
173 
951 
837 
29 
129 
7 
505 
958 
775 
977 
633 
901 
247 
71 
331 
820 
121 
21 
422 
427 
840 
566 
546 
835 
804 
403 
149 
794 
962 
614 
595 
168 
974 
397 
348 
533 
650 
986 
1 
260 
596 
913 
487 
972 
864 
612 
59 
33 
352 
268 
14 
930 
29 
215 
935 
755 
606 
936 
913 
718 
303 
269 
778 
74 
510 
675 
335 
448 
281 
226 
13 
314 
17 
257 
608 
77 
117 
493 
48 
37 
642 
820 
62 
32 
105 
398 
187 
182 
85 
176 
410 
404 
497 
880 
328 
630 
34 
584 
162 
578 
380 
819 
417 
57 
411 
345 
137 
665 
41 
748 
65 
529 
64 
281 
985 
155 
119 
726 
434 
400 
77 
458 
367 
674 
257 
203 
36 
70 
508 
684 
88 
29 
92 
48 
168 
154 
281 
668 
508 
658 
640 
545 
539 
306 
733 
689 
23 
16 
522 
338 
191 
753 
115 
278 
845 
973 
493 
712 
151 
414 
985 
122 
209 
608 
748 
366 
899 
30 
387 
94 
740 
137 
958 
465 
333 
229 
653 
51 
706 
786 
278 
329 
304 
717 
706 
452 
44 
445 
40 
120 
361 
53 
390 
4 
560 
3 
544 
185 
680 
36 
897 
963 
233 
738 
564 
428 
249 
128 
355 
919 
802 
668 
408 
889 
195 
227 
379 
11 
990 
218 
435 
590 
558 
413 
20 
957 
153 
65 
185 
400 
563 
357 
193 
323 
325 
168 
169 
86 
815 
34 
847 
158 
206 
88 
746 
989 
841 
942 
897 
824 
92 
95 
82 
426 
238 
57 
52 
70 
955 
253 
391 
391 
19 
31 
207 
685 
912 
13 
622 
391 
217 
702 
303 
30 
810 
3 
426 
543 
830 
26 
606 
502 
446 
841 
703 
861 
602 
940 
864 
386 
560 
552 
858 
499 
12 
288 
295 
721 
53 
931 
626 
996 
418 
643 
192 
385 
227 
103 
748 
188 
860 
188 
171 
925 
741 
33 
51 
424 
459 
344 
431 
1000 
930 
146 
418 
570 
690 
928 
312 
649 
537 
853 
554 
251 
6 
912 
212 
151 
957 
149 
183 
913 
596 
9 
145 
957 
465 
188 
279 
897 
71 
852 
716 
279 
501 
309 
112 
385 
832 
492 
986 
11 
654 
279 
198 
797 
690 
13 
812 
951 
411 
585 
683 
656 
735 
2 
102 
45 
52 
481 
181 
484 
486 
45 
857 
7 
319 
950 
403 
75 
388 
387 
675 
967 
117 
680 
857 
218 
775 
102 
417 
853 
646 
166 
13 
129 
34 
644 
790 
339 
6 
279 
416 
9 
302 
494 
301 
60 
637 
282 
216 
462 
144 
834 
142 
294 
18 
75 
940 
615 
956 
84 
282 
169 
219 
74 
355 
768 
657 
110 
64 
95 
622 
369 
87 
44 
19 
184 
290 
55 
500 
151 
645 
160 
758 
536 
738 
155 
785 
853 
101 
344 
611 
751 
20 
789 
559 
912 
512 
41 
906 
878 
62 
63 
935 
281 
139 
466 
328 
69 
734 
69 
280 
184 
9 
174 
257 
92 
880 
859 
106 
771 
669 
256 
629 
824 
16 
920 
13 
471 
561 
292 
21 
111 
906 
563 
248 
34 
45 
166 
38 
258 
462 
607 
141 
388 
60 
874 
440 
538 
1000 
28 
413 
616 
451 
104 
700 
39 
230 
337 
720 
347 
30 
754 
305 
510 
681 
839 
366 
558 
130 
140 
46 
861 
443 
690 
347 
516 
45 
374 
318 
887 
398 
339 
483 
142 
703 
690 
720 
447 
585 
455 
28 
329 
853 
30 
228 
45 
288 
193 
107 
996 
47 
631 
210 
589 
58 
285 
849 
36 
194 
23 
747 
279 
356 
613 
22 
173 
810 
812 
4 
535 
5 
909 
624 
102 
217 
528 
728 
57 
563 
902 
87 
293 
675 
753 
536 
309 
30 
873 
698 
472 
923 
115 
115 
978 
505 
319 
575 
152 
716 
257 
36 
582 
555 
447 
863 
483 
298 
789 
84 
219 
693 
207 
397 
4 
198 
538 
456 
604 
324 
388 
864 
263 
513 
557 
109 
11 
827 
868 
411 
117 
283 
486 
755 
791 
497 
405 
895 
886 
341 
329 
573 
73 
1 
37 
57 
307 
230 
763 
964 
180 
216 
643 
295 
907 
967 
283 
183 
16 
912 
898 
236 
191 
520 
949 
198 
897 
613 
454 
778 
614 
329 
5 
21 
485 
535 
29 
371 
107 
537 
996 
64 
676 
521 
17 
125 
455 
774 
596 
575 
689 
842 
977 
926 
519 
714 
38 
952 
43 
632 
724 
563 
241 
787 
121 
567 
8 
231 
471 
779 
91 
85 
488 
951 
965 
713 
168 
235 
29 
159 
213 
213 
648 
434 
370 
319 
980 
941 
173 
599 
435 
147 
45 
805 
219 
3 
725 
31 
449 
801 
1 
387 
427 
155 
968 
829 
59 
91 
149 
890 
798 
252 
513 
261 
303 
119 
359 
157 
372 
737 
93 
908 
5 
165 
400 
178 
758 
757 
23 
92 
609 
606 
628 
227 
955 
138 
269 
154 
864 
692 
931 
966 
549 
153 
294 
690 
825 
305 
202 
166 
457 
606 
19 
289 
896 
250 
436 
603 
356 
685 
627 
816 
847 
355 
309 
523 
955 
429 
197 
767 
471 
304 
493 
216 
928 
264 
953 
168 
939 
306 
234 
803 
538 
75 
123 
438 
132 
985 
102 
28 
21 
380 
636 
679 
372 
56 
149 
812 
477 
50 
17 
59 
38 
161 
445 
819 
128 
903 
448 
147 
738 
318 
402 
437 
67 
562 
703 
632 
937 
174 
241 
414 
387 
717 
63 
489 
6 
238 
503 
51 
205 
155 
98 
532 
936 
372 
95 
312 
608 
867 
61 
81 
352 
61 
274 
398 
947 
886 
7 
309 
106 
975 
399 
277 
698 
546 
225 
216 
53 
69 
92 
755 
780 
51 
250 
808 
5 
18 
120 
297 
19 
669 
40 
452 
191 
277 
62 
928 
262 
142 
558 
440 
3 
528 
57 
249 
269 
426 
34 
181 
138 
45 
343 
192 
314 
500 
830 
273 
36 
888 
161 
46 
137 
549 
613 
71 
996 
888 
311 
103 
48 
169 
177 
270 
420 
429 
173 
798 
290 
654 
6 
356 
614 
820 
73 
23 
812 
332 
869 
415 
126 
203 
206 
39 
900 
20 
524 
328 
102 
935 
840 
45 
287 
371 
351 
43 
839 
100 
252 
118 
154 
633 
982 
68 
264 
686 
732 
403 
37 
3 
152 
263 
33 
13 
27 
339 
405 
734 
27 
128 
657 
555 
864 
287 
141 
476 
163 
313 
908 
91 
602 
431 
475 
284 
117 
59 
783 
851 
46 
280 
60 
697 
60 
408 
424 
31 
336 
949 
61 
309 
447 
89 
953 
583 
139 
325 
797 
104 
18 
312 
765 
299 
138 
44 
913 
282 
933 
214 
49 
306 
233 
702 
4 
474 
493 
41 
125 
195 
317 
497 
141 
389 
771 
608 
466 
279 
136 
21 
406 
247 
163 
366 
891 
970 
625 
557 
677 
472 
99 
904 
319 
481 
49 
303 
309 
87 
403 
190 
357 
937 
950 
45 
178 
695 
646 
294 
139 
187 
855 
3 
124 
43 
916 
969 
614 
892 
753 
754 
234 
604 
19 
168 
282 
116 
536 
125 
232 
9 
564 
153 
135 
766 
50 
312 
130 
846 
228 
116 
46 
792 
36 
73 
421 
183 
461 
941 
539 
57 
542 
123 
146 
833 
807 
720 
141 
363 
853 
677 
903 
184 
692 
969 
273 
187 
143 
732 
433 
444 
186 
106 
65 
737 
743 
921 
77 
888 
816 
207 
193 
423 
648 
68 
541 
315 
154 
437 
902 
222 
749 
355 
424 
876 
531 
949 
395 
77 
693 
123 
23 
572 
461 
123 
548 
285 
221 
227 
538 
783 
318 
61 
47 
7 
681 
965 
70 
885 
248 
10 
98 
508 
918 
309 
968 
43 
12 
943 
2 
148 
198 
840 
331 
100 
403 
593 
471 
611 
981 
195 
754 
885 
982 
57 
650 
590 
265 
293 
543 
17 
797 
437 
188 
146 
640 
396 
123 
635 
6 
924 
252 
332 
725 
41 
624 
136 
2 
146 
176 
27 
331 
