1 
349 
3 
743 
38 
804 
67 
577 
579 
608 
357 
17 
159 
41 
82 
33 
536 
5 
357 
117 
518 
619 
185 
585 
209 
28 
195 
451 
510 
700 
482 
9 
9 
68 
910 
150 
353 
4 
942 
281 
981 
888 
827 
2 
439 
133 
349 
362 
22 
617 
14 
858 
921 
25 
258 
513 
913 
421 
476 
100 
454 
3 
13 
123 
914 
961 
13 
191 
680 
136 
1 
360 
28 
499 
33 
777 
642 
74 
8 
18 
149 
322 
13 
628 
293 
340 
911 
844 
997 
380 
892 
89 
227 
10 
192 
209 
491 
193 
17 
507 
46 
798 
46 
574 
450 
130 
79 
38 
41 
990 
724 
989 
84 
389 
320 
195 
479 
767 
779 
344 
191 
25 
2 
502 
28 
750 
625 
935 
588 
118 
373 
442 
434 
590 
367 
376 
999 
421 
179 
207 
189 
724 
88 
423 
893 
474 
394 
111 
1 
926 
775 
757 
325 
691 
123 
339 
328 
438 
307 
81 
986 
850 
383 
711 
30 
440 
564 
395 
679 
482 
347 
367 
196 
491 
129 
281 
2 
364 
39 
723 
221 
706 
95 
592 
440 
782 
581 
475 
1 
264 
818 
4 
225 
119 
4 
764 
701 
354 
633 
139 
631 
705 
917 
718 
228 
50 
47 
11 
236 
500 
145 
327 
637 
870 
297 
784 
75 
730 
946 
17 
368 
25 
770 
112 
771 
929 
519 
594 
690 
513 
284 
386 
60 
382 
695 
931 
784 
670 
113 
12 
349 
635 
796 
89 
281 
760 
995 
449 
344 
285 
1 
1 
23 
855 
123 
519 
596 
586 
723 
176 
744 
152 
204 
161 
11 
340 
774 
772 
159 
381 
705 
679 
385 
17 
649 
40 
28 
40 
543 
37 
659 
8 
647 
892 
962 
125 
370 
423 
227 
566 
150 
469 
922 
5 
895 
229 
807 
363 
670 
62 
672 
2 
528 
357 
89 
217 
853 
122 
692 
290 
9 
27 
83 
181 
155 
710 
400 
489 
906 
261 
107 
90 
929 
114 
365 
31 
100 
182 
16 
587 
6 
301 
400 
675 
847 
376 
32 
150 
299 
2 
540 
563 
11 
863 
815 
663 
755 
638 
130 
753 
14 
487 
441 
244 
913 
434 
531 
201 
55 
22 
153 
12 
24 
400 
65 
520 
14 
811 
979 
202 
659 
726 
117 
21 
484 
733 
738 
618 
163 
1 
945 
668 
32 
2 
537 
3 
972 
155 
496 
448 
38 
979 
617 
4 
171 
16 
117 
60 
385 
785 
367 
329 
476 
747 
49 
34 
114 
308 
616 
99 
6 
237 
19 
26 
815 
86 
127 
482 
833 
67 
75 
858 
734 
18 
673 
434 
44 
167 
668 
149 
589 
159 
92 
915 
57 
1 
246 
32 
332 
933 
144 
929 
579 
44 
43 
310 
831 
627 
228 
277 
251 
325 
80 
716 
249 
182 
836 
6 
1 
553 
106 
422 
965 
7 
664 
703 
10 
508 
286 
748 
275 
67 
4 
561 
221 
593 
163 
623 
322 
175 
315 
831 
33 
157 
963 
17 
604 
1 
259 
17 
1000 
996 
540 
592 
4 
45 
876 
821 
105 
445 
286 
306 
840 
895 
446 
510 
962 
479 
68 
490 
321 
688 
898 
304 
500 
15 
200 
822 
978 
82 
646 
17 
21 
112 
652 
855 
797 
153 
670 
957 
724 
538 
311 
635 
780 
3 
126 
316 
27 
481 
15 
242 
193 
294 
551 
147 
772 
146 
308 
5 
177 
692 
382 
611 
244 
269 
51 
722 
440 
938 
165 
539 
825 
51 
241 
789 
78 
29 
525 
275 
960 
760 
10 
354 
159 
749 
890 
63 
944 
2 
13 
504 
557 
619 
771 
360 
64 
670 
536 
245 
108 
214 
57 
7 
143 
169 
850 
154 
78 
350 
63 
55 
448 
14 
103 
17 
578 
814 
719 
185 
691 
730 
965 
9 
760 
335 
697 
888 
615 
807 
265 
855 
662 
41 
23 
36 
2 
194 
134 
154 
885 
45 
586 
449 
918 
792 
225 
290 
102 
425 
985 
384 
799 
593 
641 
113 
55 
134 
477 
666 
129 
458 
54 
201 
261 
211 
16 
21 
102 
249 
14 
554 
917 
684 
22 
648 
536 
208 
115 
389 
536 
821 
343 
175 
517 
27 
643 
9 
773 
147 
187 
559 
581 
585 
4 
160 
527 
229 
834 
17 
941 
487 
848 
138 
23 
36 
685 
516 
214 
71 
263 
520 
969 
130 
184 
644 
438 
1 
881 
36 
77 
21 
127 
42 
969 
250 
355 
78 
213 
265 
611 
21 
10 
914 
433 
676 
468 
915 
871 
753 
41 
28 
244 
33 
712 
34 
627 
906 
498 
214 
38 
532 
591 
129 
29 
874 
403 
430 
1 
439 
3 
615 
26 
256 
31 
707 
4 
312 
513 
707 
618 
252 
13 
223 
644 
204 
67 
5 
183 
158 
87 
135 
905 
707 
278 
837 
279 
947 
290 
85 
491 
478 
92 
429 
799 
345 
358 
552 
491 
438 
94 
98 
110 
421 
528 
438 
18 
535 
133 
36 
81 
21 
267 
29 
298 
178 
382 
103 
26 
636 
531 
155 
995 
345 
182 
634 
956 
804 
338 
134 
751 
338 
258 
188 
485 
514 
210 
555 
105 
106 
334 
17 
365 
416 
335 
913 
272 
331 
353 
624 
307 
146 
401 
857 
742 
923 
390 
846 
337 
589 
474 
270 
257 
61 
577 
136 
991 
896 
697 
998 
940 
598 
74 
414 
261 
157 
826 
471 
925 
769 
167 
682 
340 
672 
185 
142 
638 
174 
598 
293 
352 
224 
580 
426 
532 
970 
682 
445 
221 
124 
59 
318 
7 
871 
382 
416 
408 
71 
331 
252 
384 
169 
657 
408 
55 
515 
239 
111 
405 
231 
3 
535 
350 
14 
203 
11 
54 
167 
318 
362 
70 
739 
328 
460 
4 
510 
8 
62 
100 
49 
508 
127 
11 
805 
195 
884 
780 
314 
74 
137 
707 
115 
160 
544 
187 
58 
589 
251 
605 
186 
296 
769 
333 
662 
460 
75 
664 
209 
989 
277 
346 
240 
507 
166 
160 
473 
885 
17 
538 
663 
797 
22 
31 
809 
190 
178 
171 
480 
875 
400 
221 
42 
501 
136 
297 
650 
520 
28 
703 
289 
510 
176 
766 
165 
27 
44 
120 
582 
495 
956 
645 
211 
325 
981 
371 
671 
495 
175 
232 
314 
184 
539 
393 
305 
517 
282 
1 
562 
337 
719 
138 
37 
228 
242 
304 
487 
145 
98 
964 
32 
651 
564 
194 
419 
951 
202 
38 
642 
918 
124 
412 
607 
629 
711 
883 
21 
677 
963 
712 
853 
330 
759 
250 
795 
4 
37 
74 
751 
392 
135 
373 
338 
139 
1 
460 
3 
27 
294 
447 
525 
29 
371 
393 
159 
955 
314 
862 
423 
700 
218 
22 
244 
626 
264 
33 
806 
512 
159 
227 
466 
56 
526 
833 
537 
455 
370 
154 
194 
622 
691 
169 
56 
220 
37 
12 
530 
39 
135 
992 
1 
309 
503 
557 
22 
772 
604 
39 
579 
245 
13 
885 
57 
5 
774 
37 
345 
740 
575 
11 
286 
143 
247 
470 
681 
277 
54 
682 
16 
987 
278 
409 
454 
208 
352 
781 
160 
15 
502 
43 
402 
872 
160 
333 
340 
200 
648 
269 
231 
158 
131 
27 
203 
957 
118 
398 
612 
232 
220 
36 
526 
326 
965 
468 
27 
1 
268 
240 
110 
255 
325 
315 
356 
9 
325 
709 
1 
128 
744 
770 
901 
679 
604 
160 
239 
444 
301 
96 
660 
63 
99 
155 
391 
76 
856 
428 
220 
457 
82 
912 
104 
498 
36 
253 
838 
289 
536 
169 
924 
792 
187 
826 
858 
1 
680 
479 
599 
21 
10 
327 
259 
60 
258 
161 
317 
451 
406 
6 
27 
916 
738 
397 
99 
329 
303 
688 
376 
174 
57 
895 
371 
161 
271 
226 
72 
194 
495 
149 
812 
107 
69 
187 
686 
396 
659 
114 
800 
657 
440 
586 
794 
335 
15 
858 
429 
909 
373 
742 
632 
32 
477 
935 
35 
83 
651 
107 
25 
797 
474 
42 
824 
146 
355 
70 
1 
333 
210 
822 
950 
33 
121 
253 
377 
428 
372 
210 
88 
732 
13 
57 
762 
1000 
995 
946 
222 
66 
687 
226 
58 
1 
702 
142 
11 
985 
253 
933 
70 
85 
417 
249 
23 
976 
130 
169 
576 
124 
204 
326 
162 
411 
962 
490 
445 
172 
87 
962 
278 
556 
276 
4 
51 
303 
200 
24 
538 
263 
550 
121 
874 
317 
283 
326 
177 
165 
521 
264 
141 
610 
109 
308 
36 
838 
99 
843 
261 
949 
72 
686 
330 
841 
96 
665 
520 
634 
255 
982 
72 
318 
210 
638 
502 
462 
830 
737 
477 
382 
39 
829 
216 
231 
106 
560 
689 
790 
37 
752 
587 
285 
685 
363 
6 
109 
545 
820 
601 
109 
523 
626 
535 
509 
2 
563 
573 
682 
522 
554 
15 
135 
792 
128 
201 
302 
665 
422 
442 
648 
352 
485 
715 
532 
13 
507 
257 
265 
101 
773 
971 
23 
33 
369 
370 
496 
67 
544 
917 
110 
618 
165 
71 
821 
2 
163 
543 
10 
344 
150 
793 
3 
77 
719 
388 
200 
1 
897 
187 
546 
742 
460 
27 
26 
193 
450 
37 
12 
93 
609 
4 
303 
410 
147 
452 
606 
723 
39 
492 
560 
476 
35 
517 
112 
906 
387 
167 
96 
239 
495 
132 
340 
392 
232 
47 
172 
150 
60 
943 
47 
2 
633 
474 
142 
1 
827 
226 
121 
725 
221 
507 
907 
286 
56 
756 
43 
813 
228 
3 
623 
955 
38 
72 
352 
229 
533 
92 
5 
442 
236 
7 
897 
989 
8 
321 
72 
971 
947 
13 
575 
394 
773 
232 
593 
274 
2 
588 
423 
54 
338 
844 
60 
158 
85 
635 
843 
12 
300 
37 
16 
323 
808 
654 
863 
212 
416 
72 
171 
28 
20 
741 
78 
357 
130 
966 
18 
999 
622 
990 
663 
635 
489 
537 
112 
38 
884 
485 
711 
429 
523 
444 
751 
70 
312 
10 
90 
909 
475 
174 
21 
709 
249 
516 
20 
123 
331 
55 
809 
976 
59 
6 
711 
464 
963 
706 
773 
486 
466 
27 
199 
77 
628 
717 
30 
443 
20 
836 
82 
480 
498 
64 
8 
230 
538 
260 
62 
134 
89 
357 
881 
390 
474 
96 
643 
687 
187 
8 
38 
374 
973 
113 
84 
16 
289 
488 
239 
94 
13 
646 
502 
424 
33 
134 
810 
338 
219 
956 
354 
788 
627 
235 
960 
396 
223 
632 
77 
886 
76 
145 
78 
401 
4 
999 
870 
164 
793 
546 
365 
319 
11 
504 
247 
971 
401 
54 
776 
1 
40 
73 
804 
12 
913 
230 
255 
491 
19 
509 
748 
122 
987 
435 
180 
89 
472 
59 
63 
342 
139 
806 
590 
734 
108 
158 
58 
88 
860 
903 
167 
165 
20 
163 
92 
592 
205 
717 
695 
500 
35 
678 
58 
308 
50 
191 
480 
981 
8 
14 
394 
292 
164 
211 
34 
914 
718 
134 
28 
617 
195 
333 
16 
417 
172 
531 
77 
858 
641 
108 
76 
62 
178 
837 
426 
579 
7 
775 
1 
471 
194 
104 
578 
518 
969 
444 
885 
33 
38 
3 
177 
96 
566 
778 
35 
2 
45 
924 
64 
830 
480 
546 
394 
1 
2 
604 
799 
834 
743 
4 
422 
172 
743 
829 
523 
426 
10 
416 
20 
19 
26 
719 
524 
370 
419 
948 
154 
21 
34 
585 
300 
47 
947 
147 
556 
192 
357 
664 
585 
670 
70 
330 
979 
152 
55 
863 
202 
266 
59 
720 
138 
296 
9 
1 
989 
518 
760 
450 
256 
268 
212 
715 
373 
136 
428 
785 
117 
514 
118 
841 
742 
506 
197 
235 
518 
919 
930 
2 
323 
343 
414 
571 
150 
915 
701 
587 
6 
413 
715 
219 
642 
136 
341 
710 
791 
888 
43 
740 
783 
938 
666 
783 
19 
185 
8 
802 
532 
19 
566 
174 
75 
312 
358 
737 
259 
842 
15 
494 
48 
231 
388 
614 
30 
951 
155 
350 
324 
61 
17 
152 
9 
69 
607 
813 
183 
183 
293 
237 
45 
31 
112 
712 
422 
302 
494 
593 
84 
35 
227 
843 
823 
906 
390 
921 
77 
132 
437 
292 
232 
49 
3 
921 
863 
242 
871 
505 
337 
99 
570 
434 
47 
464 
21 
194 
662 
153 
120 
759 
34 
162 
393 
456 
121 
92 
138 
295 
751 
42 
4 
112 
26 
19 
318 
80 
239 
794 
310 
681 
211 
453 
13 
113 
673 
631 
92 
744 
911 
489 
149 
9 
640 
87 
599 
107 
117 
142 
921 
862 
265 
8 
662 
840 
62 
172 
425 
845 
26 
206 
181 
38 
475 
5 
5 
476 
770 
493 
655 
41 
652 
539 
1 
676 
958 
126 
49 
164 
459 
172 
553 
645 
590 
96 
356 
406 
16 
744 
921 
631 
10 
288 
1 
315 
508 
107 
32 
53 
284 
890 
351 
73 
8 
732 
9 
816 
845 
723 
673 
352 
343 
606 
927 
83 
620 
694 
221 
937 
75 
579 
692 
897 
23 
29 
308 
185 
743 
554 
624 
211 
250 
128 
547 
78 
205 
380 
551 
246 
126 
21 
840 
26 
910 
220 
153 
37 
9 
67 
243 
15 
67 
328 
32 
103 
146 
127 
440 
109 
907 
917 
618 
341 
3 
115 
2 
238 
124 
359 
761 
285 
942 
334 
184 
329 
201 
82 
385 
422 
68 
106 
878 
195 
760 
160 
275 
1 
827 
475 
303 
779 
51 
131 
52 
614 
54 
922 
597 
652 
439 
203 
23 
117 
22 
873 
862 
491 
818 
577 
103 
44 
49 
438 
362 
589 
940 
5 
39 
24 
37 
895 
609 
796 
178 
366 
208 
297 
4 
647 
103 
846 
7 
120 
813 
59 
647 
599 
407 
403 
967 
32 
382 
230 
603 
655 
163 
58 
263 
961 
66 
127 
360 
227 
287 
50 
524 
128 
981 
492 
60 
604 
13 
62 
96 
92 
149 
134 
224 
96 
639 
665 
601 
13 
134 
58 
897 
270 
4 
880 
28 
401 
331 
644 
42 
539 
657 
576 
405 
420 
310 
670 
4 
77 
295 
138 
150 
128 
235 
169 
87 
257 
517 
962 
136 
479 
2 
4 
425 
561 
710 
15 
475 
719 
718 
744 
886 
552 
610 
13 
464 
211 
434 
956 
875 
208 
343 
768 
153 
222 
354 
239 
43 
61 
33 
342 
227 
385 
957 
212 
24 
304 
715 
770 
184 
154 
588 
180 
187 
970 
145 
110 
22 
324 
4 
926 
99 
890 
25 
360 
61 
394 
152 
459 
43 
227 
529 
339 
148 
539 
230 
894 
731 
209 
215 
313 
602 
302 
416 
360 
486 
539 
549 
5 
831 
125 
34 
621 
891 
453 
358 
225 
907 
213 
35 
199 
42 
515 
496 
590 
13 
971 
466 
74 
395 
177 
198 
103 
585 
14 
135 
475 
77 
357 
3 
662 
333 
97 
132 
703 
251 
11 
18 
290 
356 
76 
313 
67 
504 
60 
208 
33 
194 
830 
342 
5 
9 
72 
41 
262 
7 
417 
873 
132 
463 
624 
94 
848 
502 
495 
686 
687 
263 
163 
47 
330 
614 
898 
213 
252 
53 
295 
864 
699 
506 
635 
59 
10 
858 
10 
354 
907 
778 
605 
106 
328 
386 
84 
126 
620 
600 
366 
259 
131 
52 
559 
782 
494 
810 
909 
485 
404 
483 
628 
133 
29 
644 
652 
977 
349 
986 
191 
352 
285 
337 
843 
613 
22 
1 
284 
3 
533 
400 
457 
48 
316 
344 
830 
632 
18 
13 
11 
29 
181 
492 
115 
473 
80 
97 
393 
833 
808 
6 
1 
313 
110 
266 
643 
958 
975 
15 
161 
22 
25 
90 
788 
762 
501 
455 
770 
287 
172 
201 
612 
154 
118 
82 
793 
20 
406 
605 
143 
66 
484 
77 
8 
282 
436 
1 
648 
897 
2 
437 
937 
1 
26 
1000 
449 
25 
67 
94 
443 
453 
42 
633 
88 
55 
286 
194 
753 
666 
478 
675 
167 
684 
14 
3 
308 
624 
49 
529 
61 
82 
225 
744 
156 
609 
394 
256 
115 
99 
360 
23 
520 
318 
960 
446 
531 
281 
934 
221 
591 
775 
101 
153 
272 
799 
561 
109 
12 
451 
109 
69 
877 
947 
690 
292 
107 
925 
1 
683 
127 
516 
1 
243 
826 
558 
209 
510 
111 
37 
82 
270 
857 
451 
14 
809 
706 
341 
413 
911 
177 
942 
578 
644 
772 
18 
713 
20 
236 
869 
357 
622 
814 
28 
372 
118 
596 
797 
809 
41 
6 
428 
982 
457 
674 
293 
461 
168 
101 
28 
297 
173 
230 
714 
255 
953 
416 
17 
19 
149 
272 
83 
713 
9 
261 
839 
467 
4 
694 
939 
441 
283 
290 
12 
14 
494 
148 
35 
165 
144 
583 
614 
310 
259 
513 
13 
240 
357 
369 
373 
404 
723 
332 
301 
286 
8 
264 
24 
30 
744 
289 
600 
73 
764 
65 
870 
148 
727 
621 
538 
20 
91 
70 
170 
27 
874 
10 
823 
904 
161 
41 
374 
32 
284 
253 
271 
873 
420 
163 
209 
934 
365 
103 
210 
229 
473 
663 
22 
885 
12 
716 
600 
114 
1 
879 
2 
29 
236 
279 
146 
28 
272 
703 
966 
976 
302 
598 
136 
669 
49 
19 
736 
433 
743 
285 
266 
618 
115 
523 
688 
42 
351 
542 
22 
41 
48 
59 
880 
1 
386 
36 
257 
279 
675 
437 
472 
263 
72 
352 
205 
709 
637 
872 
88 
396 
423 
250 
344 
801 
225 
350 
337 
334 
568 
398 
33 
249 
608 
49 
226 
890 
90 
517 
71 
121 
481 
902 
106 
600 
953 
392 
32 
468 
608 
875 
815 
992 
100 
805 
51 
446 
743 
845 
118 
193 
294 
5 
321 
267 
684 
644 
970 
5 
17 
677 
252 
35 
117 
688 
275 
441 
224 
263 
4 
149 
839 
18 
236 
387 
397 
395 
2 
284 
908 
203 
992 
265 
689 
16 
205 
908 
2 
3 
7 
512 
300 
82 
143 
844 
4 
638 
297 
635 
27 
20 
591 
535 
961 
899 
375 
538 
648 
231 
192 
587 
584 
759 
100 
353 
384 
5 
837 
544 
401 
115 
125 
598 
784 
234 
284 
842 
824 
881 
440 
12 
588 
865 
941 
559 
117 
530 
43 
676 
82 
37 
628 
663 
34 
411 
79 
878 
164 
922 
924 
12 
664 
30 
478 
465 
517 
259 
990 
30 
29 
659 
30 
452 
441 
202 
401 
171 
493 
231 
736 
690 
108 
922 
342 
694 
202 
476 
1 
435 
910 
556 
13 
551 
109 
95 
71 
912 
54 
38 
37 
200 
508 
472 
46 
802 
8 
466 
94 
8 
121 
95 
261 
854 
358 
940 
17 
267 
524 
128 
639 
110 
60 
168 
416 
412 
34 
299 
846 
447 
498 
66 
820 
252 
849 
119 
600 
514 
602 
356 
34 
672 
49 
972 
50 
160 
767 
413 
779 
869 
473 
171 
127 
781 
773 
195 
389 
28 
980 
82 
994 
52 
374 
984 
649 
79 
572 
5 
120 
2 
893 
576 
202 
3 
293 
709 
832 
632 
205 
546 
18 
78 
106 
468 
37 
972 
51 
62 
86 
274 
317 
168 
443 
285 
923 
261 
24 
11 
156 
302 
299 
200 
83 
478 
865 
5 
739 
221 
542 
971 
503 
211 
21 
879 
87 
72 
109 
186 
87 
686 
427 
581 
356 
966 
221 
271 
141 
3 
313 
586 
260 
654 
556 
80 
552 
816 
513 
691 
25 
41 
6 
255 
352 
52 
301 
759 
1 
3 
5 
8 
254 
14 
34 
604 
619 
620 
571 
31 
595 
963 
133 
157 
325 
665 
49 
738 
586 
6 
442 
153 
16 
289 
982 
309 
301 
551 
886 
209 
138 
722 
7 
382 
661 
264 
922 
677 
140 
716 
530 
288 
1 
9 
204 
214 
779 
648 
768 
813 
416 
566 
452 
101 
217 
975 
7 
119 
740 
12 
9 
673 
429 
80 
306 
499 
29 
345 
40 
846 
111 
236 
55 
216 
689 
757 
728 
254 
16 
291 
213 
4 
240 
236 
5 
329 
468 
962 
384 
4 
218 
905 
56 
399 
2 
947 
447 
63 
312 
798 
264 
131 
378 
804 
695 
25 
311 
882 
729 
484 
131 
107 
198 
24 
438 
178 
646 
912 
932 
20 
747 
944 
618 
559 
498 
204 
45 
274 
387 
607 
490 
47 
285 
995 
705 
488 
538 
17 
273 
886 
140 
321 
12 
455 
558 
886 
53 
166 
242 
74 
1 
434 
90 
258 
131 
574 
265 
566 
68 
221 
899 
847 
837 
123 
10 
160 
147 
344 
944 
369 
656 
658 
602 
97 
265 
195 
288 
367 
70 
112 
79 
63 
175 
399 
464 
784 
148 
100 
24 
256 
881 
814 
84 
368 
105 
8 
365 
817 
837 
514 
997 
237 
963 
635 
562 
36 
296 
25 
149 
67 
740 
114 
567 
102 
307 
143 
51 
15 
414 
152 
862 
387 
154 
509 
406 
9 
297 
7 
500 
728 
368 
32 
71 
716 
435 
84 
10 
484 
17 
490 
200 
721 
560 
894 
423 
55 
504 
305 
63 
74 
904 
606 
915 
996 
6 
214 
300 
140 
612 
745 
504 
436 
278 
87 
809 
145 
22 
782 
341 
390 
741 
126 
241 
28 
48 
305 
602 
49 
969 
899 
31 
123 
20 
532 
889 
862 
491 
111 
675 
277 
525 
484 
37 
342 
973 
158 
15 
114 
2 
33 
1 
27 
49 
341 
97 
107 
93 
489 
57 
515 
1 
254 
685 
6 
135 
327 
555 
691 
859 
593 
32 
69 
332 
772 
21 
361 
7 
48 
212 
705 
605 
759 
189 
729 
129 
82 
526 
497 
134 
954 
179 
382 
433 
194 
627 
742 
473 
107 
387 
614 
73 
40 
851 
275 
82 
10 
622 
186 
983 
179 
65 
42 
729 
364 
907 
167 
512 
263 
594 
15 
378 
92 
1 
432 
40 
437 
497 
932 
975 
103 
100 
160 
293 
592 
579 
936 
12 
803 
179 
182 
158 
292 
663 
594 
173 
679 
959 
582 
655 
124 
77 
631 
22 
781 
657 
560 
59 
173 
460 
508 
502 
361 
30 
414 
146 
709 
57 
358 
363 
546 
340 
872 
473 
82 
909 
285 
785 
651 
533 
282 
369 
842 
94 
521 
172 
66 
7 
35 
447 
65 
23 
56 
65 
810 
368 
594 
21 
42 
861 
40 
185 
219 
598 
768 
843 
94 
753 
23 
256 
677 
486 
117 
10 
60 
13 
96 
59 
42 
521 
184 
56 
78 
63 
16 
328 
357 
76 
151 
706 
227 
380 
354 
293 
4 
472 
30 
31 
19 
10 
563 
772 
233 
6 
684 
17 
969 
165 
232 
54 
360 
2 
372 
428 
791 
183 
932 
909 
386 
653 
123 
114 
264 
661 
472 
22 
141 
977 
3 
209 
559 
543 
47 
273 
529 
834 
683 
30 
942 
667 
81 
207 
268 
191 
170 
379 
790 
71 
860 
195 
985 
152 
546 
866 
440 
570 
659 
322 
137 
810 
450 
28 
31 
672 
42 
617 
921 
143 
115 
198 
1 
130 
61 
17 
683 
658 
571 
168 
271 
205 
22 
333 
521 
313 
47 
107 
727 
16 
356 
427 
456 
4 
201 
261 
510 
88 
66 
49 
964 
735 
7 
916 
72 
233 
230 
933 
764 
16 
633 
180 
692 
510 
456 
679 
437 
996 
697 
195 
841 
5 
15 
932 
828 
551 
162 
1000 
690 
529 
176 
844 
182 
533 
249 
348 
609 
81 
995 
702 
259 
115 
921 
40 
26 
466 
224 
354 
22 
322 
918 
425 
143 
65 
295 
431 
138 
40 
109 
354 
479 
957 
4 
771 
479 
5 
125 
259 
849 
98 
220 
51 
255 
863 
473 
953 
208 
317 
312 
259 
104 
722 
401 
458 
70 
77 
573 
153 
246 
354 
213 
126 
88 
20 
388 
949 
746 
11 
172 
159 
4 
734 
681 
5 
337 
328 
518 
448 
573 
721 
66 
16 
699 
333 
264 
978 
18 
554 
42 
93 
20 
964 
393 
711 
137 
201 
2 
1000 
271 
13 
475 
784 
261 
348 
838 
335 
865 
14 
11 
587 
226 
27 
872 
184 
175 
629 
77 
921 
610 
896 
251 
177 
194 
977 
529 
58 
874 
38 
807 
255 
837 
42 
127 
232 
8 
223 
12 
626 
54 
104 
393 
124 
937 
578 
990 
18 
120 
780 
2 
28 
354 
646 
858 
651 
549 
469 
130 
459 
722 
246 
157 
76 
398 
106 
429 
890 
719 
263 
76 
422 
221 
11 
971 
102 
238 
996 
40 
651 
556 
201 
1 
884 
979 
31 
735 
214 
392 
105 
12 
35 
680 
178 
264 
593 
61 
803 
104 
813 
775 
419 
905 
864 
300 
5 
15 
460 
249 
336 
541 
157 
876 
6 
935 
423 
745 
156 
946 
628 
19 
389 
10 
414 
409 
593 
237 
596 
289 
427 
180 
9 
877 
146 
768 
399 
757 
357 
248 
883 
632 
5 
24 
16 
235 
374 
135 
274 
70 
92 
326 
7 
491 
299 
451 
261 
605 
82 
46 
619 
523 
317 
25 
677 
225 
107 
662 
615 
67 
867 
712 
347 
549 
14 
23 
475 
981 
728 
316 
438 
254 
1 
233 
57 
262 
28 
345 
325 
758 
964 
51 
574 
939 
916 
10 
8 
126 
255 
68 
742 
609 
79 
457 
619 
249 
607 
72 
92 
135 
723 
249 
532 
309 
132 
819 
141 
992 
173 
159 
606 
791 
123 
5 
710 
175 
475 
435 
202 
238 
632 
17 
45 
757 
53 
988 
385 
612 
134 
53 
3 
125 
282 
58 
649 
404 
632 
556 
24 
209 
1 
73 
577 
507 
20 
23 
148 
229 
590 
483 
841 
341 
457 
32 
471 
947 
780 
755 
142 
14 
989 
112 
77 
238 
484 
231 
660 
98 
421 
685 
697 
48 
209 
155 
973 
98 
918 
411 
211 
82 
142 
514 
12 
743 
950 
204 
239 
309 
956 
135 
6 
420 
407 
712 
150 
519 
5 
59 
123 
724 
447 
10 
165 
923 
36 
943 
118 
52 
265 
980 
334 
9 
304 
964 
458 
101 
352 
349 
581 
696 
826 
590 
831 
868 
827 
890 
20 
79 
86 
452 
133 
437 
195 
343 
185 
946 
455 
26 
273 
37 
711 
214 
44 
744 
212 
977 
641 
482 
4 
679 
66 
634 
562 
706 
124 
38 
244 
853 
387 
612 
38 
180 
833 
716 
314 
76 
179 
886 
862 
341 
129 
471 
57 
971 
62 
86 
349 
820 
468 
483 
36 
974 
734 
81 
381 
845 
78 
320 
445 
78 
3 
428 
480 
909 
312 
677 
780 
438 
454 
321 
46 
406 
921 
923 
78 
216 
20 
579 
851 
85 
964 
21 
299 
398 
214 
290 
415 
393 
391 
648 
225 
323 
475 
565 
33 
178 
68 
11 
36 
296 
792 
321 
152 
110 
514 
167 
190 
812 
827 
910 
452 
72 
389 
518 
429 
5 
53 
742 
827 
87 
659 
926 
454 
968 
120 
37 
84 
597 
64 
464 
4 
468 
35 
987 
238 
793 
316 
72 
861 
42 
203 
58 
928 
989 
390 
976 
470 
712 
62 
940 
896 
9 
990 
613 
90 
105 
156 
181 
328 
271 
443 
140 
77 
728 
152 
548 
389 
282 
6 
261 
178 
153 
52 
711 
669 
280 
427 
167 
281 
580 
30 
182 
206 
70 
874 
131 
103 
861 
597 
642 
805 
655 
919 
871 
2 
559 
39 
152 
157 
270 
6 
209 
6 
402 
827 
750 
122 
818 
42 
232 
507 
906 
898 
703 
186 
309 
837 
27 
28 
517 
85 
392 
671 
51 
22 
129 
370 
42 
664 
831 
433 
91 
261 
736 
578 
15 
305 
772 
87 
995 
231 
770 
321 
95 
309 
621 
214 
208 
848 
901 
455 
440 
220 
85 
815 
732 
700 
389 
384 
610 
35 
760 
496 
173 
135 
344 
406 
239 
474 
132 
573 
367 
330 
59 
396 
84 
663 
301 
163 
329 
464 
126 
154 
78 
113 
80 
287 
403 
787 
47 
289 
678 
319 
431 
285 
100 
136 
43 
542 
198 
127 
34 
607 
170 
837 
70 
588 
929 
881 
247 
436 
192 
675 
95 
351 
263 
52 
60 
745 
534 
267 
491 
2 
138 
187 
177 
95 
881 
994 
583 
409 
301 
7 
169 
638 
214 
178 
921 
892 
250 
2 
90 
40 
909 
623 
98 
618 
90 
739 
356 
548 
169 
731 
988 
806 
4 
765 
317 
576 
846 
254 
3 
165 
43 
370 
131 
201 
579 
476 
879 
535 
691 
414 
9 
191 
778 
11 
744 
3 
221 
394 
38 
41 
37 
184 
911 
191 
707 
343 
19 
212 
98 
3 
275 
60 
311 
111 
93 
972 
728 
59 
456 
102 
31 
134 
124 
629 
17 
117 
405 
123 
420 
83 
259 
918 
869 
856 
132 
36 
794 
982 
794 
88 
92 
291 
1 
764 
123 
24 
685 
156 
274 
168 
601 
7 
250 
583 
608 
860 
17 
525 
181 
961 
8 
791 
485 
365 
409 
528 
594 
854 
833 
3 
109 
253 
853 
460 
111 
780 
521 
2 
136 
175 
720 
320 
791 
54 
261 
186 
810 
257 
364 
752 
560 
678 
62 
181 
12 
949 
45 
12 
960 
181 
480 
295 
896 
174 
834 
114 
173 
169 
19 
694 
12 
239 
9 
838 
555 
885 
295 
545 
123 
545 
346 
612 
778 
649 
857 
272 
26 
148 
754 
707 
151 
101 
950 
994 
338 
1 
741 
27 
9 
235 
268 
27 
632 
524 
137 
282 
232 
285 
173 
625 
647 
7 
114 
152 
647 
818 
848 
947 
12 
994 
591 
965 
476 
982 
487 
259 
3 
600 
965 
422 
662 
286 
146 
6 
117 
950 
56 
703 
246 
469 
3 
861 
91 
387 
110 
660 
709 
418 
941 
116 
923 
152 
101 
411 
225 
473 
718 
834 
410 
516 
305 
131 
27 
68 
389 
843 
25 
113 
912 
40 
366 
59 
70 
148 
281 
304 
158 
285 
511 
125 
300 
450 
846 
694 
695 
213 
781 
127 
27 
3 
10 
403 
98 
305 
252 
537 
157 
205 
565 
94 
702 
521 
335 
539 
863 
66 
601 
276 
173 
939 
64 
821 
663 
140 
728 
96 
38 
568 
740 
396 
808 
298 
385 
19 
291 
149 
458 
283 
142 
191 
918 
407 
141 
656 
57 
143 
204 
62 
59 
266 
601 
223 
554 
81 
560 
448 
783 
99 
100 
807 
48 
928 
291 
611 
839 
125 
314 
56 
371 
22 
836 
468 
854 
207 
645 
332 
797 
2 
388 
88 
25 
515 
877 
343 
951 
240 
337 
967 
902 
299 
531 
637 
19 
117 
525 
41 
68 
58 
276 
968 
187 
42 
389 
325 
110 
788 
946 
397 
473 
455 
749 
621 
932 
725 
322 
744 
769 
314 
77 
26 
148 
441 
55 
11 
501 
240 
41 
794 
359 
10 
427 
254 
566 
73 
820 
191 
382 
918 
21 
81 
356 
335 
766 
674 
638 
364 
777 
264 
862 
779 
394 
11 
344 
859 
176 
404 
676 
422 
373 
15 
467 
201 
284 
418 
954 
321 
328 
109 
28 
4 
18 
37 
136 
107 
548 
9 
752 
579 
702 
286 
162 
65 
105 
19 
171 
571 
611 
419 
424 
982 
796 
647 
989 
490 
335 
549 
896 
668 
327 
502 
623 
52 
870 
382 
655 
191 
55 
3 
24 
327 
30 
497 
900 
155 
488 
2 
862 
330 
346 
297 
135 
71 
896 
17 
619 
359 
842 
6 
965 
125 
51 
420 
724 
151 
6 
1 
149 
568 
680 
384 
356 
50 
240 
143 
5 
15 
176 
946 
129 
806 
105 
418 
445 
526 
790 
382 
136 
812 
5 
275 
137 
864 
198 
18 
822 
153 
13 
91 
155 
225 
304 
32 
53 
503 
212 
989 
33 
250 
217 
298 
799 
847 
35 
634 
325 
817 
288 
332 
54 
59 
232 
801 
13 
998 
1 
801 
271 
525 
56 
989 
56 
4 
486 
404 
916 
267 
205 
404 
199 
902 
21 
38 
802 
331 
781 
250 
60 
189 
110 
644 
209 
886 
230 
1 
948 
700 
539 
890 
261 
263 
163 
153 
830 
72 
123 
85 
81 
107 
808 
169 
880 
156 
484 
598 
481 
319 
393 
591 
964 
588 
26 
47 
430 
142 
562 
506 
276 
65 
3 
535 
521 
103 
904 
908 
2 
771 
226 
664 
118 
130 
15 
68 
623 
152 
733 
40 
282 
9 
516 
25 
365 
22 
665 
257 
512 
108 
32 
29 
583 
62 
521 
891 
615 
73 
240 
384 
488 
916 
598 
918 
7 
166 
620 
368 
780 
588 
413 
185 
94 
28 
262 
189 
22 
150 
476 
320 
688 
770 
684 
742 
580 
566 
142 
706 
724 
619 
956 
24 
526 
152 
223 
876 
341 
17 
292 
631 
169 
135 
451 
688 
355 
858 
223 
339 
421 
701 
638 
278 
997 
979 
470 
115 
457 
321 
411 
222 
285 
7 
623 
519 
601 
741 
759 
203 
381 
556 
512 
192 
146 
68 
542 
944 
495 
516 
120 
987 
662 
822 
385 
87 
641 
21 
94 
549 
466 
803 
133 
459 
835 
195 
49 
811 
154 
75 
523 
28 
28 
272 
319 
104 
53 
843 
322 
22 
130 
986 
169 
284 
84 
238 
158 
626 
318 
373 
820 
348 
7 
546 
202 
681 
201 
210 
327 
190 
481 
617 
553 
60 
536 
456 
23 
324 
90 
13 
112 
207 
186 
408 
770 
697 
821 
196 
166 
694 
290 
163 
307 
990 
450 
459 
121 
214 
7 
860 
518 
229 
417 
952 
110 
87 
488 
991 
169 
191 
231 
5 
131 
893 
606 
241 
952 
129 
327 
133 
17 
471 
183 
223 
246 
214 
798 
515 
714 
19 
118 
44 
203 
652 
91 
73 
8 
21 
14 
810 
29 
858 
32 
10 
995 
473 
198 
26 
767 
72 
125 
761 
746 
282 
931 
897 
934 
91 
37 
33 
14 
846 
702 
294 
422 
613 
942 
295 
439 
689 
103 
98 
911 
206 
681 
565 
19 
597 
231 
431 
843 
56 
314 
731 
737 
209 
260 
1 
900 
41 
795 
325 
31 
12 
927 
451 
56 
74 
432 
46 
401 
152 
41 
3 
835 
406 
908 
466 
484 
39 
469 
697 
1 
540 
966 
625 
352 
388 
129 
13 
610 
252 
206 
260 
371 
61 
865 
454 
760 
451 
479 
872 
456 
897 
632 
709 
178 
386 
547 
964 
875 
598 
202 
330 
151 
844 
116 
376 
529 
844 
85 
66 
282 
950 
561 
633 
119 
16 
1000 
529 
313 
397 
653 
190 
112 
25 
133 
24 
676 
524 
918 
576 
911 
947 
835 
202 
68 
181 
639 
94 
265 
128 
7 
654 
963 
540 
137 
24 
11 
173 
807 
65 
859 
381 
71 
787 
825 
209 
338 
165 
964 
29 
54 
882 
913 
779 
690 
348 
3 
331 
119 
698 
110 
926 
748 
995 
531 
365 
782 
330 
52 
730 
783 
394 
386 
494 
319 
715 
649 
257 
10 
133 
338 
790 
144 
701 
148 
8 
91 
459 
727 
194 
241 
663 
160 
5 
259 
11 
440 
67 
938 
719 
503 
269 
241 
988 
561 
107 
590 
46 
32 
119 
527 
96 
989 
143 
122 
164 
298 
48 
668 
100 
625 
163 
90 
832 
380 
941 
632 
105 
320 
20 
24 
624 
103 
942 
80 
738 
438 
631 
588 
510 
98 
130 
309 
219 
619 
837 
515 
872 
630 
117 
108 
512 
186 
85 
5 
211 
297 
365 
563 
262 
744 
824 
571 
141 
149 
641 
42 
460 
878 
104 
305 
530 
891 
38 
711 
389 
47 
561 
198 
28 
112 
218 
192 
159 
771 
170 
176 
414 
268 
286 
582 
734 
968 
324 
1000 
273 
504 
489 
12 
150 
681 
303 
110 
633 
199 
176 
423 
197 
817 
917 
361 
182 
307 
295 
985 
524 
279 
919 
550 
629 
369 
197 
143 
343 
840 
556 
885 
918 
721 
843 
113 
215 
423 
8 
925 
620 
158 
54 
669 
378 
15 
30 
42 
471 
10 
298 
430 
5 
457 
617 
95 
52 
437 
777 
104 
194 
907 
308 
979 
392 
220 
300 
177 
13 
6 
785 
4 
610 
511 
60 
618 
40 
116 
296 
14 
934 
411 
399 
736 
174 
641 
300 
441 
263 
62 
352 
8 
650 
743 
265 
16 
835 
82 
760 
176 
623 
795 
390 
7 
14 
495 
447 
12 
529 
521 
486 
540 
562 
274 
376 
10 
670 
68 
659 
25 
383 
175 
591 
693 
465 
257 
262 
570 
57 
7 
877 
642 
622 
445 
505 
707 
130 
594 
368 
63 
354 
1 
91 
230 
501 
344 
75 
382 
876 
45 
859 
130 
1 
245 
267 
4 
103 
619 
2 
259 
259 
548 
551 
342 
674 
37 
610 
555 
199 
96 
164 
687 
254 
388 
19 
746 
881 
88 
562 
9 
17 
649 
244 
688 
12 
363 
252 
2 
34 
519 
69 
378 
9 
840 
32 
10 
170 
694 
7 
215 
637 
77 
594 
311 
941 
742 
33 
965 
393 
964 
67 
854 
318 
302 
290 
156 
50 
150 
79 
5 
88 
222 
123 
301 
787 
490 
736 
747 
152 
999 
840 
223 
93 
302 
156 
55 
96 
489 
75 
715 
453 
224 
193 
115 
605 
178 
322 
502 
101 
530 
166 
862 
513 
603 
855 
138 
947 
769 
731 
23 
4 
18 
214 
4 
793 
335 
935 
180 
143 
299 
318 
227 
39 
83 
45 
536 
6 
936 
763 
131 
685 
888 
299 
80 
48 
212 
129 
950 
263 
25 
8 
373 
33 
739 
900 
130 
775 
671 
833 
778 
101 
984 
276 
744 
197 
465 
105 
1 
129 
6 
471 
569 
411 
246 
42 
263 
176 
728 
65 
13 
6 
653 
106 
588 
549 
273 
263 
8 
198 
737 
944 
70 
177 
256 
1 
179 
9 
736 
705 
244 
631 
344 
50 
135 
42 
67 
635 
983 
301 
233 
620 
918 
103 
501 
917 
434 
236 
211 
524 
720 
169 
14 
328 
916 
2 
901 
834 
737 
109 
4 
327 
260 
510 
282 
200 
235 
67 
50 
391 
241 
592 
553 
799 
692 
605 
304 
239 
446 
167 
197 
50 
738 
230 
972 
300 
787 
364 
2 
837 
407 
218 
535 
92 
21 
980 
879 
68 
139 
800 
897 
532 
144 
56 
666 
8 
345 
444 
948 
14 
704 
295 
975 
253 
212 
889 
228 
846 
43 
130 
225 
642 
47 
478 
55 
211 
391 
557 
597 
246 
7 
41 
410 
28 
161 
173 
882 
819 
107 
986 
686 
858 
838 
13 
107 
173 
604 
7 
56 
716 
106 
826 
491 
2 
233 
291 
816 
8 
874 
773 
60 
78 
70 
188 
2 
589 
524 
639 
410 
414 
346 
986 
932 
506 
484 
68 
630 
952 
284 
820 
978 
362 
403 
873 
434 
346 
325 
92 
207 
6 
269 
6 
674 
227 
834 
457 
836 
818 
970 
51 
137 
250 
585 
627 
340 
31 
472 
813 
814 
269 
70 
582 
71 
812 
464 
864 
30 
49 
648 
24 
30 
959 
331 
605 
273 
683 
320 
42 
66 
804 
10 
792 
558 
885 
718 
82 
843 
254 
863 
413 
116 
60 
214 
176 
674 
621 
194 
313 
319 
9 
155 
111 
480 
264 
132 
846 
93 
425 
274 
204 
873 
16 
367 
49 
767 
137 
889 
104 
60 
374 
40 
596 
11 
846 
347 
353 
373 
271 
643 
269 
951 
939 
411 
4 
381 
481 
354 
2 
532 
79 
119 
9 
956 
747 
815 
233 
242 
296 
105 
152 
604 
956 
282 
286 
289 
157 
858 
464 
513 
467 
114 
9 
72 
88 
947 
12 
415 
7 
954 
141 
461 
1 
84 
308 
119 
215 
764 
334 
810 
303 
518 
411 
470 
499 
407 
453 
68 
695 
703 
104 
129 
54 
631 
298 
753 
71 
812 
841 
806 
2 
101 
924 
671 
52 
334 
297 
252 
839 
718 
475 
98 
600 
865 
784 
449 
6 
122 
275 
280 
2 
231 
896 
201 
36 
433 
19 
663 
11 
74 
219 
368 
652 
45 
454 
28 
329 
242 
520 
695 
729 
839 
254 
462 
370 
48 
674 
518 
611 
491 
302 
702 
234 
9 
70 
106 
2 
57 
1 
62 
637 
14 
390 
757 
417 
778 
87 
67 
327 
13 
5 
97 
256 
115 
558 
73 
622 
456 
171 
916 
782 
440 
687 
143 
270 
11 
913 
392 
229 
506 
45 
791 
522 
695 
216 
58 
527 
77 
158 
679 
405 
8 
18 
285 
456 
904 
133 
204 
32 
389 
934 
611 
944 
142 
877 
430 
65 
917 
122 
405 
609 
666 
762 
812 
6 
269 
945 
61 
235 
28 
304 
270 
117 
377 
320 
227 
684 
220 
342 
132 
292 
17 
5 
754 
535 
794 
324 
78 
1 
6 
49 
853 
9 
148 
112 
945 
104 
1 
113 
590 
932 
276 
625 
42 
321 
546 
55 
34 
422 
15 
888 
120 
525 
852 
970 
40 
548 
183 
42 
784 
391 
220 
516 
961 
646 
80 
133 
158 
808 
4 
402 
409 
139 
180 
476 
930 
286 
360 
567 
805 
104 
351 
584 
142 
960 
1000 
332 
619 
26 
141 
10 
60 
800 
155 
842 
80 
393 
755 
732 
507 
142 
711 
19 
4 
186 
276 
252 
926 
570 
10 
28 
36 
310 
689 
903 
238 
24 
320 
196 
626 
17 
128 
13 
765 
18 
337 
724 
436 
311 
413 
100 
23 
86 
274 
829 
358 
619 
2 
806 
76 
700 
536 
362 
595 
118 
187 
58 
6 
50 
622 
144 
79 
267 
120 
159 
974 
498 
307 
21 
310 
412 
19 
83 
519 
400 
542 
695 
604 
398 
739 
6 
843 
41 
77 
153 
17 
366 
755 
344 
649 
546 
719 
66 
643 
321 
64 
142 
795 
798 
263 
13 
110 
18 
497 
860 
751 
471 
485 
468 
571 
303 
214 
297 
865 
149 
104 
36 
452 
2 
387 
645 
753 
846 
373 
342 
308 
546 
191 
100 
352 
353 
850 
993 
568 
22 
949 
80 
181 
195 
573 
226 
292 
912 
998 
107 
991 
461 
627 
853 
217 
940 
261 
657 
181 
935 
4 
177 
75 
282 
1 
202 
840 
48 
870 
629 
372 
84 
77 
219 
807 
41 
18 
297 
99 
449 
291 
290 
395 
661 
28 
524 
307 
9 
143 
84 
11 
42 
387 
428 
807 
122 
415 
300 
497 
205 
512 
356 
281 
924 
295 
7 
995 
509 
30 
220 
437 
753 
738 
348 
95 
233 
730 
445 
697 
828 
494 
38 
3 
719 
18 
398 
147 
707 
113 
787 
395 
876 
105 
32 
276 
96 
785 
464 
11 
440 
380 
15 
48 
215 
7 
324 
205 
9 
27 
124 
176 
339 
86 
236 
430 
193 
58 
395 
223 
3 
111 
763 
834 
344 
945 
630 
265 
200 
482 
425 
572 
878 
21 
247 
718 
6 
187 
935 
126 
551 
708 
204 
67 
337 
249 
513 
147 
626 
632 
108 
157 
67 
344 
116 
405 
151 
551 
674 
272 
26 
375 
378 
125 
867 
400 
112 
148 
230 
1 
609 
826 
463 
676 
5 
157 
694 
195 
10 
118 
17 
914 
276 
63 
1 
113 
7 
332 
93 
266 
738 
189 
616 
174 
20 
335 
418 
348 
954 
484 
335 
655 
255 
316 
131 
487 
89 
492 
20 
454 
440 
57 
294 
16 
457 
865 
202 
861 
214 
490 
747 
804 
188 
414 
262 
353 
741 
720 
2 
442 
351 
144 
102 
617 
702 
602 
378 
107 
541 
102 
85 
5 
30 
975 
703 
933 
112 
52 
350 
405 
767 
178 
3 
1 
93 
642 
194 
24 
161 
843 
388 
114 
242 
776 
249 
664 
401 
304 
231 
88 
467 
114 
88 
737 
36 
781 
285 
3 
881 
296 
575 
508 
781 
8 
654 
52 
771 
649 
578 
621 
443 
208 
836 
528 
705 
101 
597 
223 
2 
657 
856 
77 
8 
892 
323 
849 
116 
452 
3 
299 
360 
917 
58 
580 
63 
983 
6 
44 
672 
814 
142 
993 
239 
946 
496 
41 
363 
845 
20 
577 
655 
692 
212 
300 
728 
954 
738 
349 
487 
702 
143 
855 
873 
282 
326 
546 
166 
799 
216 
94 
300 
837 
52 
854 
635 
11 
593 
463 
834 
426 
484 
268 
3 
318 
691 
219 
948 
344 
13 
213 
519 
308 
366 
270 
5 
201 
757 
269 
729 
781 
132 
21 
817 
516 
256 
62 
45 
652 
123 
644 
316 
642 
578 
117 
329 
176 
329 
441 
114 
433 
470 
646 
61 
256 
283 
22 
6 
780 
920 
6 
22 
421 
313 
130 
192 
857 
939 
88 
962 
122 
105 
161 
227 
26 
6 
12 
942 
931 
230 
201 
2 
691 
62 
88 
169 
631 
453 
98 
31 
860 
244 
40 
63 
259 
7 
789 
317 
812 
957 
236 
987 
307 
617 
732 
296 
316 
302 
943 
980 
85 
609 
178 
743 
38 
938 
170 
155 
8 
58 
34 
326 
130 
520 
651 
940 
53 
917 
653 
336 
431 
518 
652 
759 
143 
859 
414 
1 
126 
166 
87 
769 
865 
470 
749 
307 
949 
463 
577 
58 
525 
730 
30 
536 
220 
17 
577 
28 
269 
501 
722 
10 
318 
28 
89 
108 
84 
367 
146 
425 
31 
438 
123 
22 
329 
709 
739 
661 
450 
30 
963 
557 
910 
108 
636 
771 
582 
834 
216 
19 
507 
381 
6 
18 
709 
622 
349 
850 
259 
209 
202 
357 
346 
132 
401 
473 
845 
637 
580 
81 
228 
3 
612 
539 
415 
297 
699 
41 
42 
5 
863 
539 
625 
107 
119 
245 
553 
200 
548 
327 
171 
50 
377 
847 
982 
417 
951 
446 
463 
388 
740 
20 
227 
304 
157 
3 
5 
392 
553 
203 
383 
209 
8 
319 
80 
747 
553 
2 
92 
227 
481 
72 
42 
34 
5 
60 
844 
843 
1 
803 
500 
572 
296 
657 
652 
578 
919 
165 
272 
500 
909 
322 
703 
10 
265 
352 
475 
570 
926 
467 
2 
263 
693 
312 
20 
350 
64 
565 
99 
908 
168 
303 
709 
1 
784 
57 
980 
76 
105 
198 
114 
830 
95 
698 
934 
81 
1 
39 
592 
967 
950 
18 
88 
7 
331 
35 
28 
534 
93 
42 
187 
16 
1 
202 
541 
10 
2 
658 
410 
174 
524 
15 
751 
98 
400 
766 
490 
18 
42 
6 
655 
391 
523 
998 
210 
545 
164 
58 
898 
826 
123 
578 
94 
653 
270 
596 
958 
237 
558 
250 
4 
399 
303 
210 
464 
208 
109 
573 
166 
128 
877 
700 
825 
15 
12 
877 
70 
235 
596 
181 
235 
486 
906 
412 
52 
392 
608 
99 
574 
238 
864 
451 
305 
8 
179 
354 
96 
505 
5 
614 
166 
776 
376 
411 
228 
511 
129 
229 
194 
731 
623 
575 
469 
194 
223 
285 
630 
30 
730 
495 
934 
333 
134 
734 
954 
547 
512 
407 
51 
109 
5 
803 
180 
214 
953 
231 
288 
66 
84 
446 
388 
126 
83 
68 
84 
386 
173 
607 
626 
880 
541 
658 
16 
37 
901 
994 
156 
51 
344 
532 
98 
147 
497 
764 
399 
399 
567 
474 
825 
330 
342 
179 
722 
181 
804 
949 
11 
835 
462 
863 
866 
769 
400 
334 
946 
11 
579 
116 
233 
707 
176 
525 
154 
66 
27 
241 
620 
906 
144 
8 
379 
728 
801 
674 
44 
323 
805 
46 
66 
985 
900 
676 
384 
379 
108 
2 
14 
209 
52 
90 
478 
14 
24 
131 
563 
2 
16 
386 
168 
156 
167 
403 
112 
72 
272 
189 
583 
146 
935 
328 
186 
342 
13 
340 
553 
211 
409 
1000 
635 
411 
285 
60 
755 
370 
139 
58 
631 
905 
212 
477 
38 
220 
995 
437 
597 
146 
182 
540 
4 
184 
304 
45 
1 
746 
37 
11 
328 
148 
4 
431 
76 
680 
213 
409 
425 
313 
428 
923 
1 
89 
345 
675 
999 
834 
222 
876 
2 
225 
16 
4 
795 
197 
424 
204 
72 
699 
396 
125 
12 
587 
295 
1 
134 
353 
502 
4 
640 
65 
115 
55 
1 
705 
891 
625 
817 
44 
111 
474 
747 
390 
343 
377 
241 
188 
243 
464 
425 
664 
15 
795 
431 
25 
137 
304 
48 
58 
18 
7 
110 
596 
642 
364 
514 
212 
580 
101 
4 
636 
44 
283 
60 
206 
394 
613 
84 
47 
438 
21 
733 
97 
481 
11 
841 
215 
21 
78 
161 
646 
25 
115 
362 
65 
488 
759 
28 
34 
540 
7 
42 
519 
528 
699 
754 
298 
104 
270 
703 
166 
1 
269 
809 
9 
294 
32 
282 
6 
289 
165 
46 
706 
678 
9 
13 
852 
107 
6 
310 
604 
596 
8 
991 
880 
894 
457 
266 
1 
2 
34 
93 
255 
535 
669 
9 
902 
871 
212 
8 
283 
735 
793 
835 
937 
13 
14 
882 
915 
551 
337 
94 
82 
360 
134 
554 
78 
426 
882 
302 
8 
945 
562 
148 
14 
709 
902 
34 
998 
383 
821 
858 
17 
816 
729 
987 
643 
454 
731 
194 
848 
34 
267 
476 
695 
66 
120 
366 
914 
686 
903 
305 
1 
312 
708 
12 
392 
148 
353 
43 
41 
262 
571 
281 
216 
57 
11 
982 
676 
814 
189 
55 
648 
207 
764 
776 
14 
650 
154 
13 
3 
891 
391 
555 
911 
318 
398 
169 
78 
2 
99 
925 
610 
169 
937 
338 
57 
4 
169 
438 
527 
428 
164 
77 
322 
971 
593 
745 
38 
30 
685 
80 
48 
573 
235 
520 
101 
549 
997 
19 
138 
661 
34 
227 
200 
302 
948 
200 
408 
124 
72 
423 
421 
387 
244 
714 
237 
7 
840 
675 
24 
375 
596 
81 
237 
180 
810 
13 
336 
687 
66 
238 
344 
950 
80 
456 
13 
2 
498 
661 
326 
864 
276 
868 
26 
147 
28 
45 
80 
278 
726 
545 
22 
192 
130 
893 
726 
827 
23 
817 
554 
281 
4 
573 
80 
71 
328 
518 
164 
901 
319 
1 
602 
578 
652 
833 
20 
141 
282 
219 
846 
36 
176 
72 
219 
605 
289 
585 
683 
610 
437 
356 
849 
342 
661 
235 
475 
295 
55 
115 
189 
119 
132 
174 
50 
446 
538 
409 
528 
524 
198 
143 
841 
50 
135 
486 
145 
706 
261 
193 
699 
177 
544 
230 
244 
359 
308 
654 
9 
38 
67 
1 
444 
478 
881 
593 
184 
327 
41 
681 
507 
614 
366 
58 
711 
509 
159 
759 
891 
767 
75 
3 
41 
149 
59 
938 
711 
80 
417 
276 
909 
208 
189 
27 
9 
992 
818 
225 
382 
988 
602 
210 
97 
48 
801 
455 
271 
756 
415 
30 
435 
735 
66 
2 
330 
545 
31 
964 
790 
217 
41 
339 
869 
117 
405 
420 
567 
653 
146 
578 
41 
425 
989 
237 
798 
664 
933 
6 
157 
967 
481 
347 
22 
17 
398 
172 
771 
409 
44 
334 
963 
215 
288 
547 
491 
40 
204 
752 
678 
429 
59 
3 
285 
501 
280 
144 
990 
10 
58 
85 
234 
570 
63 
620 
108 
299 
505 
17 
275 
35 
39 
348 
144 
638 
441 
6 
91 
779 
521 
495 
418 
591 
962 
585 
19 
80 
577 
276 
390 
105 
424 
30 
149 
858 
574 
945 
87 
35 
811 
720 
366 
44 
646 
5 
134 
368 
64 
424 
92 
13 
274 
721 
5 
116 
283 
293 
167 
507 
371 
421 
52 
707 
495 
79 
110 
507 
161 
10 
258 
1 
700 
182 
18 
582 
710 
786 
250 
98 
51 
740 
277 
195 
959 
165 
246 
550 
447 
354 
358 
301 
712 
821 
369 
40 
246 
290 
428 
779 
658 
227 
696 
620 
219 
779 
37 
136 
477 
506 
833 
33 
197 
218 
574 
21 
287 
809 
200 
116 
428 
209 
443 
311 
860 
469 
994 
995 
213 
20 
500 
220 
83 
7 
672 
486 
764 
51 
88 
77 
974 
210 
236 
1 
715 
846 
57 
157 
450 
918 
150 
87 
425 
104 
497 
617 
70 
282 
6 
469 
726 
621 
1000 
999 
255 
936 
257 
655 
961 
13 
538 
3 
91 
22 
201 
921 
519 
774 
390 
381 
833 
119 
10 
262 
165 
7 
977 
165 
95 
5 
127 
189 
140 
398 
906 
31 
244 
714 
348 
102 
208 
267 
604 
216 
725 
337 
747 
137 
902 
211 
436 
4 
120 
392 
242 
37 
8 
263 
2 
270 
174 
194 
47 
644 
340 
308 
959 
69 
276 
31 
684 
326 
284 
10 
850 
115 
72 
256 
742 
274 
241 
290 
92 
45 
438 
780 
97 
330 
225 
851 
956 
32 
804 
16 
376 
303 
173 
552 
14 
257 
302 
127 
309 
576 
122 
679 
547 
319 
316 
776 
712 
520 
244 
200 
1 
570 
9 
861 
20 
50 
57 
388 
27 
71 
924 
537 
290 
393 
214 
88 
16 
834 
190 
157 
77 
660 
80 
904 
123 
806 
30 
10 
379 
234 
699 
29 
874 
974 
324 
388 
8 
676 
377 
34 
31 
275 
335 
66 
429 
55 
519 
290 
647 
976 
881 
28 
867 
200 
769 
6 
534 
172 
10 
943 
285 
163 
300 
88 
378 
854 
608 
102 
79 
549 
193 
195 
74 
38 
747 
597 
522 
375 
550 
243 
3 
890 
485 
70 
761 
488 
12 
75 
940 
386 
873 
801 
797 
887 
195 
292 
823 
196 
719 
4 
120 
32 
542 
762 
937 
213 
43 
780 
299 
715 
448 
885 
496 
654 
278 
310 
849 
1 
323 
51 
302 
149 
122 
375 
436 
796 
791 
31 
969 
833 
54 
202 
173 
12 
85 
367 
361 
241 
167 
737 
529 
163 
986 
6 
864 
202 
21 
516 
611 
879 
795 
76 
905 
177 
804 
365 
483 
855 
12 
538 
373 
199 
547 
851 
932 
55 
120 
916 
352 
13 
271 
741 
230 
12 
49 
872 
550 
781 
354 
255 
18 
125 
161 
223 
578 
75 
411 
777 
38 
293 
68 
35 
602 
11 
703 
667 
184 
352 
232 
257 
978 
296 
909 
264 
683 
35 
443 
801 
766 
348 
412 
820 
410 
729 
220 
533 
209 
503 
99 
399 
159 
2 
71 
556 
48 
895 
937 
793 
673 
18 
910 
435 
17 
921 
788 
935 
996 
54 
303 
123 
883 
793 
168 
290 
562 
679 
619 
212 
711 
389 
521 
213 
379 
577 
4 
289 
817 
528 
407 
752 
21 
782 
231 
318 
120 
145 
82 
9 
24 
20 
433 
44 
581 
925 
331 
27 
488 
195 
728 
464 
665 
964 
140 
400 
735 
76 
124 
729 
470 
19 
217 
599 
760 
830 
796 
328 
707 
196 
2 
692 
469 
125 
879 
571 
959 
189 
140 
345 
153 
156 
166 
63 
881 
413 
696 
956 
75 
909 
332 
32 
144 
70 
12 
116 
656 
270 
119 
248 
118 
902 
105 
585 
852 
350 
670 
805 
317 
175 
451 
245 
368 
693 
216 
419 
15 
332 
901 
815 
932 
706 
306 
36 
961 
51 
767 
267 
435 
5 
230 
14 
93 
214 
570 
561 
46 
817 
121 
468 
671 
860 
558 
97 
523 
312 
211 
752 
205 
467 
505 
166 
698 
20 
778 
340 
773 
807 
496 
4 
137 
221 
610 
554 
83 
26 
158 
1 
61 
253 
680 
357 
314 
3 
97 
27 
102 
306 
570 
542 
806 
169 
732 
988 
481 
359 
783 
101 
227 
546 
245 
14 
331 
924 
618 
22 
457 
364 
767 
146 
707 
9 
180 
9 
976 
473 
28 
120 
627 
158 
96 
658 
534 
866 
616 
161 
464 
660 
126 
699 
156 
731 
202 
35 
78 
442 
100 
584 
203 
23 
43 
241 
287 
469 
974 
55 
538 
539 
85 
532 
358 
15 
2 
678 
95 
139 
707 
17 
383 
14 
320 
148 
482 
108 
295 
518 
567 
831 
20 
39 
520 
9 
984 
275 
16 
415 
84 
576 
235 
933 
183 
777 
15 
5 
824 
965 
239 
894 
119 
203 
8 
95 
49 
672 
769 
4 
27 
846 
20 
157 
62 
910 
95 
317 
101 
105 
829 
596 
47 
753 
736 
359 
931 
748 
184 
541 
17 
29 
653 
3 
412 
215 
457 
541 
33 
7 
99 
29 
46 
534 
13 
356 
56 
24 
898 
308 
21 
335 
565 
73 
431 
443 
75 
533 
378 
80 
785 
716 
213 
85 
836 
216 
738 
433 
463 
994 
212 
148 
19 
177 
40 
431 
627 
17 
355 
232 
576 
885 
235 
31 
732 
218 
26 
136 
226 
166 
432 
1 
583 
391 
4 
889 
107 
152 
349 
778 
81 
744 
552 
412 
664 
534 
933 
177 
603 
105 
423 
568 
522 
933 
29 
17 
365 
95 
360 
346 
10 
803 
306 
865 
128 
177 
748 
43 
155 
576 
156 
366 
22 
696 
188 
215 
718 
925 
8 
103 
3 
159 
229 
1 
429 
300 
735 
37 
221 
39 
696 
712 
351 
6 
112 
454 
196 
809 
535 
534 
527 
950 
134 
534 
352 
675 
31 
429 
582 
69 
150 
7 
215 
966 
673 
149 
686 
132 
5 
365 
580 
7 
400 
44 
96 
62 
953 
80 
671 
28 
1 
750 
1 
388 
16 
809 
908 
125 
932 
92 
810 
8 
677 
79 
147 
28 
159 
912 
344 
105 
926 
161 
95 
44 
231 
15 
825 
57 
47 
2 
150 
192 
24 
69 
613 
3 
680 
778 
887 
938 
907 
244 
18 
282 
377 
865 
738 
291 
405 
375 
65 
341 
119 
368 
509 
30 
441 
790 
609 
355 
367 
226 
567 
10 
333 
406 
818 
354 
900 
263 
170 
755 
938 
735 
603 
877 
216 
32 
822 
384 
19 
126 
101 
825 
737 
273 
712 
565 
37 
758 
28 
438 
1000 
536 
760 
809 
236 
71 
166 
26 
9 
450 
248 
117 
197 
285 
700 
922 
11 
471 
29 
635 
405 
735 
536 
61 
157 
375 
970 
997 
303 
789 
240 
548 
471 
745 
45 
166 
112 
828 
190 
928 
690 
167 
565 
188 
589 
244 
410 
253 
26 
442 
348 
28 
697 
300 
822 
19 
440 
993 
47 
469 
29 
414 
755 
374 
772 
278 
625 
629 
626 
365 
485 
910 
241 
10 
303 
48 
184 
347 
187 
102 
132 
430 
33 
64 
600 
750 
824 
401 
96 
831 
2 
246 
69 
104 
262 
807 
6 
32 
424 
458 
132 
966 
50 
885 
95 
3 
583 
758 
35 
100 
811 
631 
74 
38 
394 
281 
92 
677 
5 
259 
550 
184 
634 
782 
646 
433 
897 
3 
75 
341 
55 
814 
444 
581 
741 
800 
572 
933 
810 
288 
248 
284 
714 
6 
840 
88 
931 
442 
394 
803 
171 
36 
58 
102 
701 
26 
944 
595 
32 
148 
837 
857 
141 
372 
603 
14 
865 
844 
301 
618 
329 
921 
22 
395 
446 
24 
669 
124 
442 
188 
237 
287 
777 
655 
163 
121 
70 
508 
68 
528 
60 
15 
955 
25 
664 
111 
96 
4 
762 
487 
428 
327 
209 
37 
926 
295 
944 
12 
382 
723 
280 
139 
831 
7 
42 
670 
671 
856 
392 
698 
925 
472 
209 
571 
45 
260 
5 
666 
267 
970 
610 
162 
427 
490 
444 
581 
427 
611 
175 
45 
298 
276 
535 
595 
264 
22 
703 
523 
535 
598 
544 
950 
322 
62 
405 
2 
90 
290 
325 
320 
64 
99 
467 
488 
4 
510 
611 
409 
860 
188 
200 
5 
217 
641 
640 
631 
101 
121 
437 
936 
40 
460 
991 
70 
3 
794 
190 
117 
947 
77 
539 
833 
4 
54 
101 
24 
201 
26 
897 
616 
86 
94 
322 
231 
893 
485 
3 
135 
49 
66 
147 
410 
333 
133 
14 
244 
654 
32 
99 
43 
672 
114 
66 
458 
8 
442 
407 
708 
706 
70 
80 
475 
234 
974 
155 
889 
257 
623 
172 
950 
179 
996 
58 
530 
47 
681 
50 
607 
334 
687 
193 
20 
51 
965 
98 
21 
174 
17 
884 
6 
233 
70 
86 
7 
138 
121 
583 
723 
9 
533 
10 
772 
292 
190 
47 
49 
731 
256 
185 
877 
67 
901 
996 
869 
107 
902 
77 
338 
382 
954 
63 
792 
190 
918 
827 
196 
104 
120 
484 
552 
797 
558 
75 
38 
32 
54 
355 
408 
248 
672 
732 
321 
45 
4 
16 
468 
393 
233 
170 
695 
640 
236 
799 
339 
115 
340 
516 
83 
619 
535 
338 
58 
320 
782 
597 
273 
13 
507 
299 
464 
238 
108 
48 
56 
790 
680 
385 
5 
302 
988 
365 
445 
75 
508 
385 
414 
115 
721 
572 
11 
71 
11 
601 
210 
291 
88 
981 
552 
484 
124 
731 
78 
243 
305 
125 
802 
209 
957 
645 
26 
690 
848 
236 
62 
905 
889 
119 
62 
299 
85 
163 
143 
294 
61 
884 
745 
136 
183 
944 
153 
786 
67 
185 
227 
196 
36 
2 
180 
65 
31 
216 
25 
132 
198 
15 
26 
148 
503 
82 
359 
377 
514 
34 
6 
417 
860 
406 
115 
15 
34 
813 
134 
759 
678 
67 
302 
366 
334 
194 
760 
7 
218 
29 
922 
454 
64 
864 
244 
852 
928 
101 
995 
898 
697 
117 
611 
107 
27 
843 
507 
709 
413 
371 
897 
666 
723 
102 
297 
199 
544 
675 
44 
290 
956 
628 
423 
301 
514 
537 
29 
439 
662 
365 
502 
19 
7 
735 
196 
984 
835 
477 
133 
374 
530 
273 
423 
99 
426 
688 
726 
98 
865 
95 
196 
18 
965 
903 
130 
300 
591 
5 
967 
388 
164 
16 
70 
532 
953 
43 
107 
143 
912 
92 
22 
22 
298 
117 
17 
570 
370 
931 
349 
145 
296 
203 
826 
183 
157 
259 
728 
107 
969 
768 
696 
461 
46 
690 
35 
78 
11 
14 
259 
445 
71 
59 
788 
142 
173 
58 
300 
11 
513 
155 
69 
530 
98 
604 
4 
951 
791 
230 
518 
227 
15 
627 
16 
120 
778 
612 
236 
110 
375 
385 
49 
259 
239 
592 
491 
786 
787 
420 
184 
17 
401 
280 
628 
147 
594 
82 
66 
129 
188 
83 
191 
476 
632 
393 
27 
474 
799 
375 
279 
287 
782 
34 
883 
336 
717 
195 
180 
140 
792 
382 
319 
207 
422 
731 
418 
412 
951 
294 
212 
447 
172 
2 
246 
61 
445 
112 
6 
876 
271 
442 
970 
628 
247 
382 
152 
750 
154 
415 
344 
90 
791 
607 
290 
17 
17 
523 
480 
548 
142 
949 
5 
884 
325 
124 
13 
290 
133 
159 
175 
1 
587 
645 
910 
