1 
443 
614 
96 
451 
13 
64 
167 
169 
464 
846 
368 
30 
37 
81 
431 
137 
4 
845 
122 
12 
200 
896 
436 
62 
414 
223 
82 
10 
268 
316 
665 
108 
65 
473 
422 
33 
620 
915 
690 
64 
837 
387 
597 
76 
143 
32 
191 
143 
40 
700 
162 
43 
151 
642 
700 
199 
250 
310 
102 
286 
285 
350 
366 
874 
233 
120 
218 
555 
147 
265 
852 
160 
335 
432 
114 
507 
72 
660 
730 
25 
404 
10 
207 
127 
28 
474 
404 
995 
208 
34 
294 
579 
332 
916 
61 
7 
51 
131 
10 
482 
126 
202 
800 
599 
743 
1 
34 
462 
254 
612 
559 
606 
218 
21 
52 
646 
7 
341 
436 
219 
150 
1 
9 
24 
313 
486 
48 
822 
357 
201 
77 
574 
177 
867 
884 
261 
553 
879 
60 
906 
612 
618 
558 
844 
4 
513 
687 
77 
208 
113 
656 
408 
998 
367 
28 
412 
75 
17 
1 
66 
157 
899 
2 
26 
270 
23 
514 
553 
5 
441 
195 
224 
665 
137 
690 
80 
467 
843 
86 
568 
78 
4 
444 
76 
10 
170 
308 
72 
103 
138 
292 
1 
12 
615 
107 
582 
34 
46 
21 
210 
273 
879 
605 
75 
211 
482 
339 
279 
8 
786 
158 
48 
432 
131 
346 
1 
296 
512 
14 
197 
402 
111 
117 
333 
209 
125 
180 
996 
352 
119 
214 
528 
494 
72 
899 
10 
61 
346 
340 
177 
47 
125 
3 
689 
6 
992 
598 
30 
11 
1 
1 
757 
416 
366 
12 
182 
174 
2 
40 
308 
27 
235 
178 
680 
28 
8 
8 
176 
894 
588 
553 
904 
131 
224 
188 
787 
849 
18 
180 
942 
6 
922 
843 
57 
14 
476 
982 
1 
787 
26 
630 
886 
91 
35 
270 
14 
37 
242 
950 
243 
593 
132 
35 
89 
983 
24 
364 
261 
356 
668 
409 
601 
887 
431 
277 
521 
661 
194 
101 
8 
623 
493 
348 
468 
424 
318 
888 
360 
30 
96 
731 
933 
64 
155 
885 
169 
164 
727 
82 
140 
156 
336 
424 
376 
533 
102 
501 
381 
101 
355 
104 
1 
3 
873 
574 
134 
527 
512 
388 
28 
9 
149 
54 
543 
359 
121 
729 
63 
57 
233 
87 
11 
17 
654 
298 
302 
41 
836 
584 
919 
241 
169 
600 
739 
2 
241 
171 
672 
279 
841 
547 
40 
3 
857 
362 
122 
528 
903 
10 
866 
24 
97 
310 
491 
173 
10 
745 
197 
315 
5 
281 
377 
779 
15 
86 
136 
650 
394 
247 
73 
163 
91 
371 
63 
574 
196 
35 
240 
795 
176 
441 
92 
876 
517 
1 
89 
28 
793 
213 
781 
493 
169 
475 
39 
386 
757 
889 
581 
8 
4 
408 
593 
602 
624 
44 
765 
97 
76 
20 
8 
251 
58 
653 
237 
76 
112 
118 
351 
5 
335 
549 
3 
779 
994 
32 
182 
203 
774 
40 
393 
757 
28 
173 
234 
724 
460 
72 
645 
721 
262 
566 
140 
178 
623 
40 
30 
17 
668 
79 
11 
741 
21 
35 
80 
695 
529 
646 
65 
106 
401 
565 
189 
16 
337 
12 
938 
383 
245 
81 
51 
366 
745 
117 
54 
790 
125 
427 
61 
523 
2 
740 
750 
498 
686 
85 
134 
395 
410 
648 
358 
288 
51 
717 
20 
416 
334 
786 
140 
634 
41 
261 
896 
468 
3 
664 
497 
85 
1 
49 
184 
17 
142 
213 
287 
11 
1 
417 
129 
112 
56 
323 
112 
840 
175 
99 
34 
956 
220 
1 
120 
115 
21 
876 
675 
460 
960 
543 
738 
3 
112 
553 
226 
312 
22 
36 
411 
430 
1 
32 
60 
51 
596 
704 
105 
367 
428 
15 
2 
210 
260 
295 
236 
106 
323 
800 
1 
33 
40 
132 
104 
790 
58 
36 
394 
32 
595 
920 
18 
431 
32 
476 
30 
2 
880 
703 
73 
125 
323 
560 
977 
47 
127 
446 
218 
10 
511 
752 
642 
537 
16 
612 
50 
525 
314 
245 
364 
18 
659 
91 
353 
150 
481 
254 
18 
924 
137 
541 
120 
505 
378 
17 
816 
868 
707 
23 
219 
666 
335 
161 
903 
405 
431 
30 
293 
31 
367 
1 
395 
367 
218 
659 
781 
766 
145 
443 
255 
123 
249 
562 
6 
126 
238 
742 
895 
51 
580 
273 
442 
32 
76 
384 
375 
38 
59 
299 
841 
585 
973 
6 
468 
746 
332 
199 
72 
247 
4 
200 
170 
317 
461 
158 
3 
172 
279 
436 
488 
38 
8 
976 
841 
373 
177 
16 
417 
29 
526 
259 
75 
76 
2 
472 
153 
96 
167 
590 
297 
389 
11 
274 
41 
302 
697 
261 
50 
532 
247 
629 
490 
438 
87 
756 
193 
1 
339 
765 
115 
223 
707 
2 
665 
644 
93 
566 
127 
820 
187 
20 
7 
75 
305 
100 
9 
250 
368 
268 
729 
735 
749 
31 
2 
385 
105 
160 
131 
876 
897 
7 
406 
499 
15 
813 
565 
175 
487 
901 
522 
365 
168 
144 
315 
168 
643 
214 
656 
11 
244 
151 
668 
8 
164 
723 
38 
245 
165 
199 
331 
793 
838 
203 
382 
159 
523 
162 
307 
44 
914 
779 
27 
176 
307 
667 
98 
945 
27 
146 
255 
187 
73 
260 
505 
452 
262 
544 
314 
173 
750 
4 
44 
673 
35 
982 
430 
965 
494 
777 
48 
865 
34 
714 
835 
1 
28 
563 
134 
956 
252 
1 
70 
14 
937 
765 
5 
170 
46 
63 
59 
991 
791 
630 
901 
461 
231 
534 
221 
122 
83 
340 
529 
1 
3 
376 
832 
351 
531 
113 
219 
35 
398 
37 
68 
94 
787 
616 
616 
119 
6 
951 
655 
208 
10 
375 
340 
366 
52 
32 
116 
757 
72 
147 
1 
697 
31 
18 
47 
228 
825 
628 
460 
900 
721 
110 
25 
531 
3 
73 
59 
961 
559 
113 
440 
285 
117 
35 
826 
96 
833 
13 
380 
949 
710 
390 
167 
370 
909 
42 
37 
100 
436 
54 
568 
465 
113 
392 
130 
53 
359 
158 
585 
355 
10 
40 
668 
452 
409 
472 
12 
433 
109 
55 
510 
969 
408 
64 
200 
963 
671 
40 
1 
19 
45 
139 
920 
138 
124 
346 
1 
156 
27 
84 
765 
33 
582 
85 
736 
104 
783 
100 
531 
169 
54 
783 
222 
248 
928 
944 
34 
218 
202 
723 
241 
37 
208 
1 
178 
142 
550 
57 
596 
159 
415 
659 
91 
12 
3 
837 
73 
648 
51 
757 
480 
427 
21 
271 
88 
288 
411 
362 
277 
129 
162 
875 
919 
31 
54 
392 
422 
67 
1 
68 
18 
290 
886 
655 
812 
367 
121 
823 
580 
626 
224 
721 
19 
138 
2 
199 
809 
513 
42 
260 
36 
924 
69 
180 
115 
728 
456 
145 
988 
573 
385 
684 
21 
756 
8 
36 
34 
429 
293 
120 
180 
931 
93 
8 
181 
820 
4 
424 
680 
11 
778 
619 
303 
980 
337 
916 
253 
13 
557 
339 
237 
84 
542 
836 
9 
442 
12 
339 
864 
938 
433 
31 
163 
431 
524 
514 
665 
587 
174 
745 
783 
57 
229 
12 
54 
38 
589 
565 
178 
366 
23 
532 
629 
783 
77 
7 
84 
340 
4 
407 
760 
455 
106 
408 
1 
575 
137 
97 
673 
37 
976 
188 
177 
83 
591 
372 
5 
529 
60 
101 
28 
508 
1 
25 
993 
993 
86 
82 
872 
7 
8 
32 
304 
767 
123 
137 
36 
44 
353 
902 
18 
25 
1 
66 
5 
453 
18 
334 
784 
98 
942 
5 
445 
20 
82 
58 
97 
23 
878 
4 
53 
650 
788 
375 
69 
484 
867 
518 
186 
199 
178 
668 
266 
258 
51 
331 
25 
731 
8 
980 
47 
68 
52 
232 
10 
127 
939 
1 
437 
124 
801 
357 
25 
258 
867 
479 
95 
210 
167 
5 
500 
31 
282 
930 
8 
151 
358 
4 
860 
385 
789 
34 
987 
1 
25 
545 
140 
224 
431 
363 
94 
486 
992 
877 
62 
88 
91 
692 
226 
663 
1000 
992 
511 
570 
967 
991 
1 
520 
76 
1 
776 
335 
555 
4 
902 
985 
607 
547 
298 
394 
62 
742 
462 
166 
131 
58 
157 
447 
538 
529 
106 
1 
860 
612 
233 
9 
401 
8 
89 
47 
15 
524 
20 
740 
6 
19 
716 
436 
762 
693 
782 
199 
842 
13 
319 
403 
193 
679 
140 
445 
767 
101 
153 
315 
926 
568 
255 
416 
152 
98 
59 
359 
47 
95 
973 
566 
397 
62 
908 
114 
89 
756 
93 
643 
494 
185 
754 
981 
77 
109 
406 
567 
122 
181 
101 
30 
120 
987 
857 
641 
9 
143 
381 
185 
336 
716 
205 
377 
694 
2 
782 
798 
982 
127 
150 
357 
392 
123 
376 
231 
135 
59 
555 
77 
514 
181 
103 
2 
732 
10 
691 
309 
657 
657 
678 
60 
20 
29 
197 
198 
332 
552 
750 
201 
9 
477 
842 
563 
140 
596 
448 
749 
331 
818 
26 
704 
2 
269 
84 
216 
56 
72 
459 
47 
18 
306 
3 
410 
405 
221 
2 
833 
115 
303 
859 
621 
15 
60 
416 
603 
853 
86 
454 
667 
407 
5 
31 
706 
688 
863 
502 
457 
309 
604 
670 
384 
811 
51 
1 
43 
467 
164 
528 
219 
205 
79 
46 
96 
405 
1 
751 
266 
362 
613 
566 
691 
864 
350 
52 
655 
862 
15 
269 
84 
43 
54 
182 
566 
181 
76 
135 
629 
631 
272 
81 
645 
36 
984 
104 
771 
259 
539 
922 
698 
27 
51 
112 
274 
831 
111 
279 
440 
252 
220 
27 
775 
528 
30 
85 
902 
774 
689 
133 
33 
362 
775 
726 
935 
26 
971 
245 
568 
191 
788 
738 
305 
77 
186 
139 
949 
133 
261 
202 
560 
533 
213 
324 
739 
10 
183 
179 
319 
278 
994 
716 
274 
5 
559 
752 
110 
3 
39 
97 
470 
384 
79 
3 
123 
17 
14 
791 
512 
726 
544 
936 
638 
80 
3 
57 
273 
8 
104 
3 
157 
522 
269 
207 
604 
799 
273 
17 
765 
82 
5 
676 
962 
6 
1 
380 
314 
535 
144 
621 
845 
177 
914 
4 
641 
507 
257 
902 
6 
183 
881 
541 
693 
604 
128 
355 
661 
604 
4 
119 
921 
9 
67 
431 
144 
133 
805 
256 
229 
452 
10 
44 
595 
941 
224 
571 
46 
1 
834 
268 
785 
586 
523 
296 
261 
431 
182 
11 
753 
861 
768 
114 
685 
89 
60 
230 
916 
681 
73 
188 
570 
365 
344 
199 
585 
95 
7 
15 
346 
644 
717 
980 
1 
884 
3 
4 
55 
538 
434 
768 
722 
177 
3 
678 
30 
227 
293 
797 
859 
848 
452 
381 
181 
4 
178 
950 
2 
1 
679 
175 
976 
934 
140 
898 
218 
648 
64 
659 
354 
922 
126 
451 
969 
816 
875 
604 
18 
789 
198 
52 
26 
715 
968 
862 
15 
1 
162 
218 
8 
578 
236 
877 
149 
255 
28 
100 
113 
1 
94 
223 
666 
168 
125 
537 
78 
832 
170 
839 
2 
200 
98 
413 
9 
827 
81 
199 
487 
242 
145 
314 
390 
222 
73 
589 
188 
127 
148 
4 
295 
251 
38 
638 
755 
362 
562 
109 
966 
741 
734 
777 
84 
13 
40 
64 
514 
28 
141 
817 
818 
371 
884 
922 
160 
21 
50 
35 
534 
29 
542 
986 
790 
63 
27 
51 
27 
233 
104 
55 
606 
20 
130 
325 
572 
984 
12 
6 
2 
308 
664 
246 
2 
878 
19 
258 
694 
11 
11 
12 
401 
95 
9 
930 
2 
125 
881 
494 
2 
22 
434 
243 
163 
423 
41 
75 
174 
96 
542 
281 
989 
219 
147 
170 
1 
11 
450 
865 
634 
345 
503 
954 
10 
15 
46 
654 
13 
15 
136 
159 
39 
73 
18 
35 
93 
312 
403 
12 
7 
487 
273 
49 
39 
25 
53 
433 
32 
778 
533 
719 
167 
669 
67 
856 
134 
45 
489 
715 
82 
875 
166 
10 
279 
251 
135 
7 
832 
605 
439 
579 
404 
745 
38 
506 
43 
1 
17 
1 
126 
1 
45 
610 
204 
802 
611 
433 
688 
167 
316 
162 
574 
205 
296 
17 
921 
532 
28 
713 
6 
29 
833 
51 
609 
127 
301 
765 
717 
5 
38 
624 
117 
153 
734 
764 
276 
605 
706 
17 
251 
547 
605 
348 
691 
244 
210 
4 
96 
474 
662 
420 
7 
49 
2 
453 
675 
704 
777 
885 
423 
321 
319 
58 
151 
535 
861 
560 
406 
405 
536 
885 
34 
308 
629 
303 
5 
110 
668 
229 
37 
227 
743 
73 
550 
524 
15 
208 
450 
87 
38 
20 
51 
31 
97 
843 
57 
360 
4 
485 
209 
333 
704 
273 
394 
10 
8 
27 
504 
348 
452 
32 
569 
318 
297 
326 
377 
777 
289 
546 
834 
29 
853 
209 
283 
200 
263 
70 
215 
1 
808 
71 
36 
19 
419 
140 
493 
96 
150 
883 
969 
626 
16 
18 
76 
59 
491 
396 
88 
15 
17 
770 
154 
472 
258 
27 
834 
7 
975 
2 
12 
551 
24 
27 
325 
789 
375 
76 
9 
470 
480 
199 
432 
603 
349 
1 
283 
724 
187 
7 
10 
50 
164 
208 
788 
940 
2 
903 
66 
979 
110 
823 
923 
660 
442 
112 
73 
143 
639 
136 
341 
47 
140 
907 
867 
51 
43 
182 
931 
75 
531 
146 
354 
18 
816 
26 
107 
16 
426 
105 
871 
207 
75 
856 
825 
505 
92 
456 
20 
180 
187 
465 
709 
878 
194 
540 
131 
3 
922 
325 
22 
315 
12 
15 
526 
923 
842 
58 
231 
237 
169 
494 
585 
848 
229 
181 
55 
652 
57 
246 
734 
852 
580 
122 
211 
364 
376 
550 
108 
941 
459 
348 
952 
5 
301 
797 
389 
263 
97 
216 
952 
35 
347 
388 
523 
849 
7 
3 
826 
414 
55 
25 
917 
193 
743 
56 
426 
529 
975 
142 
961 
617 
1 
129 
20 
422 
737 
1 
189 
3 
310 
12 
529 
393 
99 
281 
297 
254 
778 
80 
126 
4 
84 
604 
639 
181 
764 
192 
347 
296 
968 
1 
522 
819 
542 
817 
671 
27 
260 
451 
284 
864 
945 
816 
815 
579 
499 
55 
246 
20 
377 
281 
332 
209 
811 
440 
883 
902 
955 
783 
115 
142 
779 
90 
45 
5 
840 
150 
460 
58 
51 
804 
87 
468 
580 
369 
169 
162 
742 
77 
186 
621 
242 
978 
390 
35 
374 
968 
460 
104 
17 
146 
93 
146 
728 
819 
878 
34 
604 
35 
1 
195 
248 
31 
523 
859 
354 
8 
442 
119 
60 
3 
1 
513 
875 
931 
7 
173 
350 
19 
97 
581 
845 
607 
947 
419 
645 
748 
271 
4 
113 
730 
356 
844 
75 
391 
64 
686 
942 
540 
172 
52 
19 
434 
304 
108 
258 
190 
316 
318 
547 
816 
18 
295 
203 
306 
23 
114 
672 
988 
257 
318 
181 
43 
415 
866 
36 
64 
93 
218 
717 
166 
1 
117 
213 
56 
677 
25 
8 
183 
39 
340 
852 
110 
158 
48 
83 
730 
479 
455 
194 
645 
383 
501 
776 
690 
669 
371 
866 
655 
57 
102 
489 
143 
795 
917 
54 
244 
443 
251 
506 
834 
698 
27 
404 
470 
756 
1 
120 
290 
15 
934 
86 
486 
20 
818 
145 
494 
727 
696 
112 
794 
205 
107 
697 
306 
276 
98 
511 
147 
369 
5 
588 
19 
115 
6 
219 
230 
962 
710 
831 
751 
21 
297 
121 
662 
9 
607 
8 
702 
38 
941 
863 
811 
12 
81 
123 
740 
947 
36 
407 
246 
319 
270 
318 
10 
577 
74 
515 
850 
278 
267 
215 
1 
154 
999 
280 
21 
64 
95 
273 
605 
466 
495 
293 
221 
700 
222 
651 
60 
99 
63 
847 
560 
353 
285 
745 
204 
490 
14 
58 
2 
264 
639 
817 
192 
51 
307 
10 
101 
36 
394 
712 
766 
527 
79 
133 
344 
498 
994 
443 
8 
104 
807 
671 
713 
778 
8 
115 
282 
680 
67 
174 
922 
259 
360 
8 
207 
1 
984 
135 
11 
1 
289 
750 
21 
963 
348 
341 
33 
2 
7 
25 
2 
122 
132 
1 
812 
61 
869 
876 
50 
27 
220 
8 
132 
597 
17 
599 
170 
456 
202 
15 
160 
478 
708 
182 
359 
370 
855 
98 
991 
973 
611 
968 
362 
618 
36 
104 
159 
14 
862 
585 
599 
637 
227 
546 
132 
377 
796 
109 
283 
598 
7 
100 
21 
299 
89 
573 
49 
271 
346 
709 
340 
11 
7 
417 
175 
841 
23 
434 
472 
142 
312 
351 
347 
84 
455 
474 
42 
527 
289 
25 
134 
121 
104 
6 
20 
420 
639 
705 
454 
571 
666 
243 
431 
793 
88 
879 
741 
740 
625 
560 
462 
22 
172 
676 
746 
192 
32 
854 
482 
28 
696 
94 
669 
434 
65 
449 
543 
47 
468 
7 
545 
270 
306 
949 
387 
32 
344 
2 
843 
120 
269 
825 
274 
417 
597 
685 
413 
158 
7 
76 
950 
243 
135 
452 
19 
61 
45 
135 
300 
573 
638 
121 
6 
476 
11 
363 
566 
38 
833 
747 
144 
190 
207 
526 
31 
1 
499 
32 
309 
9 
970 
579 
635 
6 
566 
835 
951 
79 
214 
433 
292 
516 
253 
300 
30 
716 
1 
446 
27 
421 
415 
226 
29 
3 
191 
45 
1 
34 
3 
706 
257 
127 
649 
191 
7 
185 
227 
509 
428 
300 
37 
30 
136 
68 
6 
14 
212 
79 
4 
22 
355 
220 
716 
4 
152 
106 
984 
220 
239 
93 
368 
551 
301 
177 
703 
992 
335 
271 
72 
6 
3 
25 
21 
14 
81 
216 
53 
52 
2 
119 
39 
234 
68 
104 
70 
363 
951 
195 
602 
2 
102 
699 
133 
598 
22 
775 
295 
215 
14 
212 
23 
137 
828 
16 
942 
36 
484 
16 
924 
273 
507 
30 
172 
104 
318 
33 
902 
631 
149 
18 
55 
697 
132 
34 
118 
1 
10 
152 
747 
31 
584 
341 
31 
804 
914 
22 
11 
133 
470 
971 
279 
835 
489 
950 
29 
539 
273 
439 
451 
205 
888 
686 
59 
26 
99 
91 
706 
313 
68 
799 
418 
57 
419 
602 
76 
943 
524 
38 
328 
1 
300 
996 
111 
205 
814 
263 
57 
5 
77 
265 
40 
770 
697 
395 
8 
639 
563 
198 
50 
450 
836 
938 
345 
634 
42 
363 
318 
3 
96 
6 
128 
96 
314 
789 
847 
49 
14 
660 
13 
15 
503 
340 
527 
458 
245 
61 
436 
726 
22 
595 
334 
63 
17 
4 
23 
710 
843 
11 
847 
34 
817 
243 
45 
61 
496 
31 
109 
61 
686 
430 
306 
465 
733 
688 
677 
924 
49 
24 
246 
600 
564 
215 
880 
249 
53 
273 
420 
3 
361 
596 
845 
27 
233 
3 
127 
79 
146 
46 
535 
144 
14 
586 
331 
4 
837 
241 
496 
237 
612 
111 
763 
459 
588 
120 
887 
315 
148 
9 
814 
135 
14 
230 
2 
312 
805 
631 
4 
70 
747 
957 
114 
546 
750 
31 
614 
567 
337 
211 
615 
988 
990 
432 
454 
236 
259 
669 
773 
612 
755 
174 
314 
55 
401 
592 
396 
377 
121 
260 
21 
856 
96 
96 
448 
906 
373 
105 
574 
286 
4 
324 
4 
11 
173 
36 
875 
479 
419 
805 
33 
234 
143 
173 
23 
535 
44 
302 
30 
309 
1 
167 
127 
705 
64 
747 
134 
763 
181 
242 
149 
609 
101 
897 
947 
6 
886 
974 
770 
83 
728 
704 
1 
666 
532 
250 
115 
223 
671 
15 
63 
787 
284 
6 
67 
62 
5 
711 
94 
115 
328 
63 
259 
79 
741 
335 
417 
30 
35 
778 
115 
597 
511 
66 
70 
657 
89 
95 
13 
126 
64 
3 
286 
597 
4 
24 
92 
529 
47 
91 
987 
193 
52 
520 
598 
222 
277 
240 
143 
712 
320 
743 
487 
365 
73 
772 
143 
444 
294 
6 
17 
8 
54 
398 
1 
878 
51 
475 
497 
138 
643 
509 
199 
22 
8 
58 
40 
333 
215 
190 
7 
204 
120 
69 
272 
105 
16 
13 
8 
180 
401 
402 
345 
2 
22 
180 
912 
456 
85 
72 
1 
1 
624 
5 
17 
26 
657 
24 
977 
258 
189 
156 
150 
720 
8 
177 
415 
819 
51 
40 
524 
940 
35 
99 
6 
923 
123 
195 
987 
10 
78 
956 
197 
521 
3 
10 
161 
318 
767 
4 
31 
733 
605 
196 
669 
654 
38 
16 
20 
11 
259 
281 
530 
47 
408 
829 
365 
769 
25 
64 
633 
10 
788 
660 
381 
155 
496 
125 
543 
806 
800 
48 
169 
347 
531 
665 
131 
313 
8 
618 
473 
811 
989 
602 
577 
604 
109 
318 
723 
7 
229 
85 
22 
456 
67 
920 
115 
16 
240 
572 
860 
189 
41 
567 
4 
975 
729 
21 
863 
5 
116 
266 
9 
292 
370 
412 
752 
117 
432 
505 
4 
15 
84 
159 
887 
138 
187 
893 
536 
36 
802 
722 
743 
373 
838 
801 
327 
9 
247 
114 
13 
318 
33 
29 
241 
30 
125 
694 
280 
815 
1 
407 
207 
28 
5 
110 
4 
7 
518 
122 
270 
634 
562 
312 
392 
23 
400 
570 
163 
32 
429 
67 
418 
334 
142 
462 
646 
888 
63 
77 
188 
6 
502 
89 
739 
2 
366 
675 
753 
932 
202 
896 
72 
512 
44 
4 
4 
8 
48 
39 
71 
186 
23 
676 
280 
330 
881 
495 
65 
42 
966 
467 
89 
859 
864 
186 
699 
318 
833 
126 
206 
630 
576 
261 
187 
267 
675 
47 
544 
7 
6 
31 
361 
32 
428 
501 
690 
13 
481 
888 
822 
126 
950 
180 
864 
65 
939 
813 
229 
724 
1 
46 
144 
116 
56 
22 
940 
468 
615 
345 
114 
462 
800 
543 
415 
593 
519 
848 
464 
389 
810 
433 
635 
598 
867 
120 
694 
930 
733 
118 
871 
21 
4 
360 
192 
549 
102 
175 
278 
965 
147 
224 
62 
14 
867 
447 
748 
38 
26 
459 
494 
989 
183 
109 
153 
634 
5 
757 
4 
64 
320 
705 
110 
233 
695 
97 
938 
466 
714 
45 
924 
587 
958 
127 
158 
185 
267 
26 
77 
1 
208 
183 
127 
297 
305 
163 
805 
734 
676 
782 
676 
591 
99 
254 
722 
954 
34 
1 
509 
460 
275 
875 
991 
11 
490 
901 
867 
500 
54 
14 
696 
103 
531 
304 
142 
403 
966 
3 
242 
775 
386 
43 
110 
132 
395 
253 
25 
915 
60 
279 
240 
106 
218 
191 
207 
122 
256 
797 
224 
250 
427 
144 
427 
1 
794 
528 
21 
147 
727 
600 
414 
803 
964 
466 
475 
43 
22 
121 
227 
267 
742 
58 
366 
67 
56 
795 
187 
7 
952 
390 
796 
127 
754 
484 
111 
292 
364 
185 
256 
287 
298 
526 
315 
347 
88 
548 
207 
947 
3 
649 
877 
260 
1 
77 
47 
7 
714 
495 
203 
570 
347 
609 
65 
74 
70 
73 
52 
402 
300 
126 
47 
144 
148 
32 
1000 
567 
14 
872 
154 
888 
135 
298 
31 
192 
278 
565 
270 
99 
351 
485 
186 
155 
91 
574 
34 
18 
403 
202 
67 
408 
244 
719 
570 
765 
851 
9 
34 
5 
524 
89 
111 
99 
301 
132 
99 
157 
314 
69 
497 
637 
26 
4 
931 
959 
20 
144 
313 
107 
287 
523 
2 
987 
1 
798 
428 
3 
183 
248 
731 
88 
381 
216 
514 
310 
337 
193 
31 
615 
91 
556 
303 
804 
412 
12 
278 
26 
608 
63 
126 
74 
420 
320 
245 
729 
768 
860 
4 
379 
58 
51 
1 
763 
527 
2 
571 
7 
347 
308 
346 
100 
31 
150 
423 
426 
11 
9 
822 
266 
410 
29 
491 
196 
491 
76 
204 
860 
187 
629 
875 
512 
244 
726 
227 
818 
34 
131 
95 
20 
466 
375 
78 
661 
571 
689 
206 
507 
667 
919 
368 
907 
27 
67 
373 
714 
342 
83 
160 
34 
920 
162 
518 
758 
302 
16 
291 
288 
3 
818 
267 
518 
671 
993 
34 
605 
102 
267 
66 
566 
679 
957 
6 
2 
993 
849 
930 
152 
56 
573 
179 
63 
805 
627 
976 
509 
108 
343 
440 
555 
201 
6 
446 
58 
13 
7 
15 
337 
973 
193 
804 
728 
300 
126 
3 
91 
425 
746 
29 
438 
311 
905 
252 
309 
435 
920 
891 
137 
217 
109 
242 
238 
831 
281 
837 
706 
990 
43 
7 
439 
787 
671 
228 
320 
845 
3 
32 
494 
634 
148 
715 
278 
880 
757 
676 
255 
93 
410 
5 
7 
726 
601 
315 
36 
2 
202 
199 
717 
149 
402 
973 
264 
332 
948 
868 
64 
168 
279 
441 
758 
702 
759 
4 
550 
3 
760 
75 
634 
1 
275 
225 
316 
414 
821 
781 
6 
946 
212 
26 
49 
479 
332 
6 
134 
4 
553 
95 
465 
274 
288 
41 
91 
854 
259 
4 
19 
2 
3 
15 
747 
141 
16 
403 
561 
469 
31 
854 
353 
14 
3 
277 
197 
308 
265 
943 
2 
46 
13 
873 
103 
218 
252 
47 
470 
754 
913 
284 
132 
692 
227 
52 
233 
493 
151 
20 
542 
1 
569 
427 
691 
739 
758 
417 
583 
177 
653 
152 
29 
611 
168 
94 
922 
116 
653 
405 
350 
253 
10 
583 
82 
102 
588 
234 
100 
554 
68 
74 
486 
962 
812 
241 
314 
881 
957 
969 
281 
154 
11 
685 
307 
516 
58 
2 
17 
523 
756 
96 
976 
532 
597 
800 
12 
92 
938 
13 
2 
1 
111 
183 
205 
32 
917 
12 
500 
321 
549 
421 
328 
736 
58 
290 
6 
834 
829 
812 
1 
750 
443 
392 
809 
387 
183 
382 
589 
611 
83 
143 
579 
224 
172 
46 
920 
84 
405 
673 
836 
278 
249 
869 
4 
64 
62 
505 
651 
3 
553 
548 
496 
781 
274 
14 
34 
291 
414 
501 
38 
33 
203 
147 
601 
19 
1 
203 
834 
800 
813 
378 
303 
928 
957 
59 
611 
178 
17 
628 
5 
179 
962 
91 
80 
46 
22 
271 
151 
591 
1 
84 
564 
5 
196 
388 
551 
9 
1 
2 
772 
201 
947 
485 
206 
1 
981 
138 
808 
412 
2 
235 
748 
369 
930 
249 
709 
545 
511 
508 
515 
73 
22 
4 
412 
812 
201 
555 
682 
442 
13 
354 
401 
27 
684 
702 
457 
911 
15 
18 
40 
603 
996 
49 
125 
70 
634 
912 
4 
387 
87 
943 
45 
84 
237 
126 
832 
83 
33 
960 
296 
293 
301 
176 
980 
282 
123 
395 
994 
26 
38 
946 
229 
209 
558 
506 
544 
94 
279 
533 
218 
36 
326 
254 
39 
622 
329 
172 
204 
785 
7 
588 
21 
76 
3 
425 
146 
217 
691 
640 
315 
478 
168 
215 
278 
541 
688 
563 
186 
10 
431 
164 
206 
537 
254 
172 
140 
105 
799 
450 
219 
721 
229 
482 
29 
280 
22 
846 
803 
29 
7 
96 
542 
307 
937 
18 
5 
364 
379 
38 
274 
691 
469 
188 
76 
211 
141 
149 
22 
413 
356 
2 
917 
963 
497 
143 
739 
40 
466 
535 
391 
573 
625 
5 
93 
427 
124 
738 
334 
86 
69 
1 
332 
152 
4 
747 
201 
65 
241 
781 
856 
2 
76 
564 
85 
136 
623 
75 
504 
47 
38 
31 
105 
110 
469 
392 
818 
58 
83 
96 
748 
164 
865 
789 
524 
224 
84 
533 
731 
33 
159 
3 
372 
28 
76 
10 
79 
122 
939 
10 
884 
124 
65 
399 
998 
350 
319 
393 
195 
17 
54 
734 
30 
190 
190 
398 
254 
30 
897 
177 
295 
265 
916 
63 
4 
447 
102 
214 
529 
4 
136 
105 
326 
2 
20 
47 
200 
4 
177 
991 
815 
59 
134 
318 
189 
48 
65 
480 
485 
34 
91 
1 
91 
188 
472 
203 
5 
874 
623 
303 
454 
19 
852 
621 
66 
367 
620 
328 
396 
167 
778 
4 
603 
184 
866 
476 
140 
526 
169 
98 
31 
736 
71 
242 
665 
914 
9 
336 
308 
2 
566 
52 
34 
37 
834 
45 
474 
914 
1 
29 
375 
247 
648 
85 
335 
943 
143 
116 
303 
240 
3 
56 
85 
105 
165 
388 
14 
892 
724 
705 
944 
365 
65 
282 
311 
202 
169 
161 
17 
829 
707 
973 
124 
616 
93 
125 
1 
7 
723 
398 
255 
172 
334 
460 
35 
100 
626 
29 
464 
421 
13 
13 
43 
942 
6 
702 
654 
861 
535 
14 
180 
24 
393 
609 
336 
632 
788 
87 
116 
687 
127 
1 
760 
473 
2 
401 
703 
506 
101 
496 
133 
97 
193 
5 
22 
552 
59 
43 
341 
514 
873 
689 
56 
884 
647 
129 
849 
195 
19 
696 
470 
460 
375 
263 
342 
605 
669 
20 
769 
32 
13 
389 
14 
752 
175 
468 
340 
925 
418 
7 
404 
162 
652 
275 
165 
320 
225 
565 
167 
268 
305 
409 
328 
279 
664 
23 
494 
129 
20 
117 
78 
120 
863 
485 
223 
316 
696 
27 
222 
739 
156 
52 
10 
257 
828 
235 
641 
551 
6 
644 
85 
454 
236 
66 
532 
700 
789 
311 
11 
926 
515 
584 
294 
93 
87 
26 
91 
48 
9 
57 
592 
247 
218 
352 
487 
27 
656 
240 
1 
4 
2 
19 
955 
11 
138 
744 
781 
556 
49 
153 
401 
118 
475 
847 
863 
55 
562 
25 
117 
137 
821 
699 
697 
14 
14 
81 
407 
72 
1 
248 
343 
15 
781 
285 
112 
56 
314 
137 
4 
379 
174 
534 
158 
307 
270 
713 
165 
381 
802 
245 
455 
8 
195 
217 
61 
17 
58 
21 
617 
641 
184 
416 
4 
515 
14 
14 
214 
736 
12 
419 
2 
119 
153 
219 
481 
532 
774 
524 
53 
156 
533 
59 
524 
6 
456 
261 
399 
1 
406 
2 
345 
102 
102 
131 
44 
209 
710 
468 
769 
369 
19 
922 
41 
387 
764 
92 
24 
958 
918 
162 
12 
279 
502 
617 
769 
11 
30 
29 
53 
285 
27 
237 
37 
132 
15 
501 
375 
123 
129 
464 
978 
229 
112 
59 
901 
193 
911 
408 
339 
11 
222 
226 
636 
607 
645 
480 
212 
290 
403 
638 
331 
145 
269 
406 
162 
271 
511 
113 
338 
2 
189 
12 
36 
670 
69 
4 
24 
571 
16 
218 
210 
880 
749 
596 
843 
424 
7 
63 
215 
466 
339 
103 
423 
9 
51 
677 
30 
796 
476 
527 
64 
66 
879 
124 
3 
526 
120 
64 
932 
21 
158 
338 
24 
3 
729 
33 
392 
8 
392 
6 
101 
809 
584 
121 
446 
543 
328 
135 
37 
419 
38 
974 
984 
248 
125 
52 
253 
663 
165 
147 
36 
539 
784 
9 
883 
214 
28 
210 
229 
49 
922 
2 
399 
785 
163 
333 
854 
432 
660 
277 
423 
24 
30 
367 
19 
565 
458 
13 
874 
459 
21 
639 
236 
726 
498 
65 
613 
26 
311 
76 
163 
790 
979 
900 
185 
46 
84 
22 
634 
12 
198 
222 
137 
367 
329 
247 
591 
366 
11 
494 
19 
134 
3 
112 
395 
803 
54 
731 
17 
807 
698 
626 
28 
264 
16 
169 
217 
9 
246 
984 
815 
627 
984 
725 
127 
155 
823 
900 
23 
16 
11 
793 
51 
523 
1 
128 
696 
71 
73 
128 
329 
365 
224 
559 
53 
295 
6 
941 
201 
6 
59 
233 
935 
465 
142 
838 
13 
792 
688 
627 
57 
503 
9 
220 
962 
447 
77 
271 
223 
268 
381 
452 
649 
318 
835 
427 
755 
70 
130 
85 
277 
673 
14 
462 
31 
816 
319 
183 
649 
399 
920 
177 
531 
439 
154 
485 
70 
776 
23 
9 
336 
544 
2 
376 
714 
662 
860 
39 
601 
675 
265 
59 
124 
381 
12 
250 
482 
425 
298 
36 
345 
7 
11 
401 
193 
386 
535 
640 
11 
335 
27 
161 
815 
536 
12 
842 
473 
999 
285 
47 
6 
42 
840 
42 
653 
845 
479 
472 
9 
824 
61 
209 
95 
414 
101 
907 
751 
799 
97 
151 
258 
332 
560 
4 
170 
159 
154 
78 
290 
200 
935 
148 
721 
167 
71 
174 
813 
365 
126 
493 
189 
145 
82 
258 
453 
794 
261 
809 
66 
582 
215 
9 
568 
63 
4 
120 
289 
402 
240 
71 
10 
649 
42 
710 
456 
305 
104 
234 
492 
401 
350 
917 
159 
66 
141 
51 
331 
705 
12 
556 
235 
744 
499 
615 
218 
383 
95 
760 
299 
718 
18 
3 
395 
52 
491 
15 
170 
265 
13 
412 
414 
7 
398 
107 
49 
22 
153 
18 
139 
251 
36 
695 
284 
602 
30 
887 
398 
481 
17 
31 
651 
144 
529 
66 
941 
244 
411 
504 
101 
40 
20 
529 
16 
2 
756 
154 
91 
119 
688 
538 
211 
58 
110 
73 
743 
224 
185 
1 
124 
33 
743 
254 
81 
3 
363 
249 
313 
164 
124 
76 
970 
226 
9 
613 
322 
987 
461 
913 
1 
92 
383 
185 
853 
2 
53 
16 
23 
388 
130 
633 
207 
1 
3 
65 
711 
703 
81 
15 
708 
472 
234 
520 
91 
998 
654 
384 
123 
14 
793 
162 
429 
111 
257 
306 
931 
22 
330 
260 
132 
324 
5 
118 
899 
36 
47 
4 
449 
172 
11 
22 
583 
717 
251 
470 
915 
13 
75 
566 
106 
647 
40 
238 
981 
23 
15 
451 
587 
570 
153 
52 
145 
622 
301 
961 
99 
583 
190 
36 
124 
408 
805 
690 
45 
82 
224 
1 
262 
42 
229 
27 
855 
290 
763 
235 
39 
3 
318 
454 
630 
577 
1 
745 
59 
43 
835 
910 
379 
10 
860 
630 
238 
646 
477 
532 
805 
84 
660 
282 
99 
434 
608 
459 
897 
593 
201 
905 
756 
947 
173 
452 
943 
415 
803 
154 
352 
204 
132 
776 
85 
64 
118 
53 
22 
211 
12 
717 
571 
14 
145 
928 
932 
217 
689 
21 
750 
399 
550 
718 
481 
166 
474 
222 
20 
57 
65 
485 
216 
96 
104 
136 
312 
521 
530 
140 
147 
397 
684 
864 
368 
244 
420 
894 
256 
120 
749 
61 
168 
34 
947 
417 
219 
828 
199 
341 
70 
31 
608 
417 
125 
74 
115 
208 
311 
69 
15 
861 
690 
24 
500 
3 
345 
51 
48 
7 
399 
82 
224 
641 
8 
750 
27 
351 
410 
75 
794 
323 
625 
291 
88 
511 
609 
950 
31 
299 
99 
335 
76 
247 
216 
84 
684 
7 
286 
66 
155 
674 
177 
41 
169 
12 
723 
641 
253 
407 
130 
839 
369 
206 
240 
6 
205 
33 
298 
393 
892 
50 
494 
7 
21 
139 
396 
483 
106 
915 
276 
4 
75 
45 
175 
10 
5 
139 
141 
990 
876 
149 
11 
434 
209 
11 
335 
350 
495 
287 
4 
245 
131 
193 
156 
5 
638 
17 
420 
22 
419 
49 
193 
88 
439 
328 
16 
728 
453 
840 
595 
911 
203 
155 
54 
411 
9 
68 
915 
824 
111 
463 
872 
62 
325 
121 
171 
625 
953 
155 
1000 
673 
686 
105 
9 
422 
556 
376 
9 
211 
55 
873 
66 
54 
738 
879 
189 
887 
17 
13 
66 
13 
685 
483 
760 
491 
870 
227 
778 
817 
21 
402 
32 
880 
608 
22 
694 
250 
557 
103 
207 
877 
30 
220 
241 
206 
710 
796 
38 
4 
332 
14 
995 
4 
86 
198 
4 
501 
1 
114 
107 
223 
195 
140 
63 
220 
991 
14 
476 
120 
97 
694 
292 
193 
10 
56 
41 
188 
11 
130 
701 
903 
957 
227 
92 
470 
505 
15 
1 
318 
533 
33 
323 
516 
96 
104 
13 
20 
2 
105 
871 
881 
708 
914 
5 
122 
672 
80 
343 
14 
713 
656 
140 
780 
674 
204 
670 
962 
65 
943 
402 
898 
870 
443 
1 
623 
310 
317 
793 
53 
652 
30 
506 
202 
275 
9 
590 
741 
180 
869 
60 
33 
72 
91 
585 
9 
173 
576 
210 
30 
41 
26 
743 
75 
616 
7 
90 
6 
41 
283 
644 
99 
758 
148 
433 
968 
449 
859 
768 
55 
98 
839 
69 
305 
909 
736 
98 
177 
617 
781 
7 
129 
224 
3 
69 
345 
191 
4 
594 
30 
12 
982 
207 
669 
151 
169 
330 
191 
573 
5 
66 
214 
583 
447 
387 
506 
4 
170 
948 
221 
531 
248 
160 
766 
15 
12 
434 
897 
421 
1 
305 
293 
570 
14 
730 
696 
663 
628 
310 
27 
71 
401 
72 
633 
374 
816 
510 
5 
7 
1 
282 
83 
72 
511 
349 
851 
479 
153 
114 
103 
14 
843 
165 
121 
459 
160 
149 
222 
331 
90 
19 
90 
372 
65 
88 
11 
26 
214 
483 
409 
14 
20 
267 
844 
2 
199 
378 
637 
48 
325 
17 
68 
33 
133 
79 
44 
549 
137 
53 
6 
771 
105 
201 
434 
632 
462 
139 
8 
543 
759 
685 
6 
249 
336 
308 
930 
298 
109 
1 
738 
308 
304 
416 
240 
293 
38 
102 
40 
618 
545 
10 
4 
520 
109 
30 
19 
8 
318 
322 
227 
4 
509 
987 
477 
96 
586 
481 
668 
628 
1 
291 
493 
29 
494 
391 
191 
247 
47 
552 
15 
79 
41 
202 
106 
338 
42 
264 
279 
968 
129 
286 
460 
354 
785 
479 
278 
191 
148 
629 
113 
89 
783 
99 
348 
345 
523 
2 
249 
46 
507 
2 
445 
150 
712 
71 
188 
137 
283 
1 
848 
226 
211 
631 
586 
959 
14 
697 
38 
282 
397 
236 
255 
736 
4 
746 
549 
441 
65 
20 
715 
188 
15 
410 
52 
537 
323 
437 
78 
924 
351 
1 
13 
243 
303 
246 
182 
1 
407 
866 
139 
264 
218 
203 
5 
223 
245 
507 
772 
33 
89 
314 
464 
537 
788 
831 
469 
829 
741 
673 
66 
68 
162 
20 
120 
675 
194 
849 
5 
926 
601 
109 
387 
7 
593 
79 
12 
16 
6 
818 
677 
527 
585 
254 
499 
275 
440 
364 
216 
537 
544 
823 
979 
496 
117 
319 
976 
894 
518 
10 
380 
245 
463 
56 
29 
264 
175 
155 
92 
956 
641 
327 
98 
547 
1 
20 
2 
764 
138 
956 
904 
762 
3 
436 
206 
811 
426 
305 
733 
135 
7 
68 
171 
256 
15 
621 
166 
798 
208 
223 
20 
26 
940 
792 
851 
672 
559 
151 
38 
970 
130 
333 
353 
21 
180 
2 
280 
153 
95 
166 
961 
11 
528 
249 
476 
967 
481 
511 
390 
400 
328 
170 
686 
5 
103 
746 
777 
304 
561 
111 
235 
816 
712 
470 
490 
669 
20 
183 
327 
528 
202 
187 
181 
112 
155 
31 
182 
42 
7 
916 
7 
225 
217 
60 
619 
46 
649 
839 
277 
373 
1 
358 
663 
522 
5 
16 
276 
86 
130 
329 
426 
459 
55 
692 
699 
124 
817 
163 
621 
11 
626 
348 
663 
70 
3 
512 
115 
62 
312 
54 
22 
617 
270 
284 
141 
12 
556 
107 
163 
728 
15 
357 
956 
302 
678 
236 
284 
977 
574 
76 
107 
16 
509 
45 
131 
5 
69 
731 
772 
722 
603 
655 
488 
543 
216 
798 
131 
93 
150 
83 
639 
5 
34 
167 
10 
81 
97 
13 
335 
688 
590 
588 
848 
939 
177 
262 
734 
950 
335 
572 
991 
473 
226 
872 
2 
24 
787 
611 
12 
1 
3 
769 
305 
89 
476 
43 
548 
125 
468 
7 
374 
1 
277 
107 
254 
331 
281 
54 
1 
238 
905 
702 
913 
6 
63 
9 
88 
549 
157 
346 
306 
5 
96 
121 
774 
1000 
481 
85 
191 
877 
9 
583 
69 
22 
328 
113 
873 
51 
76 
117 
477 
11 
715 
263 
558 
932 
14 
584 
822 
554 
57 
6 
14 
11 
85 
38 
752 
58 
807 
49 
213 
862 
221 
22 
438 
70 
546 
42 
365 
944 
858 
238 
663 
134 
95 
107 
920 
58 
2 
414 
16 
327 
354 
887 
770 
580 
254 
993 
29 
17 
360 
720 
300 
652 
16 
11 
155 
1 
74 
306 
895 
159 
666 
417 
343 
51 
107 
1 
118 
177 
47 
113 
884 
465 
771 
389 
512 
437 
251 
124 
837 
12 
720 
158 
60 
459 
757 
490 
859 
10 
916 
69 
11 
57 
512 
1 
387 
174 
14 
294 
524 
237 
766 
882 
5 
897 
121 
36 
414 
366 
107 
832 
172 
406 
941 
261 
418 
41 
406 
22 
110 
528 
361 
29 
153 
79 
221 
318 
297 
10 
154 
80 
16 
3 
212 
8 
302 
45 
25 
112 
786 
444 
142 
70 
38 
82 
763 
21 
928 
486 
13 
376 
346 
108 
730 
425 
86 
266 
143 
242 
654 
758 
288 
111 
145 
847 
200 
80 
14 
581 
268 
378 
37 
835 
706 
212 
228 
639 
898 
481 
157 
78 
323 
12 
441 
242 
8 
743 
745 
142 
540 
15 
282 
12 
934 
748 
73 
459 
54 
4 
96 
404 
191 
269 
427 
722 
863 
102 
173 
926 
755 
606 
63 
220 
152 
540 
777 
12 
712 
102 
349 
684 
133 
674 
26 
100 
632 
655 
92 
419 
15 
65 
130 
427 
419 
666 
829 
83 
597 
908 
221 
317 
407 
42 
813 
17 
754 
50 
103 
33 
837 
23 
563 
24 
18 
224 
1 
887 
925 
26 
265 
12 
40 
997 
333 
68 
293 
44 
414 
984 
49 
100 
939 
484 
48 
292 
199 
1 
10 
73 
57 
151 
43 
28 
45 
200 
2 
76 
989 
724 
37 
373 
14 
6 
598 
12 
124 
514 
235 
23 
363 
139 
108 
22 
2 
9 
858 
907 
69 
14 
365 
544 
371 
675 
951 
121 
843 
116 
889 
718 
5 
69 
118 
796 
565 
580 
316 
303 
177 
96 
1 
3 
79 
265 
388 
670 
451 
288 
605 
134 
518 
24 
78 
118 
120 
514 
174 
330 
28 
113 
98 
118 
297 
678 
271 
45 
125 
888 
250 
101 
155 
59 
106 
23 
368 
40 
28 
612 
2 
259 
920 
54 
514 
72 
3 
342 
326 
147 
29 
221 
45 
320 
936 
650 
560 
26 
175 
141 
3 
604 
4 
212 
214 
15 
395 
1 
236 
972 
167 
3 
121 
160 
44 
897 
334 
173 
551 
30 
700 
233 
424 
395 
968 
109 
22 
881 
44 
14 
27 
522 
690 
162 
77 
586 
37 
18 
619 
247 
304 
437 
263 
223 
110 
356 
14 
41 
679 
60 
1 
693 
651 
418 
633 
659 
303 
501 
40 
866 
16 
165 
549 
31 
933 
102 
800 
523 
306 
761 
17 
6 
620 
667 
137 
2 
1 
517 
362 
128 
288 
805 
57 
26 
977 
106 
643 
365 
905 
544 
650 
450 
4 
2 
2 
1 
447 
782 
322 
475 
1 
35 
888 
111 
384 
105 
85 
627 
423 
243 
1 
47 
9 
48 
179 
233 
109 
201 
2 
573 
94 
219 
52 
398 
444 
774 
48 
348 
288 
9 
3 
236 
55 
16 
272 
3 
627 
348 
616 
4 
828 
9 
698 
85 
827 
129 
424 
345 
9 
654 
522 
214 
674 
926 
27 
201 
78 
959 
20 
369 
77 
657 
33 
999 
79 
938 
792 
76 
6 
184 
405 
782 
702 
2 
2 
132 
188 
42 
228 
430 
60 
975 
306 
39 
964 
733 
22 
68 
604 
222 
8 
854 
191 
22 
139 
27 
229 
71 
64 
372 
3 
54 
4 
178 
322 
270 
155 
161 
29 
118 
781 
144 
34 
360 
557 
306 
15 
20 
215 
790 
497 
684 
446 
89 
147 
561 
102 
325 
2 
765 
997 
563 
223 
436 
697 
550 
125 
140 
864 
7 
301 
232 
656 
327 
619 
688 
385 
383 
377 
355 
639 
58 
198 
930 
131 
917 
395 
50 
427 
122 
159 
199 
788 
585 
10 
72 
94 
222 
946 
308 
119 
18 
642 
116 
882 
98 
751 
65 
145 
139 
220 
25 
49 
293 
233 
365 
108 
830 
74 
22 
312 
116 
219 
211 
272 
56 
1 
568 
950 
3 
461 
895 
2 
100 
801 
26 
87 
187 
240 
99 
318 
351 
148 
15 
523 
2 
980 
744 
871 
623 
130 
394 
135 
50 
549 
608 
192 
42 
307 
34 
49 
37 
432 
319 
227 
173 
157 
16 
360 
928 
49 
506 
480 
933 
424 
999 
357 
54 
322 
780 
420 
543 
265 
732 
844 
3 
331 
426 
303 
5 
743 
224 
89 
27 
523 
13 
620 
423 
377 
991 
365 
805 
787 
107 
113 
609 
8 
149 
788 
89 
8 
603 
39 
788 
68 
425 
75 
721 
18 
787 
276 
94 
531 
281 
26 
234 
21 
869 
111 
499 
8 
433 
394 
67 
16 
344 
895 
98 
14 
276 
880 
443 
23 
312 
544 
233 
846 
823 
384 
55 
306 
154 
500 
431 
278 
581 
283 
194 
139 
62 
723 
579 
191 
37 
94 
26 
139 
204 
334 
12 
292 
766 
55 
757 
410 
857 
210 
486 
408 
551 
547 
928 
593 
3 
49 
633 
16 
267 
136 
818 
606 
628 
220 
766 
234 
46 
243 
322 
150 
1 
311 
765 
80 
93 
267 
314 
259 
858 
820 
93 
944 
404 
774 
588 
719 
112 
25 
365 
231 
518 
807 
881 
183 
7 
680 
867 
22 
271 
8 
104 
180 
640 
162 
45 
300 
2 
652 
572 
754 
742 
179 
540 
411 
651 
471 
187 
136 
79 
262 
692 
519 
970 
267 
108 
228 
348 
145 
4 
578 
213 
594 
1 
844 
32 
59 
53 
15 
293 
313 
25 
822 
24 
375 
632 
191 
497 
127 
583 
944 
745 
7 
283 
56 
60 
39 
364 
707 
315 
5 
54 
668 
325 
134 
192 
96 
55 
219 
716 
260 
244 
388 
451 
520 
851 
18 
723 
807 
306 
54 
667 
836 
230 
601 
153 
91 
90 
520 
376 
544 
90 
61 
336 
422 
185 
735 
30 
75 
142 
706 
9 
30 
986 
80 
182 
486 
80 
103 
194 
539 
909 
51 
191 
6 
165 
82 
803 
602 
137 
320 
202 
452 
309 
116 
92 
471 
843 
682 
485 
60 
269 
120 
16 
270 
511 
296 
883 
802 
93 
222 
571 
698 
209 
163 
3 
331 
904 
795 
754 
299 
933 
19 
350 
532 
47 
8 
91 
13 
43 
552 
227 
272 
123 
547 
284 
1 
909 
371 
283 
554 
2 
905 
470 
463 
487 
826 
383 
940 
129 
33 
855 
991 
435 
499 
818 
15 
646 
161 
674 
666 
54 
54 
24 
4 
749 
790 
434 
481 
85 
43 
130 
514 
337 
396 
618 
424 
427 
8 
55 
164 
921 
339 
429 
702 
1 
78 
40 
129 
169 
246 
783 
85 
42 
194 
156 
103 
207 
294 
716 
968 
197 
775 
366 
480 
547 
554 
190 
64 
497 
45 
8 
83 
703 
62 
48 
297 
312 
122 
398 
382 
23 
1 
714 
214 
188 
172 
35 
940 
9 
995 
8 
216 
433 
24 
905 
158 
212 
433 
118 
170 
20 
968 
59 
71 
498 
539 
10 
943 
318 
872 
150 
935 
895 
468 
63 
98 
837 
993 
257 
1 
182 
786 
44 
140 
618 
492 
16 
199 
272 
642 
180 
9 
159 
25 
88 
261 
1 
251 
64 
535 
67 
756 
565 
206 
1 
620 
438 
246 
999 
20 
260 
174 
594 
1 
713 
625 
12 
226 
558 
948 
258 
74 
224 
729 
341 
439 
718 
74 
390 
450 
683 
293 
504 
243 
699 
51 
579 
77 
842 
886 
738 
40 
9 
96 
311 
507 
172 
486 
607 
904 
2 
3 
985 
951 
358 
12 
71 
771 
148 
136 
205 
932 
370 
647 
114 
450 
50 
192 
702 
971 
810 
658 
295 
903 
40 
10 
57 
953 
922 
195 
605 
43 
269 
748 
624 
99 
100 
340 
771 
250 
385 
585 
444 
921 
21 
120 
856 
244 
105 
6 
159 
29 
744 
314 
37 
12 
369 
1 
652 
725 
666 
7 
1 
34 
574 
107 
132 
667 
13 
28 
692 
4 
12 
184 
201 
273 
249 
329 
10 
412 
676 
4 
17 
188 
836 
320 
986 
31 
35 
86 
6 
265 
1 
174 
632 
637 
16 
61 
7 
858 
812 
64 
6 
118 
627 
704 
20 
907 
346 
123 
828 
200 
396 
27 
305 
2 
460 
754 
767 
1 
988 
828 
135 
6 
221 
156 
794 
11 
79 
858 
820 
996 
900 
743 
25 
725 
16 
619 
252 
508 
606 
90 
52 
781 
29 
324 
5 
264 
548 
127 
195 
477 
563 
858 
16 
263 
18 
275 
689 
220 
792 
33 
469 
191 
650 
796 
689 
66 
519 
113 
248 
64 
135 
908 
922 
224 
239 
7 
338 
11 
928 
431 
10 
86 
184 
219 
151 
474 
149 
226 
851 
587 
1 
6 
44 
38 
853 
48 
27 
929 
292 
461 
1 
14 
257 
450 
1 
153 
538 
446 
5 
453 
165 
986 
1 
890 
798 
596 
126 
104 
760 
259 
735 
150 
531 
172 
1 
55 
374 
223 
525 
58 
726 
69 
66 
553 
906 
87 
2 
2 
5 
769 
64 
148 
484 
449 
80 
281 
883 
133 
10 
166 
69 
968 
282 
30 
516 
593 
2 
10 
595 
111 
58 
156 
803 
113 
808 
22 
24 
785 
198 
591 
115 
291 
388 
143 
915 
17 
185 
291 
18 
761 
378 
766 
344 
293 
164 
79 
563 
23 
124 
451 
464 
768 
1 
186 
807 
54 
759 
744 
404 
345 
988 
406 
827 
873 
996 
256 
460 
123 
436 
67 
466 
74 
34 
410 
433 
57 
595 
309 
129 
919 
350 
502 
358 
385 
866 
46 
79 
741 
238 
725 
128 
933 
155 
21 
493 
19 
657 
411 
588 
315 
918 
579 
199 
388 
1 
614 
459 
382 
228 
7 
451 
552 
1 
78 
644 
827 
832 
491 
783 
461 
66 
345 
39 
195 
522 
1 
118 
441 
659 
452 
329 
576 
2 
36 
162 
55 
908 
278 
592 
63 
680 
39 
61 
216 
783 
666 
255 
138 
1 
210 
558 
847 
244 
99 
207 
362 
607 
330 
6 
966 
164 
73 
92 
64 
281 
789 
388 
425 
58 
351 
984 
852 
429 
811 
11 
945 
976 
415 
521 
788 
168 
854 
985 
984 
2 
711 
534 
902 
4 
819 
951 
100 
825 
18 
367 
931 
468 
111 
952 
39 
163 
946 
251 
354 
756 
7 
848 
532 
5 
65 
70 
231 
2 
10 
681 
116 
23 
254 
8 
522 
85 
1 
162 
60 
878 
112 
14 
116 
365 
112 
175 
184 
177 
23 
907 
271 
4 
92 
685 
360 
7 
972 
31 
943 
819 
737 
591 
805 
113 
506 
108 
67 
797 
420 
162 
800 
510 
614 
822 
372 
607 
863 
869 
920 
93 
144 
196 
541 
983 
93 
349 
333 
608 
626 
11 
694 
361 
847 
10 
41 
65 
216 
78 
671 
588 
114 
10 
178 
111 
98 
1 
75 
206 
373 
171 
1 
348 
3 
647 
47 
4 
9 
52 
56 
842 
618 
147 
594 
183 
847 
15 
278 
743 
40 
36 
89 
12 
565 
341 
56 
1 
1 
42 
564 
341 
180 
392 
311 
9 
760 
170 
53 
560 
800 
384 
122 
370 
523 
11 
564 
961 
1 
750 
798 
630 
257 
566 
551 
378 
336 
565 
82 
315 
62 
657 
7 
213 
3 
75 
542 
964 
598 
72 
282 
22 
226 
437 
280 
881 
422 
614 
254 
7 
8 
198 
559 
10 
5 
93 
615 
42 
571 
71 
306 
215 
309 
55 
232 
10 
742 
606 
298 
19 
56 
43 
12 
8 
505 
210 
761 
126 
8 
652 
34 
318 
62 
841 
4 
630 
135 
215 
21 
226 
468 
167 
3 
2 
31 
322 
959 
661 
459 
556 
291 
27 
5 
148 
857 
546 
73 
3 
360 
220 
86 
33 
659 
653 
2 
667 
866 
52 
485 
508 
170 
383 
525 
556 
113 
165 
560 
410 
348 
331 
783 
120 
69 
4 
96 
676 
2 
708 
4 
876 
75 
687 
5 
24 
73 
23 
55 
169 
720 
128 
884 
734 
863 
149 
704 
97 
733 
733 
746 
425 
129 
65 
390 
767 
147 
338 
279 
12 
3 
231 
263 
162 
7 
422 
379 
210 
53 
216 
157 
69 
44 
739 
356 
51 
65 
3 
363 
20 
217 
174 
75 
233 
594 
467 
130 
367 
163 
672 
207 
1 
74 
792 
818 
61 
155 
910 
6 
972 
44 
30 
26 
677 
26 
547 
259 
918 
710 
357 
923 
544 
443 
24 
168 
523 
332 
311 
136 
192 
112 
220 
11 
181 
14 
617 
44 
160 
857 
658 
78 
393 
51 
515 
575 
183 
98 
182 
127 
203 
394 
86 
83 
840 
6 
68 
324 
660 
343 
1 
49 
214 
816 
715 
12 
181 
925 
126 
141 
925 
285 
89 
126 
811 
141 
106 
907 
550 
194 
116 
132 
82 
596 
446 
110 
228 
9 
17 
783 
72 
404 
47 
15 
797 
13 
203 
266 
357 
122 
167 
537 
394 
220 
57 
194 
341 
2 
39 
853 
2 
35 
629 
727 
33 
66 
307 
166 
232 
17 
706 
193 
825 
708 
74 
193 
200 
13 
38 
651 
416 
686 
741 
201 
523 
755 
158 
901 
922 
361 
877 
181 
120 
108 
305 
76 
340 
207 
814 
147 
116 
452 
4 
728 
133 
32 
71 
168 
575 
240 
339 
838 
13 
250 
176 
35 
114 
585 
60 
208 
181 
78 
97 
546 
13 
867 
654 
984 
442 
77 
13 
108 
827 
240 
742 
60 
89 
991 
15 
242 
115 
651 
931 
440 
595 
563 
770 
888 
457 
215 
355 
244 
371 
869 
73 
131 
885 
120 
904 
994 
50 
734 
130 
444 
11 
459 
357 
781 
250 
875 
64 
595 
504 
361 
972 
207 
167 
298 
124 
16 
14 
236 
5 
141 
690 
1 
149 
13 
158 
81 
329 
397 
379 
573 
40 
28 
890 
24 
23 
6 
513 
3 
90 
536 
947 
769 
55 
92 
74 
14 
619 
4 
15 
67 
841 
660 
19 
12 
24 
590 
53 
596 
570 
93 
726 
31 
25 
940 
48 
21 
174 
808 
433 
456 
957 
31 
61 
1 
935 
265 
39 
794 
27 
23 
984 
10 
352 
230 
328 
358 
3 
708 
857 
329 
436 
158 
446 
542 
366 
148 
868 
601 
88 
473 
72 
556 
550 
12 
418 
37 
376 
496 
1 
740 
32 
57 
213 
330 
662 
1 
299 
271 
702 
94 
250 
794 
779 
479 
738 
13 
300 
243 
26 
22 
646 
717 
18 
63 
316 
58 
627 
9 
845 
267 
139 
339 
170 
335 
131 
110 
615 
147 
995 
859 
768 
82 
405 
30 
78 
947 
304 
250 
845 
145 
85 
99 
23 
105 
740 
25 
17 
131 
852 
3 
66 
315 
187 
10 
6 
1 
390 
615 
11 
161 
206 
41 
144 
2 
467 
669 
413 
1 
107 
204 
327 
964 
4 
789 
712 
488 
30 
310 
232 
735 
427 
474 
178 
90 
945 
15 
74 
815 
296 
944 
177 
1 
587 
6 
435 
945 
393 
39 
85 
702 
4 
242 
51 
741 
139 
608 
134 
186 
711 
82 
249 
307 
399 
78 
130 
211 
351 
400 
162 
651 
336 
13 
357 
788 
757 
742 
845 
712 
7 
976 
335 
363 
244 
604 
803 
597 
902 
207 
339 
711 
303 
17 
235 
283 
186 
12 
234 
660 
96 
207 
244 
672 
625 
779 
407 
137 
437 
237 
869 
308 
20 
104 
108 
390 
837 
883 
316 
300 
849 
898 
99 
45 
746 
14 
25 
54 
86 
60 
555 
289 
746 
813 
99 
5 
25 
202 
136 
348 
185 
225 
20 
36 
140 
382 
26 
412 
261 
261 
78 
265 
732 
206 
591 
694 
2 
551 
2 
148 
982 
302 
72 
295 
991 
64 
792 
733 
41 
847 
997 
488 
721 
34 
274 
27 
832 
1 
27 
297 
68 
406 
19 
74 
455 
71 
587 
815 
219 
90 
839 
8 
806 
178 
685 
596 
96 
149 
60 
59 
15 
902 
199 
35 
329 
252 
161 
13 
902 
418 
719 
468 
307 
852 
30 
111 
129 
139 
167 
136 
41 
644 
469 
433 
167 
817 
469 
754 
576 
905 
555 
604 
891 
321 
662 
84 
824 
1 
1 
993 
728 
300 
448 
259 
454 
1 
279 
33 
4 
10 
84 
53 
370 
737 
735 
368 
926 
143 
375 
33 
64 
165 
995 
814 
251 
800 
649 
555 
533 
244 
796 
563 
17 
4 
468 
810 
6 
522 
474 
5 
59 
54 
1 
62 
413 
581 
646 
576 
503 
13 
370 
866 
728 
900 
92 
133 
660 
65 
78 
25 
159 
825 
475 
819 
108 
45 
32 
96 
40 
588 
708 
142 
53 
485 
602 
798 
220 
148 
558 
471 
614 
555 
685 
449 
216 
39 
3 
14 
10 
205 
805 
4 
710 
57 
43 
62 
813 
359 
473 
10 
419 
585 
351 
465 
841 
472 
265 
160 
675 
419 
947 
739 
33 
462 
6 
854 
102 
49 
627 
187 
822 
557 
429 
17 
498 
16 
134 
319 
18 
93 
672 
279 
24 
33 
104 
413 
268 
571 
737 
323 
727 
81 
562 
455 
22 
326 
280 
91 
123 
928 
697 
75 
205 
114 
632 
24 
498 
528 
3 
377 
235 
30 
203 
537 
568 
734 
700 
84 
391 
632 
4 
40 
34 
9 
753 
49 
209 
995 
186 
412 
904 
441 
87 
238 
94 
22 
586 
31 
24 
73 
728 
140 
737 
1 
990 
43 
302 
792 
243 
318 
481 
677 
684 
43 
208 
486 
467 
655 
40 
608 
671 
15 
205 
492 
176 
497 
323 
748 
996 
813 
540 
454 
314 
17 
55 
97 
146 
79 
3 
558 
7 
651 
725 
96 
430 
67 
2 
141 
950 
495 
180 
639 
607 
434 
104 
31 
654 
15 
895 
263 
452 
512 
10 
93 
64 
92 
311 
760 
492 
47 
10 
920 
263 
188 
284 
264 
431 
510 
15 
1 
170 
634 
715 
798 
497 
133 
123 
3 
10 
2 
312 
769 
292 
211 
587 
222 
364 
466 
32 
55 
6 
75 
154 
917 
33 
809 
792 
149 
794 
404 
478 
35 
11 
805 
775 
372 
41 
159 
885 
751 
52 
276 
399 
541 
725 
587 
499 
600 
122 
9 
229 
33 
128 
560 
118 
65 
368 
527 
12 
521 
400 
534 
686 
641 
89 
663 
104 
69 
157 
963 
33 
892 
717 
51 
117 
210 
86 
9 
150 
19 
5 
859 
962 
543 
417 
917 
1 
890 
95 
961 
25 
872 
647 
629 
60 
323 
60 
860 
32 
563 
106 
78 
28 
256 
861 
196 
41 
14 
337 
136 
448 
654 
389 
584 
128 
735 
840 
18 
927 
22 
58 
944 
596 
298 
12 
408 
151 
960 
5 
3 
661 
622 
696 
468 
952 
798 
499 
230 
303 
253 
505 
505 
209 
104 
716 
267 
48 
847 
88 
561 
987 
613 
707 
909 
353 
922 
584 
17 
147 
90 
219 
6 
764 
231 
403 
36 
198 
2 
306 
404 
77 
35 
655 
86 
756 
209 
245 
25 
538 
163 
387 
353 
291 
522 
429 
6 
471 
62 
348 
969 
87 
655 
77 
532 
79 
589 
561 
79 
4 
79 
542 
432 
451 
640 
203 
38 
53 
879 
258 
54 
14 
204 
980 
46 
190 
798 
257 
221 
381 
212 
532 
315 
386 
195 
130 
179 
307 
79 
68 
611 
100 
766 
362 
29 
86 
328 
733 
112 
334 
126 
505 
882 
492 
296 
307 
210 
438 
549 
856 
259 
430 
8 
37 
268 
806 
897 
227 
60 
123 
49 
880 
752 
516 
7 
126 
102 
765 
126 
404 
578 
840 
810 
50 
841 
951 
3 
545 
297 
402 
199 
3 
13 
4 
510 
591 
854 
264 
910 
280 
127 
808 
349 
431 
11 
603 
875 
137 
168 
55 
401 
117 
838 
673 
698 
10 
727 
622 
282 
8 
486 
225 
122 
250 
47 
633 
733 
558 
193 
276 
74 
118 
47 
544 
121 
287 
26 
684 
990 
337 
845 
244 
12 
3 
64 
148 
654 
725 
621 
77 
611 
16 
14 
717 
61 
523 
51 
778 
259 
781 
597 
533 
193 
451 
359 
237 
727 
2 
33 
23 
715 
235 
445 
97 
146 
208 
51 
427 
348 
971 
895 
1 
53 
32 
2 
204 
965 
27 
557 
21 
17 
54 
126 
21 
162 
340 
598 
36 
486 
11 
438 
639 
548 
798 
946 
698 
356 
437 
135 
144 
322 
552 
249 
734 
470 
798 
922 
323 
316 
68 
25 
205 
84 
61 
166 
87 
412 
894 
657 
565 
188 
577 
123 
193 
8 
155 
153 
10 
276 
61 
476 
850 
60 
289 
6 
367 
934 
142 
970 
472 
708 
522 
44 
557 
134 
11 
739 
161 
269 
947 
469 
9 
15 
313 
92 
225 
249 
762 
98 
751 
202 
371 
110 
982 
316 
562 
991 
292 
5 
167 
97 
53 
727 
235 
858 
380 
729 
32 
93 
59 
503 
182 
717 
255 
134 
519 
38 
333 
407 
40 
301 
144 
145 
369 
703 
14 
25 
476 
495 
178 
157 
365 
531 
18 
207 
174 
5 
293 
8 
537 
671 
73 
3 
41 
567 
30 
77 
338 
703 
99 
78 
563 
55 
11 
153 
194 
229 
15 
114 
11 
28 
252 
371 
315 
36 
91 
928 
122 
271 
12 
1 
360 
888 
713 
126 
339 
470 
2 
339 
882 
47 
209 
312 
284 
831 
326 
348 
10 
553 
209 
367 
55 
342 
489 
24 
834 
280 
547 
379 
47 
82 
913 
5 
210 
221 
411 
4 
12 
483 
341 
352 
9 
173 
178 
803 
283 
515 
882 
402 
354 
46 
399 
538 
979 
3 
64 
539 
927 
717 
549 
80 
467 
592 
293 
236 
592 
117 
308 
30 
108 
272 
955 
44 
3 
46 
426 
314 
810 
244 
436 
3 
11 
190 
12 
366 
721 
13 
314 
757 
154 
52 
4 
831 
408 
14 
119 
709 
750 
175 
473 
586 
30 
221 
196 
