1 
572 
231 
511 
27 
71 
57 
5 
5 
312 
65 
10 
967 
30 
75 
22 
2 
3 
65 
122 
204 
11 
231 
283 
5 
19 
250 
828 
196 
30 
167 
272 
274 
58 
132 
929 
583 
236 
877 
26 
184 
770 
83 
218 
798 
147 
573 
69 
346 
324 
301 
712 
140 
363 
17 
998 
819 
112 
161 
98 
141 
2 
8 
809 
821 
917 
299 
242 
413 
151 
1 
67 
380 
184 
22 
568 
359 
65 
268 
328 
924 
511 
7 
13 
31 
552 
133 
92 
993 
80 
120 
658 
9 
6 
244 
5 
176 
3 
321 
193 
35 
604 
466 
5 
826 
142 
616 
28 
30 
979 
480 
190 
78 
87 
506 
3 
905 
54 
59 
561 
244 
361 
1 
187 
18 
47 
335 
149 
6 
790 
75 
805 
784 
6 
72 
78 
997 
749 
221 
5 
238 
480 
83 
757 
779 
159 
683 
114 
211 
845 
563 
534 
517 
28 
811 
549 
524 
795 
476 
623 
188 
697 
83 
34 
20 
128 
257 
685 
411 
167 
568 
71 
251 
938 
139 
26 
216 
609 
431 
479 
8 
452 
688 
291 
800 
61 
5 
160 
200 
19 
639 
2 
305 
790 
233 
546 
444 
584 
346 
882 
13 
32 
827 
471 
9 
486 
35 
6 
327 
185 
166 
48 
351 
107 
33 
62 
598 
40 
158 
10 
72 
16 
556 
115 
56 
850 
1 
7 
27 
199 
27 
85 
49 
653 
435 
856 
62 
399 
768 
6 
60 
349 
600 
662 
26 
51 
988 
824 
561 
429 
1 
1 
351 
98 
811 
205 
7 
6 
38 
1 
45 
936 
266 
191 
284 
552 
57 
56 
187 
81 
451 
411 
84 
321 
17 
438 
379 
437 
232 
422 
19 
4 
16 
778 
169 
818 
624 
114 
310 
4 
931 
878 
837 
241 
122 
314 
73 
605 
22 
538 
22 
216 
1 
592 
84 
290 
97 
806 
28 
439 
275 
18 
76 
226 
949 
33 
697 
931 
804 
19 
738 
85 
145 
771 
612 
21 
709 
226 
9 
285 
251 
34 
95 
406 
691 
78 
398 
173 
33 
221 
2 
3 
6 
103 
77 
388 
530 
352 
841 
528 
8 
926 
128 
343 
819 
784 
1 
4 
44 
14 
943 
7 
358 
696 
55 
206 
302 
627 
182 
4 
19 
483 
785 
13 
918 
41 
43 
326 
195 
209 
884 
21 
400 
221 
2 
1 
940 
181 
950 
135 
429 
182 
324 
2 
207 
9 
122 
49 
84 
62 
72 
526 
895 
46 
38 
406 
770 
38 
10 
702 
3 
330 
12 
371 
76 
80 
138 
912 
86 
560 
66 
713 
497 
11 
403 
783 
455 
1 
21 
171 
6 
970 
87 
824 
46 
1 
14 
22 
50 
859 
163 
145 
5 
33 
32 
484 
663 
12 
9 
411 
358 
517 
73 
468 
14 
2 
673 
252 
208 
244 
736 
113 
171 
262 
20 
448 
282 
984 
431 
47 
407 
57 
2 
3 
298 
293 
195 
12 
45 
1 
495 
662 
22 
184 
920 
322 
307 
200 
18 
320 
1000 
195 
2 
7 
238 
33 
110 
79 
105 
812 
432 
37 
90 
122 
817 
990 
169 
905 
58 
935 
507 
425 
790 
471 
185 
9 
260 
80 
952 
75 
364 
10 
341 
116 
373 
706 
602 
941 
398 
165 
38 
2 
39 
349 
572 
227 
136 
497 
18 
909 
9 
340 
3 
31 
241 
916 
56 
166 
38 
247 
1 
28 
82 
316 
343 
21 
40 
477 
128 
152 
198 
227 
652 
490 
338 
64 
612 
19 
1 
23 
167 
52 
282 
63 
187 
521 
119 
543 
882 
1 
299 
973 
249 
11 
558 
598 
548 
399 
2 
346 
110 
6 
515 
4 
897 
1 
95 
946 
612 
574 
53 
44 
821 
305 
102 
10 
274 
76 
36 
232 
28 
40 
926 
270 
52 
52 
29 
118 
322 
620 
20 
707 
386 
30 
15 
25 
217 
247 
858 
948 
116 
34 
284 
136 
829 
593 
8 
29 
719 
760 
967 
657 
605 
293 
15 
764 
44 
147 
898 
392 
838 
848 
43 
4 
377 
279 
10 
13 
101 
14 
8 
3 
137 
26 
14 
17 
1 
5 
119 
670 
224 
79 
56 
214 
1 
18 
15 
273 
57 
168 
236 
251 
278 
283 
2 
971 
214 
314 
86 
10 
875 
927 
694 
154 
350 
25 
26 
1 
285 
61 
383 
1 
932 
142 
231 
361 
794 
1 
113 
25 
69 
13 
829 
31 
174 
355 
64 
70 
283 
386 
316 
341 
5 
821 
781 
23 
154 
823 
737 
49 
30 
377 
343 
405 
34 
24 
338 
129 
183 
285 
429 
219 
7 
836 
19 
109 
704 
119 
207 
798 
2 
321 
367 
17 
395 
453 
2 
488 
198 
32 
325 
359 
299 
302 
361 
4 
560 
243 
2 
964 
81 
149 
804 
32 
414 
674 
25 
888 
29 
643 
938 
902 
88 
770 
606 
57 
66 
242 
176 
795 
681 
96 
752 
112 
215 
126 
327 
1 
146 
25 
625 
13 
20 
381 
33 
219 
82 
722 
17 
350 
218 
181 
195 
58 
2 
14 
164 
71 
54 
147 
48 
54 
17 
237 
922 
200 
278 
3 
105 
736 
51 
322 
610 
108 
52 
818 
402 
50 
63 
12 
477 
166 
700 
711 
45 
141 
88 
691 
544 
6 
159 
21 
17 
533 
272 
150 
981 
786 
439 
996 
153 
299 
592 
733 
377 
184 
653 
157 
142 
555 
1 
25 
551 
22 
2 
161 
353 
212 
299 
31 
62 
303 
276 
765 
1 
936 
25 
132 
7 
815 
524 
43 
3 
736 
652 
737 
718 
581 
49 
15 
83 
1 
19 
718 
506 
1 
12 
755 
709 
318 
2 
223 
61 
8 
4 
285 
501 
1 
502 
604 
61 
505 
48 
854 
233 
991 
4 
539 
99 
480 
194 
829 
6 
72 
3 
115 
573 
41 
65 
152 
32 
119 
975 
233 
2 
521 
6 
15 
308 
234 
32 
554 
535 
386 
146 
66 
389 
275 
190 
24 
567 
335 
981 
1 
189 
889 
764 
10 
227 
20 
602 
14 
394 
74 
240 
1 
1 
907 
110 
697 
8 
31 
965 
865 
32 
369 
207 
377 
447 
437 
196 
1 
548 
995 
18 
33 
797 
279 
948 
165 
362 
280 
518 
183 
75 
22 
948 
1 
319 
491 
2 
2 
90 
36 
1 
423 
1 
3 
544 
472 
154 
26 
9 
13 
36 
927 
164 
96 
171 
400 
371 
4 
249 
110 
896 
263 
28 
15 
828 
132 
105 
311 
13 
34 
760 
344 
408 
170 
461 
703 
528 
538 
15 
67 
2 
425 
66 
524 
678 
150 
630 
547 
881 
1 
854 
2 
18 
447 
134 
1 
384 
74 
90 
969 
164 
493 
102 
756 
30 
7 
13 
343 
12 
19 
401 
72 
996 
187 
9 
870 
512 
1 
86 
2 
141 
74 
179 
3 
330 
27 
1 
511 
7 
423 
289 
1 
28 
149 
983 
200 
482 
971 
248 
350 
57 
307 
28 
275 
346 
300 
764 
518 
243 
57 
425 
58 
44 
270 
285 
431 
161 
14 
155 
25 
410 
503 
25 
9 
189 
414 
102 
837 
5 
62 
60 
972 
9 
187 
451 
96 
108 
975 
51 
553 
4 
367 
21 
10 
185 
143 
375 
4 
908 
787 
693 
317 
10 
7 
417 
213 
519 
171 
875 
375 
210 
394 
12 
754 
365 
516 
41 
590 
270 
517 
33 
202 
139 
513 
556 
126 
24 
8 
189 
12 
811 
463 
690 
384 
53 
97 
950 
676 
603 
99 
118 
297 
845 
76 
817 
727 
183 
26 
362 
675 
29 
1 
1 
142 
65 
236 
82 
100 
1 
414 
164 
300 
13 
6 
47 
18 
529 
373 
979 
498 
828 
712 
253 
17 
826 
43 
689 
97 
48 
468 
425 
637 
213 
46 
783 
74 
190 
22 
308 
582 
3 
180 
925 
629 
738 
569 
2 
421 
686 
19 
768 
607 
19 
127 
284 
596 
52 
9 
100 
118 
811 
629 
509 
13 
396 
162 
149 
25 
632 
17 
737 
363 
68 
159 
447 
81 
167 
586 
576 
1 
535 
5 
646 
893 
22 
803 
16 
640 
118 
75 
5 
83 
494 
295 
516 
542 
1000 
988 
157 
8 
556 
26 
308 
47 
209 
31 
160 
6 
187 
361 
859 
575 
79 
739 
354 
15 
180 
142 
1 
5 
132 
4 
47 
983 
724 
169 
934 
132 
209 
81 
919 
414 
247 
409 
236 
40 
468 
4 
15 
2 
383 
241 
128 
109 
42 
26 
47 
218 
198 
208 
383 
889 
9 
111 
38 
26 
676 
97 
685 
378 
893 
63 
26 
529 
681 
94 
391 
207 
347 
16 
961 
63 
501 
5 
14 
968 
859 
661 
501 
899 
653 
432 
658 
288 
10 
106 
252 
427 
591 
423 
526 
285 
27 
26 
69 
253 
750 
2 
79 
8 
747 
1 
12 
223 
988 
1 
4 
4 
25 
1 
3 
9 
865 
594 
831 
260 
35 
391 
752 
805 
366 
62 
921 
35 
1 
7 
983 
370 
20 
100 
562 
176 
15 
23 
73 
73 
181 
58 
2 
826 
752 
326 
198 
62 
645 
218 
986 
2 
5 
57 
928 
594 
2 
605 
473 
86 
4 
201 
123 
2 
235 
44 
146 
18 
17 
247 
136 
422 
290 
676 
9 
237 
468 
723 
917 
832 
9 
478 
28 
941 
253 
161 
25 
1 
115 
805 
665 
1 
690 
12 
947 
848 
55 
678 
319 
36 
1 
173 
49 
879 
472 
215 
346 
890 
894 
1 
655 
309 
801 
481 
7 
983 
806 
430 
45 
533 
449 
76 
313 
225 
332 
164 
426 
63 
62 
9 
1 
88 
245 
129 
11 
256 
123 
976 
266 
44 
585 
176 
888 
300 
271 
681 
561 
320 
7 
23 
1 
286 
113 
503 
548 
686 
50 
963 
79 
14 
684 
292 
34 
26 
9 
45 
622 
18 
103 
282 
107 
63 
207 
379 
334 
44 
70 
65 
142 
926 
326 
997 
11 
191 
387 
14 
174 
2 
763 
428 
762 
169 
34 
118 
1 
131 
48 
60 
39 
279 
663 
131 
894 
1 
13 
457 
353 
1 
13 
811 
49 
44 
623 
180 
523 
250 
461 
150 
170 
32 
57 
924 
151 
375 
4 
606 
12 
470 
389 
130 
12 
672 
76 
165 
957 
550 
5 
317 
227 
376 
52 
148 
84 
65 
756 
88 
159 
93 
359 
26 
235 
4 
427 
77 
177 
117 
77 
316 
436 
930 
12 
681 
296 
16 
188 
757 
22 
147 
625 
53 
295 
907 
585 
64 
338 
11 
914 
92 
8 
345 
608 
765 
603 
165 
70 
699 
2 
998 
107 
195 
66 
2 
70 
43 
287 
972 
14 
176 
96 
503 
565 
204 
439 
64 
71 
7 
819 
9 
16 
176 
11 
194 
519 
129 
971 
123 
224 
659 
157 
48 
53 
557 
156 
617 
6 
42 
110 
963 
519 
656 
715 
799 
201 
994 
12 
194 
674 
7 
267 
36 
29 
962 
411 
24 
521 
37 
485 
242 
908 
184 
267 
8 
91 
30 
991 
280 
406 
822 
471 
857 
380 
11 
3 
537 
315 
108 
210 
218 
607 
713 
15 
743 
67 
538 
220 
673 
116 
275 
258 
564 
1 
882 
249 
104 
5 
1 
175 
810 
763 
401 
427 
2 
219 
93 
259 
59 
415 
220 
461 
141 
548 
661 
165 
236 
91 
203 
213 
8 
606 
669 
45 
2 
112 
1 
511 
660 
209 
764 
277 
107 
337 
331 
369 
472 
211 
622 
744 
159 
947 
342 
406 
6 
461 
471 
888 
168 
247 
3 
593 
389 
282 
398 
576 
49 
183 
936 
44 
103 
262 
20 
48 
473 
876 
32 
5 
200 
976 
204 
52 
136 
368 
21 
281 
35 
76 
867 
118 
582 
784 
200 
789 
90 
509 
191 
254 
326 
1 
831 
145 
1 
512 
558 
106 
4 
931 
136 
445 
6 
251 
731 
35 
294 
15 
151 
55 
33 
65 
118 
452 
507 
61 
152 
21 
61 
11 
2 
263 
70 
219 
331 
4 
1 
66 
487 
594 
502 
373 
91 
9 
179 
37 
318 
666 
320 
20 
161 
952 
575 
46 
51 
318 
176 
276 
60 
9 
629 
2 
2 
31 
11 
462 
392 
763 
34 
113 
35 
179 
7 
78 
24 
9 
91 
647 
129 
672 
140 
607 
850 
125 
30 
319 
38 
228 
834 
723 
13 
108 
977 
53 
704 
4 
784 
472 
150 
13 
248 
387 
944 
127 
51 
23 
193 
681 
843 
128 
672 
154 
31 
48 
31 
239 
115 
367 
331 
42 
621 
12 
597 
482 
25 
6 
835 
7 
116 
22 
13 
674 
512 
133 
932 
924 
5 
356 
649 
301 
109 
123 
160 
835 
102 
386 
4 
386 
678 
52 
210 
761 
92 
17 
5 
225 
27 
160 
243 
3 
161 
555 
943 
18 
30 
17 
2 
203 
407 
166 
822 
480 
991 
849 
1 
244 
362 
289 
93 
64 
711 
9 
45 
140 
13 
6 
29 
1 
496 
194 
738 
22 
42 
426 
119 
577 
64 
4 
41 
5 
77 
688 
38 
402 
62 
558 
9 
848 
635 
11 
28 
7 
867 
596 
5 
431 
124 
14 
20 
37 
2 
511 
3 
12 
280 
15 
833 
236 
70 
5 
648 
242 
14 
823 
13 
680 
368 
132 
297 
940 
422 
5 
564 
341 
8 
57 
525 
21 
723 
167 
829 
799 
750 
130 
137 
11 
554 
223 
773 
1 
332 
132 
66 
52 
428 
154 
52 
230 
49 
260 
631 
84 
754 
568 
107 
750 
249 
539 
971 
23 
203 
656 
893 
35 
60 
40 
143 
493 
10 
43 
140 
7 
17 
797 
4 
352 
784 
14 
741 
102 
938 
78 
273 
102 
458 
478 
795 
68 
6 
153 
241 
28 
15 
422 
784 
313 
601 
220 
71 
5 
33 
2 
16 
723 
93 
4 
795 
76 
49 
16 
8 
716 
97 
930 
400 
652 
9 
8 
18 
194 
47 
19 
169 
558 
138 
67 
9 
28 
485 
211 
830 
184 
941 
528 
307 
7 
540 
690 
672 
172 
858 
303 
93 
15 
20 
303 
7 
857 
48 
787 
396 
2 
755 
19 
699 
530 
16 
448 
2 
379 
272 
709 
111 
39 
22 
234 
604 
32 
876 
928 
139 
325 
204 
652 
370 
203 
169 
867 
904 
1 
2 
115 
3 
459 
312 
160 
473 
471 
513 
766 
3 
9 
7 
149 
279 
123 
164 
744 
5 
57 
552 
941 
299 
584 
334 
451 
532 
405 
56 
9 
660 
165 
281 
15 
471 
35 
56 
230 
180 
287 
224 
235 
935 
164 
113 
345 
46 
238 
143 
705 
774 
361 
599 
51 
681 
176 
851 
31 
9 
216 
54 
170 
2 
10 
781 
491 
275 
287 
490 
305 
466 
108 
598 
924 
227 
2 
245 
663 
135 
408 
11 
119 
834 
594 
307 
807 
283 
24 
4 
446 
201 
181 
288 
297 
176 
151 
591 
684 
219 
255 
722 
6 
8 
863 
893 
69 
65 
226 
20 
534 
95 
145 
31 
358 
284 
327 
439 
65 
68 
491 
57 
974 
530 
5 
405 
3 
84 
557 
3 
274 
583 
443 
379 
4 
739 
741 
852 
149 
12 
683 
94 
967 
950 
26 
26 
383 
194 
36 
528 
10 
124 
6 
15 
499 
31 
723 
30 
980 
14 
48 
282 
100 
5 
63 
130 
59 
9 
107 
48 
663 
77 
136 
328 
302 
71 
18 
846 
41 
3 
577 
945 
74 
810 
921 
708 
916 
339 
146 
385 
16 
373 
951 
572 
969 
3 
62 
27 
544 
91 
318 
350 
1 
27 
2 
221 
95 
845 
36 
498 
57 
661 
344 
325 
298 
283 
384 
225 
939 
119 
158 
619 
94 
681 
666 
73 
3 
212 
491 
113 
388 
15 
910 
945 
310 
191 
345 
16 
663 
587 
541 
186 
839 
56 
28 
1 
262 
10 
180 
789 
75 
596 
336 
100 
308 
897 
558 
169 
608 
4 
421 
788 
204 
367 
787 
1 
125 
867 
1 
369 
999 
136 
16 
57 
90 
130 
835 
31 
345 
656 
506 
28 
248 
528 
393 
902 
405 
201 
419 
8 
2 
38 
12 
37 
216 
50 
631 
305 
513 
183 
9 
681 
367 
774 
97 
600 
15 
1 
43 
168 
817 
1 
420 
148 
298 
290 
58 
100 
177 
22 
605 
3 
747 
289 
137 
111 
60 
748 
887 
27 
445 
740 
843 
1 
25 
137 
202 
1 
341 
653 
249 
277 
196 
757 
26 
629 
397 
99 
138 
303 
623 
32 
55 
729 
814 
219 
154 
274 
16 
57 
324 
463 
12 
11 
734 
593 
11 
76 
380 
627 
124 
7 
68 
74 
443 
255 
117 
960 
845 
23 
447 
857 
1 
100 
378 
454 
210 
9 
465 
16 
901 
736 
323 
12 
171 
22 
635 
464 
5 
18 
89 
152 
235 
435 
152 
128 
424 
30 
6 
8 
179 
919 
412 
198 
903 
280 
321 
39 
374 
199 
7 
12 
591 
621 
630 
706 
38 
534 
35 
28 
266 
384 
15 
20 
513 
29 
302 
65 
546 
551 
107 
170 
486 
11 
2 
336 
86 
61 
1 
17 
742 
281 
648 
800 
979 
441 
633 
22 
27 
16 
22 
109 
747 
988 
5 
149 
612 
723 
5 
314 
158 
20 
13 
116 
7 
35 
8 
119 
1 
753 
1 
19 
11 
25 
910 
377 
401 
448 
928 
947 
35 
299 
868 
397 
38 
329 
42 
782 
511 
28 
389 
325 
777 
210 
425 
31 
61 
2 
348 
442 
477 
49 
113 
1 
661 
25 
369 
416 
23 
793 
886 
383 
63 
62 
268 
457 
14 
108 
654 
688 
114 
356 
562 
609 
305 
576 
544 
537 
261 
94 
23 
353 
9 
38 
308 
119 
665 
1 
581 
128 
911 
797 
733 
8 
900 
677 
22 
153 
312 
110 
633 
193 
709 
72 
487 
816 
45 
93 
786 
246 
31 
3 
44 
21 
25 
16 
935 
244 
10 
408 
359 
415 
122 
27 
407 
129 
8 
381 
2 
924 
89 
10 
11 
86 
689 
685 
1 
27 
131 
264 
192 
20 
426 
10 
268 
809 
222 
2 
261 
996 
34 
75 
896 
686 
2 
14 
455 
14 
18 
335 
7 
223 
916 
125 
636 
227 
17 
318 
3 
285 
6 
538 
709 
582 
84 
245 
673 
233 
699 
119 
134 
299 
579 
324 
426 
683 
650 
113 
800 
7 
287 
725 
876 
251 
784 
1 
32 
23 
627 
423 
339 
20 
23 
725 
613 
111 
992 
837 
840 
289 
389 
20 
903 
867 
1 
375 
191 
389 
19 
382 
20 
831 
802 
262 
701 
1 
178 
318 
42 
27 
109 
836 
56 
28 
4 
161 
211 
123 
132 
3 
299 
241 
748 
92 
62 
816 
43 
27 
425 
259 
193 
885 
35 
70 
4 
151 
91 
4 
128 
91 
377 
705 
66 
153 
10 
20 
211 
830 
355 
754 
49 
1 
108 
727 
23 
33 
93 
819 
183 
56 
79 
360 
95 
125 
8 
200 
8 
589 
406 
22 
38 
177 
39 
973 
551 
730 
571 
106 
158 
1 
137 
574 
561 
250 
671 
18 
956 
76 
194 
494 
76 
965 
368 
614 
266 
2 
799 
218 
780 
271 
263 
2 
31 
456 
664 
344 
5 
2 
11 
70 
735 
153 
425 
940 
39 
540 
81 
23 
42 
1 
807 
27 
838 
378 
357 
6 
182 
35 
460 
259 
633 
163 
726 
245 
43 
7 
2 
937 
970 
5 
345 
112 
82 
63 
748 
234 
82 
26 
117 
278 
588 
927 
299 
22 
159 
230 
40 
6 
376 
375 
247 
73 
242 
77 
998 
27 
16 
444 
250 
16 
580 
493 
463 
538 
201 
2 
3 
5 
364 
8 
408 
307 
11 
328 
265 
395 
295 
921 
146 
184 
517 
391 
37 
43 
284 
3 
129 
177 
314 
29 
185 
38 
34 
2 
767 
275 
154 
477 
261 
82 
20 
385 
837 
24 
157 
468 
1 
29 
1 
273 
4 
286 
571 
17 
553 
76 
739 
4 
139 
714 
7 
179 
4 
126 
505 
289 
5 
402 
119 
73 
37 
184 
19 
563 
29 
690 
114 
11 
44 
6 
427 
534 
487 
16 
9 
30 
6 
2 
336 
11 
3 
526 
874 
169 
658 
240 
293 
803 
45 
695 
219 
887 
134 
545 
39 
604 
385 
142 
642 
71 
436 
365 
39 
114 
40 
169 
843 
738 
3 
15 
126 
221 
364 
133 
147 
337 
518 
156 
11 
251 
183 
4 
33 
405 
85 
9 
175 
471 
27 
195 
32 
930 
226 
10 
403 
766 
885 
508 
7 
141 
250 
766 
499 
1 
12 
65 
1 
122 
86 
372 
847 
269 
20 
259 
566 
298 
791 
693 
674 
131 
5 
189 
914 
57 
156 
620 
377 
19 
305 
95 
386 
250 
29 
71 
577 
762 
71 
544 
214 
696 
149 
62 
169 
707 
360 
367 
114 
631 
78 
72 
106 
263 
610 
78 
88 
200 
993 
329 
170 
348 
255 
417 
452 
362 
924 
57 
505 
772 
4 
102 
477 
161 
39 
310 
733 
177 
719 
664 
179 
195 
713 
272 
33 
4 
185 
487 
619 
401 
578 
468 
788 
77 
276 
169 
321 
174 
258 
476 
252 
121 
756 
507 
974 
473 
545 
65 
801 
9 
136 
196 
3 
285 
34 
885 
10 
46 
975 
124 
414 
653 
73 
908 
347 
576 
555 
671 
44 
823 
12 
380 
474 
36 
8 
480 
174 
125 
392 
131 
339 
220 
771 
721 
176 
755 
23 
24 
212 
169 
26 
555 
941 
962 
310 
118 
1 
405 
1 
17 
477 
554 
693 
108 
679 
174 
46 
1 
1 
16 
421 
3 
864 
523 
246 
430 
715 
293 
22 
60 
532 
57 
344 
601 
256 
475 
6 
451 
9 
51 
2 
489 
140 
629 
213 
955 
147 
902 
222 
82 
781 
3 
338 
44 
158 
739 
666 
320 
65 
435 
96 
23 
629 
5 
11 
2 
185 
1 
555 
31 
488 
69 
807 
201 
996 
382 
7 
311 
79 
88 
203 
121 
436 
125 
955 
147 
179 
722 
708 
973 
446 
291 
275 
150 
293 
71 
1 
227 
186 
30 
20 
7 
212 
411 
912 
5 
18 
133 
605 
343 
348 
575 
379 
252 
527 
1 
853 
193 
969 
602 
390 
732 
913 
457 
47 
66 
605 
235 
55 
108 
887 
75 
811 
27 
581 
17 
1 
26 
73 
91 
683 
207 
209 
57 
262 
411 
134 
553 
354 
513 
55 
74 
72 
294 
343 
31 
102 
29 
2 
294 
7 
553 
685 
90 
49 
352 
367 
408 
171 
123 
278 
530 
297 
93 
525 
31 
1 
2 
511 
71 
546 
314 
48 
65 
602 
932 
452 
311 
80 
63 
31 
2 
157 
387 
395 
331 
281 
3 
559 
10 
256 
25 
320 
934 
994 
319 
43 
598 
1 
75 
117 
65 
2 
858 
811 
662 
373 
810 
119 
19 
386 
157 
345 
890 
951 
2 
275 
3 
232 
36 
23 
1 
87 
25 
20 
878 
394 
626 
272 
21 
243 
207 
79 
591 
579 
716 
251 
968 
940 
2 
104 
128 
4 
382 
510 
152 
624 
827 
19 
393 
22 
31 
324 
140 
899 
120 
255 
1 
142 
51 
10 
417 
380 
4 
202 
400 
269 
14 
51 
1 
40 
36 
109 
39 
10 
64 
116 
142 
2 
4 
378 
195 
83 
56 
478 
923 
42 
259 
825 
586 
322 
10 
148 
53 
314 
346 
223 
430 
195 
843 
411 
791 
196 
438 
3 
90 
2 
311 
147 
658 
2 
984 
1000 
427 
216 
216 
687 
227 
1 
354 
570 
9 
624 
195 
31 
18 
777 
140 
435 
371 
869 
8 
585 
13 
510 
829 
760 
899 
553 
32 
778 
154 
439 
750 
584 
164 
166 
236 
557 
905 
3 
133 
18 
696 
700 
7 
40 
17 
103 
158 
900 
274 
500 
40 
375 
104 
37 
700 
144 
577 
605 
4 
942 
347 
63 
283 
136 
83 
12 
86 
159 
46 
6 
210 
970 
232 
496 
414 
3 
53 
524 
204 
135 
268 
476 
56 
312 
441 
536 
385 
953 
326 
3 
447 
677 
12 
170 
680 
34 
153 
4 
1 
199 
399 
7 
160 
62 
18 
571 
675 
541 
104 
8 
6 
6 
309 
18 
108 
2 
214 
341 
69 
835 
9 
784 
15 
218 
3 
950 
1 
519 
743 
27 
620 
16 
88 
31 
830 
10 
269 
8 
292 
12 
43 
105 
90 
815 
867 
274 
191 
11 
127 
60 
222 
380 
585 
16 
713 
371 
2 
155 
839 
145 
37 
348 
184 
602 
692 
106 
118 
119 
472 
19 
601 
753 
7 
284 
938 
717 
331 
990 
437 
17 
3 
4 
201 
762 
182 
395 
498 
285 
676 
105 
7 
24 
413 
220 
385 
293 
50 
71 
728 
75 
58 
110 
803 
725 
34 
3 
311 
146 
15 
543 
2 
959 
111 
3 
863 
114 
46 
957 
885 
13 
334 
87 
276 
106 
102 
7 
329 
7 
29 
117 
1 
5 
111 
166 
552 
95 
50 
65 
352 
114 
344 
247 
356 
314 
326 
76 
149 
23 
576 
88 
520 
4 
176 
33 
829 
378 
309 
631 
467 
11 
1 
42 
16 
24 
306 
738 
20 
10 
57 
729 
34 
569 
2 
303 
353 
160 
184 
39 
41 
794 
16 
1 
321 
514 
380 
19 
58 
47 
51 
922 
488 
269 
152 
136 
5 
4 
136 
366 
58 
509 
313 
617 
143 
327 
15 
9 
585 
672 
865 
38 
352 
220 
38 
144 
78 
889 
192 
1 
968 
9 
65 
811 
2 
33 
214 
160 
123 
263 
331 
345 
10 
460 
534 
499 
974 
661 
318 
148 
500 
1 
134 
26 
519 
367 
98 
344 
3 
15 
5 
1 
64 
273 
983 
336 
352 
919 
9 
7 
916 
681 
555 
845 
397 
884 
888 
573 
530 
893 
8 
976 
763 
69 
11 
918 
10 
19 
96 
751 
421 
439 
36 
276 
180 
942 
701 
830 
104 
280 
630 
160 
200 
289 
45 
160 
4 
334 
481 
165 
149 
251 
111 
714 
462 
174 
206 
241 
525 
808 
38 
134 
281 
197 
838 
25 
880 
788 
41 
387 
183 
538 
5 
36 
170 
144 
714 
62 
60 
5 
29 
653 
289 
85 
732 
83 
773 
12 
71 
80 
830 
146 
793 
250 
57 
2 
885 
838 
17 
23 
424 
34 
285 
456 
45 
6 
180 
357 
914 
2 
411 
56 
347 
3 
32 
814 
28 
344 
97 
665 
317 
27 
223 
667 
467 
492 
603 
222 
765 
720 
55 
836 
156 
515 
937 
52 
80 
60 
79 
875 
167 
420 
944 
496 
73 
651 
92 
609 
44 
813 
610 
224 
767 
165 
812 
487 
408 
60 
126 
140 
44 
464 
100 
140 
839 
612 
289 
335 
5 
96 
642 
924 
343 
458 
94 
285 
30 
736 
680 
675 
367 
8 
512 
160 
258 
401 
220 
59 
286 
25 
453 
66 
507 
937 
113 
1 
1 
241 
75 
83 
132 
833 
586 
670 
1 
771 
248 
498 
44 
83 
81 
19 
143 
837 
930 
126 
421 
77 
298 
548 
149 
2 
154 
413 
971 
331 
595 
497 
584 
102 
31 
264 
522 
848 
190 
673 
180 
880 
34 
51 
874 
123 
5 
978 
318 
85 
731 
183 
224 
48 
400 
807 
885 
69 
39 
936 
2 
87 
26 
252 
378 
1 
177 
495 
34 
397 
25 
766 
200 
421 
277 
389 
226 
5 
574 
742 
143 
102 
718 
298 
15 
616 
18 
138 
108 
1 
251 
434 
175 
958 
397 
250 
5 
3 
96 
83 
47 
806 
78 
31 
320 
982 
130 
789 
448 
233 
38 
674 
17 
18 
203 
644 
89 
22 
40 
346 
140 
623 
31 
390 
85 
782 
86 
378 
500 
273 
307 
36 
57 
81 
195 
318 
56 
44 
686 
38 
11 
6 
274 
694 
796 
142 
800 
7 
79 
633 
493 
443 
669 
658 
314 
24 
538 
953 
1 
865 
57 
713 
12 
890 
145 
4 
71 
49 
48 
92 
78 
388 
35 
988 
48 
150 
822 
948 
70 
766 
72 
28 
97 
63 
471 
29 
409 
504 
120 
429 
710 
868 
453 
231 
3 
138 
24 
9 
206 
88 
574 
286 
852 
755 
349 
124 
245 
405 
688 
578 
19 
492 
50 
45 
1 
20 
176 
1 
876 
2 
219 
684 
756 
987 
6 
720 
35 
4 
204 
352 
6 
1 
140 
120 
15 
1 
86 
439 
132 
12 
698 
11 
85 
43 
589 
238 
204 
491 
189 
72 
236 
54 
499 
5 
690 
364 
223 
198 
453 
623 
143 
4 
5 
897 
112 
1 
429 
106 
272 
243 
59 
6 
45 
2 
7 
682 
27 
30 
422 
2 
133 
243 
32 
560 
11 
282 
96 
228 
408 
531 
39 
114 
677 
939 
40 
48 
843 
102 
392 
857 
815 
13 
322 
123 
99 
809 
749 
632 
373 
829 
734 
709 
850 
418 
597 
961 
596 
82 
88 
30 
1 
53 
132 
16 
26 
182 
406 
1 
303 
258 
15 
280 
312 
101 
10 
212 
2 
916 
5 
592 
920 
70 
719 
215 
7 
97 
86 
228 
746 
16 
704 
852 
114 
572 
1 
1 
151 
1 
37 
506 
592 
42 
18 
2 
625 
17 
70 
48 
252 
410 
52 
2 
7 
159 
461 
292 
168 
224 
907 
32 
786 
213 
86 
118 
1 
1 
11 
28 
7 
12 
275 
89 
3 
116 
451 
235 
811 
2 
58 
317 
59 
17 
99 
400 
17 
170 
529 
32 
174 
711 
894 
195 
53 
1 
44 
18 
5 
326 
21 
18 
344 
1 
872 
26 
10 
27 
211 
335 
16 
4 
119 
937 
16 
639 
695 
158 
7 
988 
7 
925 
897 
185 
172 
18 
227 
302 
926 
753 
386 
28 
167 
3 
783 
893 
45 
447 
348 
878 
232 
102 
86 
665 
755 
383 
457 
109 
875 
780 
141 
937 
100 
104 
306 
159 
36 
86 
103 
202 
36 
143 
373 
59 
670 
684 
16 
116 
133 
435 
71 
48 
61 
921 
26 
36 
186 
28 
993 
819 
460 
826 
93 
434 
29 
283 
61 
827 
373 
2 
282 
705 
700 
36 
359 
225 
185 
5 
4 
684 
31 
1 
52 
227 
723 
555 
303 
409 
212 
871 
54 
79 
388 
887 
486 
93 
429 
262 
44 
687 
73 
456 
84 
332 
442 
923 
144 
27 
159 
243 
137 
715 
159 
378 
46 
162 
4 
52 
48 
389 
303 
302 
245 
622 
252 
135 
61 
98 
98 
620 
37 
848 
30 
317 
678 
817 
492 
509 
626 
13 
672 
874 
97 
273 
16 
50 
68 
1 
666 
83 
362 
201 
111 
558 
161 
335 
545 
929 
127 
33 
219 
352 
11 
122 
1 
30 
566 
522 
24 
174 
235 
447 
87 
518 
752 
64 
885 
93 
888 
839 
520 
329 
857 
38 
509 
512 
55 
41 
606 
17 
170 
129 
44 
285 
187 
335 
440 
66 
596 
276 
767 
364 
260 
65 
79 
242 
82 
828 
344 
74 
64 
541 
54 
403 
14 
608 
59 
20 
102 
60 
681 
282 
562 
714 
1 
707 
407 
752 
76 
308 
152 
4 
27 
742 
902 
509 
48 
750 
18 
2 
326 
26 
866 
741 
238 
5 
526 
5 
446 
28 
981 
55 
729 
329 
1 
265 
316 
110 
114 
962 
600 
365 
975 
934 
52 
2 
123 
395 
47 
187 
12 
492 
107 
82 
18 
3 
508 
2 
16 
48 
387 
182 
793 
951 
929 
1 
102 
529 
565 
456 
863 
62 
123 
10 
11 
597 
91 
251 
926 
133 
40 
747 
481 
933 
3 
209 
172 
4 
24 
83 
65 
39 
12 
896 
247 
9 
217 
886 
140 
72 
730 
109 
813 
213 
65 
653 
866 
628 
2 
23 
871 
723 
4 
328 
80 
178 
300 
86 
950 
305 
469 
399 
498 
189 
281 
977 
404 
15 
291 
33 
606 
692 
412 
14 
518 
78 
436 
50 
43 
48 
320 
610 
298 
198 
202 
609 
398 
212 
511 
190 
45 
2 
171 
98 
826 
391 
4 
98 
257 
127 
345 
426 
70 
50 
574 
15 
50 
2 
754 
16 
276 
116 
10 
1 
889 
30 
228 
119 
18 
383 
194 
941 
660 
63 
131 
79 
622 
108 
73 
1 
113 
183 
169 
8 
910 
503 
90 
7 
171 
286 
369 
36 
774 
160 
255 
191 
409 
55 
1 
223 
1 
103 
801 
131 
221 
558 
307 
389 
124 
841 
9 
567 
332 
937 
41 
29 
422 
5 
202 
16 
70 
13 
391 
17 
198 
745 
21 
383 
6 
52 
207 
777 
322 
589 
335 
658 
173 
136 
8 
137 
262 
200 
328 
617 
60 
6 
731 
231 
90 
19 
19 
239 
346 
173 
896 
44 
27 
56 
419 
44 
5 
4 
160 
452 
38 
11 
907 
356 
1 
176 
8 
747 
55 
10 
30 
343 
205 
149 
829 
27 
587 
712 
302 
54 
751 
445 
15 
414 
197 
182 
155 
119 
143 
508 
104 
8 
428 
259 
331 
1 
303 
44 
537 
265 
650 
247 
198 
245 
167 
59 
2 
156 
180 
1 
796 
189 
20 
646 
661 
82 
15 
13 
90 
2 
152 
612 
853 
145 
87 
3 
38 
75 
180 
597 
209 
18 
19 
401 
503 
104 
42 
91 
45 
13 
142 
970 
1 
27 
636 
12 
964 
12 
502 
631 
79 
571 
261 
2 
4 
414 
262 
278 
522 
2 
911 
325 
244 
50 
225 
142 
350 
46 
86 
296 
115 
5 
233 
717 
556 
438 
644 
251 
200 
29 
29 
985 
37 
977 
825 
145 
803 
285 
4 
716 
1 
9 
109 
898 
753 
81 
172 
981 
1 
243 
317 
241 
845 
780 
9 
337 
161 
838 
522 
856 
320 
883 
228 
303 
347 
6 
603 
1 
464 
11 
124 
32 
264 
373 
86 
588 
263 
13 
305 
74 
384 
712 
22 
281 
988 
158 
255 
17 
55 
586 
134 
52 
46 
26 
855 
124 
148 
671 
27 
405 
8 
93 
446 
31 
113 
318 
878 
450 
797 
426 
103 
96 
133 
269 
25 
257 
11 
298 
10 
778 
684 
45 
41 
492 
43 
275 
18 
208 
793 
30 
598 
517 
395 
293 
143 
828 
511 
594 
121 
35 
96 
936 
443 
2 
670 
100 
130 
152 
169 
28 
877 
439 
1 
2 
172 
335 
62 
86 
838 
7 
9 
15 
270 
18 
626 
51 
726 
837 
538 
137 
903 
108 
841 
123 
13 
457 
220 
85 
2 
924 
744 
299 
262 
527 
175 
686 
780 
77 
1 
687 
79 
57 
26 
160 
254 
13 
793 
316 
199 
216 
40 
93 
18 
241 
115 
16 
146 
16 
407 
1 
137 
5 
133 
887 
87 
4 
58 
2 
15 
91 
20 
138 
4 
375 
170 
2 
152 
15 
288 
211 
73 
553 
100 
81 
579 
585 
652 
5 
54 
994 
924 
19 
503 
757 
819 
60 
428 
571 
227 
531 
125 
440 
113 
845 
47 
195 
219 
70 
577 
529 
40 
40 
62 
681 
662 
179 
503 
466 
17 
17 
6 
146 
548 
64 
903 
445 
170 
4 
86 
145 
485 
3 
12 
20 
973 
2 
18 
6 
801 
560 
869 
473 
971 
395 
337 
189 
3 
108 
6 
34 
399 
792 
1 
93 
975 
897 
130 
196 
457 
475 
21 
710 
12 
988 
666 
86 
80 
153 
345 
728 
505 
338 
15 
333 
103 
877 
619 
43 
794 
343 
6 
196 
698 
142 
38 
295 
11 
674 
201 
108 
13 
785 
744 
198 
2 
644 
3 
279 
33 
70 
3 
379 
512 
81 
266 
891 
923 
357 
448 
854 
111 
728 
472 
1 
120 
428 
460 
87 
469 
3 
3 
18 
760 
7 
244 
187 
557 
1 
217 
732 
393 
28 
6 
496 
932 
46 
1000 
23 
974 
932 
6 
929 
414 
468 
754 
13 
4 
217 
756 
3 
638 
827 
68 
226 
477 
450 
187 
211 
25 
138 
2 
341 
73 
254 
161 
57 
90 
248 
116 
829 
476 
91 
117 
286 
755 
265 
843 
11 
966 
503 
22 
79 
310 
387 
31 
156 
5 
456 
119 
3 
844 
11 
684 
41 
125 
567 
104 
249 
808 
37 
182 
89 
296 
460 
1 
300 
252 
582 
2 
9 
197 
49 
325 
439 
777 
32 
302 
860 
104 
94 
500 
1 
357 
461 
129 
383 
51 
580 
5 
369 
511 
20 
9 
87 
631 
538 
216 
12 
599 
88 
4 
302 
949 
819 
7 
217 
1 
922 
2 
3 
23 
78 
277 
22 
58 
19 
16 
82 
215 
290 
28 
866 
371 
380 
4 
46 
262 
111 
358 
11 
132 
191 
454 
141 
7 
72 
53 
584 
200 
86 
9 
186 
57 
67 
82 
111 
34 
101 
142 
207 
13 
391 
237 
721 
327 
1 
18 
18 
2 
2 
557 
23 
27 
9 
3 
4 
93 
196 
423 
363 
86 
333 
516 
757 
83 
3 
5 
318 
17 
344 
424 
7 
69 
360 
216 
24 
205 
571 
79 
276 
679 
398 
5 
207 
434 
4 
6 
14 
69 
294 
485 
154 
44 
402 
924 
90 
171 
561 
706 
43 
466 
439 
956 
484 
927 
617 
3 
656 
8 
809 
34 
584 
935 
500 
46 
938 
198 
90 
8 
89 
466 
183 
44 
691 
174 
599 
35 
834 
8 
3 
774 
9 
1 
45 
967 
99 
217 
199 
720 
998 
306 
706 
155 
888 
55 
491 
15 
237 
11 
6 
233 
66 
541 
862 
1 
900 
458 
501 
309 
432 
634 
461 
225 
250 
150 
53 
847 
421 
118 
34 
73 
37 
6 
139 
160 
381 
364 
269 
76 
23 
504 
126 
141 
58 
399 
666 
570 
713 
964 
409 
45 
254 
151 
106 
1 
140 
3 
156 
263 
104 
347 
31 
19 
1 
487 
55 
7 
3 
373 
106 
286 
239 
402 
383 
4 
255 
43 
156 
576 
1 
17 
210 
1 
275 
500 
32 
344 
343 
561 
39 
863 
445 
560 
349 
186 
463 
10 
328 
829 
103 
186 
137 
123 
327 
280 
1 
37 
1 
8 
48 
136 
1 
796 
669 
501 
111 
235 
47 
18 
196 
423 
4 
326 
564 
39 
673 
337 
291 
3 
605 
431 
9 
36 
333 
133 
202 
254 
485 
503 
10 
940 
460 
586 
609 
1 
88 
101 
292 
1 
674 
341 
183 
113 
58 
880 
608 
787 
219 
904 
45 
393 
5 
563 
810 
890 
8 
31 
450 
946 
361 
281 
771 
313 
93 
453 
142 
306 
15 
468 
163 
509 
280 
674 
3 
298 
14 
4 
30 
722 
379 
191 
1 
758 
642 
108 
188 
422 
712 
88 
298 
108 
210 
8 
4 
513 
467 
106 
82 
176 
216 
10 
441 
77 
4 
743 
561 
49 
70 
575 
2 
1 
287 
211 
15 
723 
734 
58 
969 
147 
980 
169 
565 
13 
161 
426 
79 
952 
603 
705 
109 
123 
58 
46 
87 
271 
253 
395 
254 
403 
310 
86 
143 
671 
640 
935 
490 
152 
355 
282 
12 
55 
21 
157 
631 
632 
396 
61 
6 
578 
75 
863 
724 
388 
480 
17 
16 
20 
913 
50 
9 
23 
418 
44 
31 
558 
614 
6 
65 
249 
764 
36 
629 
685 
16 
722 
105 
780 
50 
284 
1 
23 
330 
3 
490 
505 
5 
181 
114 
165 
19 
144 
689 
679 
762 
23 
266 
740 
312 
615 
38 
551 
871 
772 
727 
50 
76 
436 
7 
283 
689 
567 
63 
631 
399 
16 
394 
896 
872 
724 
236 
651 
910 
63 
1 
220 
614 
792 
271 
164 
46 
77 
322 
13 
32 
731 
939 
307 
165 
26 
28 
29 
184 
713 
863 
199 
872 
772 
270 
63 
655 
158 
290 
736 
4 
163 
891 
856 
1 
637 
38 
792 
6 
546 
51 
625 
468 
205 
103 
155 
960 
101 
139 
566 
436 
447 
104 
834 
43 
342 
33 
49 
62 
628 
682 
617 
223 
99 
142 
399 
495 
51 
33 
15 
677 
471 
893 
700 
301 
726 
62 
824 
251 
804 
407 
25 
213 
10 
785 
260 
416 
121 
331 
20 
6 
65 
295 
619 
17 
459 
140 
19 
48 
13 
206 
29 
40 
678 
363 
857 
624 
36 
405 
1 
316 
176 
465 
31 
324 
272 
573 
736 
1 
47 
1 
541 
14 
303 
88 
50 
740 
59 
82 
57 
47 
7 
3 
697 
17 
120 
3 
589 
331 
841 
207 
825 
61 
799 
423 
897 
396 
285 
819 
677 
9 
980 
34 
65 
1 
29 
7 
519 
214 
69 
186 
411 
709 
4 
11 
429 
843 
128 
147 
4 
397 
670 
861 
10 
882 
894 
111 
774 
55 
137 
808 
99 
9 
21 
542 
629 
249 
21 
884 
50 
326 
19 
471 
396 
784 
78 
44 
9 
26 
297 
556 
849 
444 
319 
3 
529 
223 
66 
46 
610 
206 
3 
481 
703 
273 
919 
760 
157 
104 
1 
117 
6 
147 
24 
12 
31 
44 
235 
44 
24 
113 
308 
769 
796 
1 
701 
175 
29 
2 
2 
446 
62 
89 
7 
202 
168 
364 
619 
854 
186 
73 
2 
701 
102 
155 
223 
161 
852 
28 
598 
260 
72 
104 
61 
6 
896 
915 
998 
533 
327 
17 
891 
278 
50 
69 
952 
684 
72 
90 
50 
41 
193 
160 
460 
12 
2 
234 
408 
359 
143 
264 
282 
377 
25 
39 
427 
128 
11 
357 
505 
252 
336 
10 
831 
7 
548 
327 
544 
480 
125 
39 
105 
99 
352 
646 
23 
660 
66 
11 
216 
72 
68 
30 
225 
603 
7 
123 
235 
521 
251 
485 
331 
164 
71 
390 
797 
970 
944 
184 
37 
341 
39 
727 
11 
632 
205 
95 
2 
436 
307 
693 
43 
251 
91 
444 
606 
941 
320 
71 
531 
57 
17 
2 
472 
56 
16 
44 
53 
160 
67 
604 
19 
8 
113 
326 
954 
101 
525 
882 
921 
874 
265 
468 
6 
32 
104 
924 
104 
418 
832 
219 
86 
16 
49 
93 
630 
56 
478 
2 
3 
99 
580 
62 
95 
193 
262 
14 
892 
621 
226 
250 
267 
307 
443 
133 
996 
739 
192 
147 
337 
97 
291 
153 
18 
19 
1 
150 
2 
218 
599 
423 
202 
4 
679 
36 
107 
340 
75 
637 
69 
295 
620 
30 
11 
455 
706 
824 
442 
29 
684 
20 
18 
210 
37 
275 
897 
640 
6 
445 
85 
768 
73 
807 
734 
462 
955 
268 
996 
64 
26 
841 
32 
4 
195 
987 
387 
7 
793 
49 
43 
60 
92 
321 
40 
813 
29 
83 
947 
27 
2 
472 
328 
692 
915 
455 
117 
586 
685 
747 
733 
22 
24 
93 
580 
150 
283 
128 
646 
310 
475 
286 
261 
46 
4 
271 
18 
814 
1 
549 
81 
327 
119 
247 
47 
686 
8 
2 
759 
53 
668 
560 
883 
342 
385 
258 
911 
760 
267 
750 
341 
350 
471 
3 
235 
863 
823 
241 
33 
267 
560 
53 
353 
999 
168 
336 
13 
743 
184 
57 
561 
121 
99 
934 
241 
23 
22 
17 
77 
643 
817 
105 
698 
115 
170 
9 
210 
313 
82 
860 
23 
3 
962 
28 
250 
278 
789 
10 
135 
24 
53 
1 
117 
261 
533 
90 
20 
43 
2 
323 
213 
12 
52 
742 
571 
903 
917 
52 
376 
365 
42 
847 
172 
84 
941 
334 
140 
127 
46 
447 
315 
143 
726 
4 
102 
286 
936 
517 
71 
238 
734 
19 
583 
44 
37 
1 
130 
578 
163 
716 
324 
31 
304 
79 
109 
230 
102 
80 
242 
20 
947 
31 
148 
761 
41 
61 
99 
550 
220 
2 
201 
89 
15 
3 
15 
977 
684 
666 
771 
339 
58 
353 
20 
700 
469 
317 
655 
873 
771 
82 
43 
416 
60 
27 
226 
755 
32 
270 
193 
60 
263 
375 
492 
557 
17 
274 
11 
808 
273 
88 
216 
451 
100 
298 
302 
214 
18 
709 
69 
5 
777 
513 
696 
122 
139 
1 
34 
67 
137 
520 
277 
52 
963 
3 
32 
22 
632 
896 
193 
12 
885 
181 
441 
69 
92 
337 
273 
18 
431 
6 
462 
39 
163 
43 
60 
172 
31 
161 
708 
108 
26 
47 
2 
999 
69 
6 
683 
462 
88 
493 
706 
348 
288 
293 
861 
668 
762 
917 
393 
2 
43 
27 
7 
889 
560 
299 
6 
1 
38 
71 
397 
3 
261 
534 
395 
489 
574 
851 
13 
77 
202 
17 
51 
458 
17 
132 
16 
497 
358 
274 
122 
48 
217 
49 
802 
768 
781 
881 
16 
533 
368 
27 
13 
253 
573 
832 
254 
346 
751 
40 
141 
245 
99 
152 
655 
919 
807 
106 
191 
9 
17 
3 
290 
876 
855 
316 
4 
1 
429 
538 
654 
1 
13 
140 
96 
392 
101 
13 
437 
545 
18 
4 
64 
42 
75 
165 
328 
971 
37 
10 
493 
32 
496 
35 
155 
183 
79 
9 
1 
45 
28 
151 
1 
950 
4 
519 
407 
47 
839 
207 
17 
153 
42 
137 
18 
543 
120 
205 
373 
51 
162 
100 
732 
1 
136 
199 
650 
55 
104 
155 
47 
37 
891 
861 
272 
48 
212 
490 
20 
224 
296 
10 
5 
378 
21 
964 
477 
5 
42 
380 
83 
745 
77 
616 
167 
761 
21 
794 
131 
14 
48 
33 
505 
385 
137 
20 
921 
248 
814 
109 
350 
56 
279 
86 
7 
12 
192 
81 
255 
10 
33 
11 
572 
95 
373 
5 
263 
65 
58 
848 
699 
158 
688 
351 
277 
624 
9 
1 
10 
2 
735 
33 
441 
444 
31 
247 
103 
2 
12 
741 
791 
344 
3 
4 
2 
521 
207 
483 
640 
93 
185 
739 
895 
815 
148 
667 
506 
12 
309 
36 
184 
225 
242 
89 
3 
264 
655 
276 
4 
43 
618 
46 
3 
218 
88 
310 
166 
585 
446 
409 
245 
531 
92 
685 
212 
613 
962 
266 
452 
19 
372 
5 
830 
197 
401 
963 
810 
511 
31 
6 
20 
62 
894 
4 
143 
152 
1 
19 
433 
40 
338 
60 
54 
257 
98 
131 
202 
35 
457 
1 
579 
47 
956 
602 
106 
256 
772 
660 
687 
440 
861 
73 
1 
432 
292 
173 
160 
11 
655 
4 
531 
411 
18 
221 
89 
445 
2 
314 
208 
263 
2 
5 
1 
381 
722 
1 
211 
307 
48 
701 
696 
549 
175 
328 
446 
250 
377 
88 
1 
994 
278 
234 
991 
47 
788 
82 
132 
5 
683 
373 
22 
7 
910 
11 
3 
15 
237 
695 
468 
5 
864 
5 
747 
268 
199 
138 
111 
444 
652 
307 
6 
111 
575 
11 
7 
2 
11 
922 
805 
726 
495 
677 
9 
706 
5 
11 
723 
830 
36 
4 
222 
586 
689 
977 
242 
320 
199 
566 
638 
725 
312 
994 
836 
314 
3 
40 
12 
5 
877 
248 
8 
27 
13 
387 
40 
180 
862 
51 
148 
42 
903 
237 
198 
715 
39 
749 
241 
71 
1 
6 
900 
317 
29 
56 
636 
133 
86 
821 
635 
59 
640 
85 
1 
311 
336 
754 
229 
19 
317 
26 
794 
987 
956 
40 
57 
219 
95 
169 
953 
546 
695 
695 
260 
159 
651 
49 
557 
1 
477 
2 
615 
159 
6 
87 
858 
103 
104 
56 
697 
51 
886 
6 
275 
121 
322 
454 
1 
1 
179 
558 
375 
12 
329 
805 
163 
264 
80 
40 
610 
23 
456 
45 
72 
35 
56 
187 
793 
406 
657 
646 
745 
222 
304 
5 
40 
664 
163 
304 
15 
844 
256 
1 
314 
85 
203 
183 
1 
97 
760 
584 
401 
240 
280 
911 
864 
48 
235 
557 
296 
55 
244 
280 
721 
199 
349 
726 
428 
530 
50 
74 
155 
522 
13 
129 
6 
900 
426 
297 
988 
125 
7 
166 
2 
2 
234 
2 
471 
461 
1 
516 
422 
6 
48 
922 
233 
120 
603 
24 
6 
719 
760 
40 
768 
839 
1 
84 
564 
23 
998 
87 
300 
746 
216 
306 
312 
240 
67 
253 
757 
266 
583 
442 
92 
135 
6 
285 
32 
206 
861 
582 
969 
2 
355 
551 
120 
44 
205 
451 
776 
12 
638 
33 
758 
890 
47 
673 
56 
640 
12 
237 
342 
149 
115 
20 
9 
67 
776 
364 
152 
36 
473 
519 
11 
258 
112 
297 
358 
70 
1 
282 
5 
101 
2 
14 
33 
424 
50 
270 
91 
10 
78 
36 
126 
343 
495 
95 
909 
6 
681 
286 
13 
70 
977 
16 
16 
120 
68 
553 
929 
51 
379 
23 
2 
4 
31 
206 
216 
30 
529 
33 
104 
397 
31 
999 
202 
21 
623 
274 
448 
22 
26 
3 
437 
198 
465 
32 
24 
5 
7 
96 
109 
3 
482 
8 
7 
4 
980 
113 
121 
845 
389 
1 
1 
409 
89 
16 
223 
396 
5 
798 
736 
6 
4 
26 
498 
595 
87 
867 
7 
306 
757 
822 
242 
546 
680 
627 
598 
148 
3 
612 
116 
758 
35 
4 
884 
3 
170 
8 
457 
798 
409 
994 
83 
645 
100 
323 
77 
489 
971 
360 
838 
491 
3 
694 
23 
391 
161 
29 
56 
127 
71 
135 
422 
798 
472 
1 
489 
33 
292 
89 
169 
583 
32 
444 
19 
4 
26 
6 
46 
284 
962 
408 
632 
239 
509 
17 
271 
53 
59 
8 
17 
948 
8 
229 
775 
88 
3 
132 
43 
93 
204 
71 
1 
706 
142 
315 
205 
150 
548 
516 
2 
1 
126 
214 
117 
989 
606 
45 
176 
292 
46 
28 
390 
26 
622 
477 
4 
11 
1 
100 
2 
992 
332 
155 
385 
406 
311 
4 
466 
889 
4 
717 
133 
63 
755 
749 
85 
13 
35 
329 
4 
679 
406 
357 
636 
297 
74 
329 
223 
625 
7 
52 
423 
556 
331 
562 
160 
73 
142 
7 
217 
957 
385 
47 
724 
24 
731 
17 
916 
377 
459 
72 
25 
39 
234 
346 
244 
842 
779 
39 
83 
355 
78 
3 
421 
2 
4 
73 
61 
523 
1 
992 
126 
43 
1 
8 
5 
372 
666 
339 
891 
422 
294 
93 
415 
217 
585 
295 
308 
29 
283 
418 
314 
792 
588 
95 
556 
385 
11 
160 
32 
506 
776 
2 
793 
850 
213 
39 
816 
2 
102 
1 
1 
256 
162 
90 
38 
863 
924 
905 
452 
378 
246 
441 
217 
234 
316 
13 
596 
478 
18 
5 
27 
58 
1 
811 
902 
756 
7 
2 
47 
30 
414 
193 
320 
71 
48 
34 
987 
971 
538 
119 
54 
66 
2 
30 
171 
48 
868 
34 
73 
739 
24 
131 
5 
239 
374 
273 
982 
639 
305 
82 
190 
8 
277 
95 
477 
70 
839 
399 
50 
107 
388 
787 
499 
56 
1 
49 
234 
21 
170 
65 
291 
440 
551 
734 
782 
99 
111 
261 
374 
167 
5 
441 
115 
977 
330 
603 
390 
859 
3 
185 
929 
909 
59 
14 
10 
94 
1 
557 
102 
33 
51 
921 
288 
435 
2 
176 
436 
4 
48 
409 
772 
527 
2 
428 
966 
25 
901 
978 
6 
48 
79 
324 
4 
52 
11 
109 
458 
975 
10 
23 
412 
430 
60 
901 
14 
128 
3 
87 
570 
207 
180 
110 
290 
918 
6 
333 
72 
5 
24 
672 
105 
759 
387 
924 
712 
5 
156 
81 
411 
75 
474 
71 
457 
16 
245 
148 
72 
54 
114 
88 
8 
404 
476 
241 
781 
27 
446 
201 
192 
626 
750 
495 
454 
947 
71 
112 
193 
190 
280 
17 
1 
443 
227 
11 
5 
33 
63 
356 
96 
40 
44 
412 
3 
167 
198 
14 
2 
818 
63 
66 
464 
34 
644 
621 
29 
14 
439 
769 
60 
381 
309 
29 
329 
7 
60 
422 
865 
162 
191 
667 
401 
3 
7 
5 
13 
28 
74 
4 
780 
767 
275 
130 
39 
717 
877 
987 
195 
6 
12 
185 
7 
77 
4 
401 
924 
53 
490 
656 
68 
178 
277 
11 
201 
35 
93 
516 
961 
136 
830 
929 
81 
115 
726 
182 
10 
60 
422 
3 
877 
484 
330 
199 
199 
366 
866 
369 
376 
917 
7 
2 
225 
667 
14 
4 
140 
205 
57 
671 
81 
667 
126 
5 
19 
997 
4 
181 
198 
689 
244 
137 
239 
887 
93 
129 
395 
342 
35 
571 
716 
273 
20 
307 
6 
38 
544 
47 
152 
797 
5 
789 
2 
798 
89 
13 
26 
267 
19 
1 
22 
213 
3 
36 
360 
55 
480 
167 
59 
24 
391 
419 
520 
426 
5 
697 
119 
63 
368 
510 
23 
338 
29 
675 
463 
794 
572 
695 
529 
8 
96 
164 
399 
615 
316 
77 
35 
211 
3 
305 
17 
35 
137 
38 
271 
130 
412 
236 
43 
42 
58 
34 
206 
342 
260 
1 
4 
5 
102 
12 
483 
46 
86 
374 
62 
141 
2 
439 
679 
6 
654 
9 
87 
241 
185 
68 
19 
73 
128 
131 
72 
388 
278 
80 
323 
441 
383 
744 
178 
46 
86 
5 
23 
641 
24 
21 
23 
539 
56 
119 
505 
1 
440 
16 
180 
114 
19 
729 
4 
55 
3 
1 
209 
282 
880 
429 
194 
461 
83 
642 
705 
9 
101 
72 
239 
3 
3 
66 
427 
518 
7 
1 
77 
240 
13 
224 
774 
170 
61 
52 
929 
7 
596 
153 
84 
741 
608 
68 
769 
251 
30 
649 
251 
36 
235 
126 
401 
2 
542 
867 
6 
451 
572 
33 
467 
820 
116 
950 
18 
415 
482 
696 
201 
512 
40 
465 
172 
805 
77 
124 
67 
591 
395 
175 
86 
504 
4 
211 
6 
644 
615 
68 
338 
1 
501 
1 
988 
188 
3 
724 
262 
13 
1 
9 
753 
599 
68 
803 
219 
71 
610 
914 
98 
289 
2 
75 
4 
2 
699 
858 
509 
798 
824 
62 
300 
22 
44 
9 
6 
477 
739 
2 
574 
585 
365 
326 
134 
977 
8 
5 
66 
104 
59 
426 
446 
566 
414 
304 
286 
448 
394 
230 
62 
10 
17 
181 
452 
810 
19 
25 
25 
806 
70 
549 
60 
104 
643 
722 
489 
296 
220 
275 
972 
97 
94 
967 
217 
62 
3 
475 
122 
867 
66 
22 
11 
813 
788 
321 
835 
587 
862 
991 
43 
35 
131 
114 
66 
1 
440 
3 
24 
11 
6 
460 
669 
208 
282 
80 
5 
2 
29 
78 
215 
101 
48 
342 
576 
318 
42 
798 
165 
75 
5 
15 
12 
782 
33 
277 
843 
530 
18 
173 
3 
39 
863 
391 
923 
156 
697 
498 
68 
814 
489 
155 
11 
7 
8 
538 
84 
67 
525 
454 
3 
218 
431 
877 
133 
113 
265 
913 
2 
885 
58 
178 
954 
1 
545 
113 
730 
29 
906 
596 
131 
50 
22 
901 
573 
7 
780 
18 
397 
794 
352 
124 
797 
730 
283 
701 
576 
398 
72 
42 
214 
828 
13 
618 
432 
6 
744 
9 
533 
126 
77 
147 
32 
37 
26 
169 
490 
55 
21 
123 
2 
316 
303 
89 
286 
4 
3 
34 
638 
801 
153 
22 
101 
250 
95 
1 
488 
6 
49 
4 
872 
191 
200 
30 
338 
59 
55 
57 
620 
950 
233 
152 
298 
9 
3 
76 
17 
966 
213 
535 
362 
24 
65 
41 
228 
95 
18 
101 
37 
264 
231 
618 
204 
41 
189 
166 
66 
62 
715 
310 
236 
13 
8 
50 
842 
326 
349 
143 
609 
550 
910 
32 
273 
224 
5 
948 
158 
380 
127 
338 
963 
691 
19 
1 
105 
323 
191 
864 
19 
822 
441 
182 
41 
263 
415 
609 
805 
708 
281 
264 
15 
32 
12 
28 
154 
943 
44 
2 
2 
79 
1 
65 
311 
222 
24 
686 
880 
454 
318 
82 
8 
505 
170 
913 
746 
450 
204 
4 
663 
338 
433 
1 
5 
965 
407 
10 
107 
77 
5 
11 
859 
228 
59 
310 
3 
81 
925 
333 
781 
791 
264 
268 
91 
478 
22 
553 
240 
371 
93 
335 
962 
540 
814 
686 
500 
101 
105 
84 
7 
470 
49 
42 
66 
854 
519 
2 
2 
10 
19 
374 
229 
726 
6 
143 
2 
403 
256 
702 
19 
467 
1 
7 
65 
513 
15 
124 
37 
13 
540 
258 
589 
120 
808 
597 
1 
79 
72 
581 
35 
6 
643 
671 
290 
43 
783 
148 
986 
6 
169 
330 
1 
435 
120 
338 
320 
587 
320 
272 
763 
325 
21 
41 
7 
17 
869 
9 
1000 
778 
211 
6 
88 
238 
772 
738 
177 
60 
570 
74 
512 
3 
726 
390 
222 
859 
218 
306 
731 
114 
4 
209 
859 
19 
318 
611 
685 
67 
566 
280 
613 
37 
726 
138 
1 
519 
32 
953 
5 
183 
612 
348 
437 
237 
6 
471 
843 
4 
103 
226 
187 
314 
1 
118 
34 
42 
26 
299 
28 
29 
34 
579 
3 
763 
838 
3 
73 
1 
1 
214 
893 
147 
222 
579 
406 
392 
119 
5 
569 
173 
259 
6 
172 
23 
171 
423 
848 
3 
611 
5 
4 
698 
33 
693 
52 
162 
621 
399 
18 
206 
522 
203 
668 
9 
74 
809 
134 
857 
87 
624 
268 
409 
72 
917 
378 
188 
134 
57 
105 
143 
979 
92 
33 
10 
308 
652 
46 
36 
223 
172 
245 
357 
60 
319 
232 
413 
570 
117 
868 
130 
344 
11 
422 
78 
726 
43 
30 
710 
635 
54 
55 
794 
618 
195 
20 
802 
65 
313 
64 
617 
307 
4 
281 
535 
100 
639 
584 
125 
383 
205 
531 
151 
499 
8 
749 
6 
22 
80 
658 
12 
136 
711 
82 
502 
22 
34 
259 
27 
535 
18 
126 
199 
1 
52 
623 
11 
61 
1000 
17 
5 
136 
14 
123 
253 
27 
444 
838 
287 
882 
19 
349 
708 
42 
224 
536 
961 
77 
175 
197 
35 
589 
12 
237 
882 
46 
33 
1000 
761 
657 
2 
848 
27 
201 
258 
237 
288 
13 
102 
16 
17 
804 
570 
19 
438 
34 
646 
333 
128 
984 
36 
154 
383 
106 
50 
632 
560 
25 
335 
13 
336 
610 
920 
132 
12 
277 
467 
472 
2 
59 
2 
719 
145 
119 
403 
54 
301 
48 
81 
699 
93 
663 
215 
348 
60 
727 
19 
620 
250 
22 
758 
144 
144 
927 
39 
764 
92 
226 
281 
535 
24 
99 
75 
13 
594 
27 
681 
421 
88 
408 
243 
373 
2 
2 
347 
61 
16 
122 
787 
1 
596 
553 
44 
76 
131 
5 
507 
608 
4 
148 
625 
29 
352 
426 
35 
3 
679 
654 
854 
806 
90 
71 
1 
26 
48 
717 
444 
368 
881 
296 
399 
169 
673 
711 
891 
627 
306 
8 
726 
687 
463 
326 
49 
835 
346 
685 
133 
16 
397 
133 
805 
2 
11 
28 
59 
18 
986 
129 
61 
985 
58 
215 
49 
9 
164 
16 
389 
113 
93 
236 
542 
925 
767 
47 
276 
26 
845 
31 
156 
293 
82 
478 
417 
156 
85 
4 
447 
22 
399 
99 
89 
30 
842 
886 
275 
266 
459 
18 
243 
392 
390 
175 
9 
983 
766 
934 
810 
278 
116 
9 
214 
34 
457 
410 
1 
295 
19 
14 
447 
1 
1 
8 
233 
894 
511 
51 
99 
218 
665 
440 
518 
44 
548 
703 
153 
930 
238 
991 
317 
102 
717 
2 
259 
3 
290 
357 
356 
13 
100 
128 
125 
150 
435 
854 
192 
576 
231 
597 
240 
781 
887 
70 
227 
666 
237 
502 
711 
357 
260 
16 
124 
10 
647 
683 
511 
10 
121 
921 
229 
149 
481 
555 
917 
724 
51 
854 
8 
344 
376 
22 
705 
32 
401 
772 
557 
849 
264 
806 
714 
456 
452 
61 
73 
160 
10 
179 
950 
119 
17 
12 
1 
160 
221 
990 
47 
217 
472 
25 
39 
9 
51 
26 
247 
12 
488 
171 
702 
13 
213 
319 
763 
3 
10 
61 
80 
258 
155 
800 
280 
479 
5 
1 
282 
57 
30 
3 
468 
38 
40 
367 
232 
111 
57 
795 
991 
106 
738 
127 
604 
53 
82 
902 
53 
593 
2 
829 
655 
3 
726 
127 
917 
3 
603 
250 
67 
428 
400 
43 
64 
101 
352 
402 
41 
508 
461 
2 
9 
154 
679 
10 
206 
29 
15 
328 
606 
54 
774 
553 
202 
77 
11 
1 
54 
48 
506 
576 
7 
23 
300 
192 
33 
865 
331 
744 
36 
514 
590 
24 
660 
246 
35 
189 
70 
132 
67 
985 
660 
733 
120 
37 
266 
288 
579 
6 
8 
278 
441 
653 
184 
3 
918 
133 
491 
70 
13 
472 
820 
611 
5 
165 
362 
370 
27 
694 
11 
51 
802 
118 
794 
538 
34 
640 
984 
899 
31 
536 
115 
515 
150 
229 
156 
941 
63 
559 
231 
309 
3 
25 
1 
224 
553 
21 
6 
16 
848 
4 
312 
16 
170 
189 
75 
597 
640 
200 
24 
251 
740 
716 
100 
119 
8 
24 
630 
147 
51 
409 
564 
35 
614 
51 
249 
52 
4 
7 
19 
836 
836 
54 
725 
13 
96 
849 
100 
195 
789 
438 
122 
9 
737 
371 
685 
192 
33 
730 
625 
787 
393 
38 
716 
454 
256 
2 
23 
32 
29 
164 
339 
755 
34 
200 
2 
383 
127 
20 
612 
187 
11 
4 
498 
252 
965 
670 
900 
147 
76 
218 
22 
113 
704 
764 
27 
39 
701 
725 
92 
3 
325 
925 
799 
839 
34 
291 
245 
173 
666 
196 
316 
576 
1 
162 
32 
739 
897 
133 
672 
348 
349 
458 
122 
10 
264 
623 
147 
60 
164 
452 
4 
82 
228 
185 
373 
39 
739 
175 
552 
437 
146 
34 
427 
24 
71 
6 
304 
18 
812 
62 
48 
64 
159 
211 
522 
461 
288 
199 
949 
570 
217 
701 
307 
240 
897 
592 
315 
204 
309 
9 
12 
312 
126 
59 
318 
328 
751 
77 
661 
482 
373 
333 
7 
176 
63 
63 
749 
230 
10 
698 
418 
339 
915 
7 
629 
56 
837 
2 
76 
242 
161 
13 
90 
18 
159 
69 
636 
416 
433 
61 
408 
760 
53 
35 
3 
223 
885 
66 
653 
503 
5 
112 
41 
744 
726 
895 
31 
6 
818 
1 
215 
347 
536 
814 
116 
3 
110 
22 
129 
935 
339 
350 
652 
938 
48 
179 
107 
561 
663 
65 
9 
439 
10 
319 
210 
165 
2 
160 
159 
3 
761 
517 
816 
297 
30 
146 
187 
1 
210 
285 
16 
812 
