1 
783 
34 
17 
397 
164 
47 
433 
438 
173 
331 
269 
551 
23 
65 
364 
350 
2 
330 
116 
787 
532 
6 
148 
789 
337 
278 
205 
761 
752 
64 
49 
592 
48 
9 
37 
92 
36 
825 
186 
397 
680 
2 
30 
189 
145 
88 
14 
754 
2 
61 
52 
304 
792 
150 
10 
80 
33 
61 
89 
48 
164 
244 
21 
748 
109 
647 
268 
267 
151 
142 
337 
831 
75 
365 
25 
215 
55 
48 
73 
509 
679 
5 
555 
3 
80 
9 
3 
989 
18 
265 
8 
109 
221 
7 
786 
696 
710 
697 
751 
449 
31 
1 
24 
3 
1 
247 
21 
416 
131 
335 
22 
690 
21 
65 
718 
6 
131 
1 
764 
270 
786 
1 
732 
13 
910 
194 
324 
28 
19 
17 
193 
2 
463 
354 
373 
137 
1 
5 
779 
7 
336 
715 
1 
692 
643 
979 
870 
455 
87 
24 
394 
690 
76 
21 
79 
701 
187 
55 
252 
406 
49 
390 
89 
15 
41 
958 
983 
265 
667 
777 
15 
280 
7 
137 
186 
466 
848 
125 
13 
102 
10 
302 
155 
190 
144 
442 
60 
432 
1 
37 
172 
15 
387 
35 
21 
298 
92 
3 
469 
563 
770 
756 
326 
883 
1 
450 
229 
389 
728 
1 
7 
3 
5 
3 
1 
234 
848 
14 
7 
15 
318 
23 
108 
983 
89 
316 
472 
75 
85 
2 
20 
533 
926 
9 
795 
145 
6 
17 
231 
11 
3 
30 
282 
185 
124 
982 
3 
84 
42 
1 
1 
84 
4 
21 
791 
477 
454 
97 
629 
893 
520 
301 
200 
54 
80 
136 
135 
196 
385 
305 
265 
396 
695 
609 
966 
97 
129 
878 
928 
58 
3 
52 
691 
365 
411 
873 
494 
16 
22 
516 
5 
770 
519 
268 
370 
167 
100 
667 
192 
671 
29 
334 
95 
74 
13 
217 
21 
729 
561 
50 
329 
679 
5 
40 
783 
1 
7 
75 
1 
343 
727 
11 
17 
852 
353 
11 
5 
258 
1 
541 
220 
432 
6 
48 
375 
873 
178 
216 
477 
356 
404 
226 
4 
2 
243 
19 
209 
25 
19 
250 
261 
543 
22 
745 
2 
340 
80 
503 
298 
527 
5 
780 
139 
563 
90 
654 
501 
393 
751 
636 
14 
382 
9 
6 
855 
872 
2 
3 
27 
834 
662 
877 
31 
15 
1 
117 
188 
8 
45 
125 
20 
2 
2 
4 
261 
116 
534 
395 
147 
353 
71 
243 
900 
465 
892 
370 
232 
524 
11 
2 
393 
282 
93 
175 
71 
134 
6 
2 
3 
56 
53 
15 
274 
6 
2 
1 
589 
661 
2 
461 
43 
78 
752 
512 
1 
981 
16 
277 
91 
1 
11 
439 
436 
24 
635 
544 
43 
110 
37 
25 
689 
662 
322 
137 
655 
557 
543 
448 
915 
341 
33 
371 
45 
649 
10 
609 
297 
549 
115 
510 
575 
2 
21 
14 
1 
205 
541 
258 
626 
652 
544 
16 
191 
111 
70 
169 
432 
152 
69 
138 
23 
358 
467 
37 
26 
244 
181 
828 
196 
43 
229 
202 
269 
199 
10 
16 
6 
49 
266 
673 
279 
72 
54 
76 
6 
9 
2 
121 
65 
4 
267 
79 
109 
4 
598 
30 
39 
6 
16 
97 
15 
237 
206 
437 
490 
133 
656 
331 
6 
255 
408 
711 
208 
906 
35 
985 
1 
4 
40 
632 
728 
388 
177 
22 
166 
475 
13 
541 
329 
209 
862 
40 
1 
405 
150 
244 
342 
327 
2 
362 
945 
609 
325 
195 
18 
262 
196 
98 
1 
647 
289 
932 
40 
421 
828 
199 
253 
15 
23 
102 
94 
2 
196 
483 
598 
3 
39 
244 
88 
43 
35 
3 
63 
94 
268 
141 
174 
94 
254 
727 
846 
112 
582 
945 
284 
79 
260 
2 
34 
1 
599 
5 
22 
307 
19 
30 
8 
447 
40 
255 
440 
1 
567 
759 
461 
869 
3 
12 
1 
951 
122 
31 
157 
588 
364 
501 
1 
5 
247 
429 
4 
34 
79 
464 
319 
263 
9 
807 
995 
248 
385 
10 
706 
10 
52 
348 
88 
113 
956 
103 
181 
299 
4 
11 
13 
593 
50 
988 
172 
6 
123 
144 
1 
172 
555 
95 
17 
2 
268 
96 
7 
583 
1 
763 
382 
708 
311 
328 
600 
31 
319 
115 
1 
6 
4 
2 
151 
6 
19 
59 
291 
23 
24 
376 
430 
326 
646 
12 
31 
177 
79 
220 
80 
180 
683 
625 
81 
58 
923 
413 
823 
22 
888 
790 
373 
196 
283 
719 
12 
125 
99 
465 
427 
341 
241 
1 
37 
447 
189 
1 
181 
800 
1 
866 
308 
177 
642 
769 
774 
2 
437 
60 
351 
4 
83 
3 
39 
63 
42 
72 
1 
75 
86 
521 
558 
2 
100 
200 
267 
7 
5 
79 
2 
31 
304 
13 
911 
698 
188 
9 
88 
354 
33 
96 
40 
72 
14 
1 
18 
254 
293 
1 
833 
3 
5 
389 
329 
324 
207 
833 
2 
23 
10 
61 
46 
15 
1 
9 
146 
916 
9 
150 
261 
6 
775 
318 
387 
828 
340 
8 
70 
102 
31 
8 
79 
503 
277 
323 
543 
623 
169 
1 
52 
886 
306 
409 
579 
77 
461 
59 
168 
1 
189 
1 
150 
131 
71 
9 
137 
13 
162 
4 
1 
464 
191 
532 
634 
310 
417 
586 
70 
747 
65 
65 
1 
3 
4 
1 
205 
320 
15 
1 
1 
341 
908 
700 
555 
845 
408 
183 
250 
2 
58 
120 
158 
149 
221 
275 
141 
392 
51 
630 
1 
1 
309 
944 
16 
1 
18 
1 
102 
316 
245 
82 
616 
1 
588 
664 
100 
51 
16 
271 
4 
35 
301 
3 
192 
797 
1 
754 
23 
231 
1 
718 
254 
26 
243 
55 
152 
86 
895 
558 
880 
678 
2 
29 
140 
170 
6 
211 
23 
74 
240 
599 
56 
5 
11 
22 
2 
774 
401 
295 
585 
3 
239 
672 
7 
105 
60 
471 
300 
863 
1 
7 
639 
604 
249 
5 
139 
102 
420 
285 
28 
3 
4 
90 
824 
301 
558 
761 
629 
410 
47 
329 
433 
393 
145 
274 
357 
218 
12 
690 
396 
16 
64 
8 
623 
18 
60 
664 
355 
415 
4 
313 
536 
1 
402 
77 
12 
1 
20 
111 
958 
224 
262 
1 
87 
17 
876 
4 
21 
277 
32 
851 
9 
21 
590 
82 
958 
29 
1 
557 
88 
64 
749 
262 
368 
315 
50 
707 
398 
1 
155 
2 
122 
56 
383 
131 
1 
885 
740 
468 
148 
219 
167 
332 
575 
44 
328 
841 
363 
414 
552 
354 
649 
4 
168 
81 
835 
9 
412 
42 
159 
109 
1 
304 
2 
110 
4 
2 
13 
194 
352 
584 
16 
2 
73 
2 
726 
598 
174 
842 
929 
624 
13 
405 
148 
974 
25 
631 
9 
930 
83 
135 
1 
21 
142 
417 
649 
65 
179 
523 
136 
934 
304 
109 
138 
54 
43 
1 
134 
57 
70 
516 
169 
702 
6 
21 
522 
28 
210 
88 
321 
142 
44 
6 
77 
137 
437 
5 
559 
8 
750 
79 
223 
167 
114 
193 
1 
95 
755 
106 
384 
138 
2 
115 
101 
916 
95 
69 
17 
4 
95 
453 
33 
948 
15 
27 
688 
245 
814 
583 
690 
87 
25 
136 
17 
418 
277 
69 
495 
197 
941 
2 
600 
303 
238 
43 
88 
534 
966 
237 
220 
508 
14 
214 
66 
743 
333 
720 
19 
441 
560 
3 
349 
599 
308 
1 
6 
187 
222 
1 
7 
659 
163 
9 
223 
268 
1 
186 
28 
45 
62 
205 
147 
545 
12 
754 
107 
136 
787 
272 
608 
8 
897 
4 
515 
70 
16 
199 
169 
361 
4 
712 
72 
510 
504 
343 
213 
682 
8 
134 
635 
368 
31 
57 
539 
150 
29 
285 
254 
222 
36 
734 
883 
17 
565 
867 
651 
12 
18 
6 
54 
342 
791 
1 
641 
135 
2 
1 
93 
218 
1 
74 
90 
38 
102 
363 
20 
1 
903 
507 
365 
794 
73 
15 
58 
2 
403 
1000 
982 
14 
104 
204 
73 
16 
518 
450 
83 
1 
224 
21 
26 
800 
217 
693 
1 
429 
307 
389 
1 
51 
432 
128 
762 
7 
45 
1 
16 
266 
556 
4 
704 
110 
38 
120 
37 
508 
31 
53 
79 
11 
15 
31 
905 
939 
5 
248 
188 
266 
235 
3 
799 
474 
31 
511 
853 
4 
387 
561 
88 
46 
466 
846 
612 
710 
710 
46 
85 
5 
90 
3 
1 
943 
608 
662 
792 
48 
286 
222 
542 
16 
5 
926 
952 
539 
13 
901 
99 
124 
281 
28 
930 
19 
1 
2 
72 
343 
42 
352 
366 
2 
488 
15 
12 
550 
102 
10 
1 
21 
24 
70 
322 
384 
253 
28 
29 
24 
293 
4 
5 
1 
193 
222 
12 
258 
91 
14 
5 
9 
453 
161 
801 
425 
380 
10 
17 
16 
16 
73 
581 
16 
82 
354 
185 
3 
603 
38 
30 
46 
16 
219 
302 
513 
463 
1 
5 
12 
21 
743 
434 
7 
678 
888 
884 
600 
330 
323 
275 
569 
121 
626 
9 
36 
36 
53 
152 
35 
3 
35 
13 
401 
7 
124 
648 
18 
11 
874 
727 
947 
49 
10 
124 
7 
26 
295 
131 
18 
28 
53 
177 
534 
97 
1 
462 
3 
239 
32 
1 
535 
362 
20 
337 
101 
9 
728 
547 
36 
393 
136 
173 
368 
485 
2 
354 
937 
607 
12 
890 
343 
740 
39 
42 
924 
43 
271 
965 
575 
256 
4 
18 
840 
60 
1 
132 
24 
378 
30 
2 
157 
151 
34 
1 
79 
573 
534 
547 
69 
46 
571 
57 
4 
20 
261 
260 
496 
56 
228 
12 
31 
611 
221 
98 
76 
883 
60 
13 
140 
893 
707 
137 
540 
22 
242 
573 
68 
15 
363 
941 
64 
66 
787 
509 
12 
43 
118 
595 
239 
602 
282 
287 
242 
54 
292 
11 
24 
311 
9 
405 
275 
505 
496 
19 
182 
41 
11 
613 
367 
771 
136 
260 
617 
819 
78 
5 
555 
325 
103 
43 
9 
556 
66 
662 
8 
200 
3 
17 
105 
463 
547 
147 
721 
330 
63 
408 
642 
765 
215 
716 
6 
3 
940 
370 
19 
886 
685 
685 
557 
7 
124 
296 
641 
52 
735 
168 
364 
146 
34 
289 
341 
106 
806 
149 
2 
119 
877 
23 
104 
3 
241 
674 
5 
1 
648 
1 
176 
138 
5 
206 
153 
17 
348 
253 
620 
9 
987 
379 
25 
169 
429 
439 
967 
616 
1 
236 
79 
113 
1 
698 
8 
82 
377 
943 
957 
525 
5 
279 
635 
39 
553 
758 
1 
490 
463 
105 
851 
547 
2 
8 
610 
719 
3 
47 
287 
205 
291 
467 
10 
92 
78 
8 
901 
68 
181 
4 
158 
268 
6 
397 
47 
250 
418 
3 
47 
12 
112 
749 
325 
446 
98 
528 
717 
75 
67 
476 
4 
833 
240 
53 
588 
346 
633 
2 
5 
44 
35 
1 
556 
24 
1 
235 
277 
822 
436 
316 
18 
195 
671 
880 
124 
1 
237 
84 
129 
140 
117 
474 
1 
10 
3 
41 
63 
112 
23 
438 
28 
495 
31 
43 
112 
175 
33 
609 
369 
541 
92 
1 
598 
474 
77 
74 
93 
12 
808 
107 
162 
14 
531 
744 
112 
27 
598 
149 
840 
171 
926 
703 
95 
243 
1 
252 
218 
274 
394 
520 
35 
229 
296 
1 
39 
328 
463 
3 
212 
25 
965 
787 
125 
569 
451 
166 
322 
91 
367 
455 
36 
448 
382 
776 
386 
3 
17 
746 
8 
19 
315 
761 
11 
1 
67 
759 
30 
422 
37 
296 
10 
456 
541 
1 
799 
14 
591 
151 
9 
88 
152 
6 
138 
364 
1 
13 
61 
145 
8 
672 
46 
162 
836 
720 
410 
621 
56 
59 
96 
16 
458 
3 
6 
708 
459 
376 
126 
2 
14 
349 
40 
89 
262 
542 
68 
182 
51 
50 
35 
35 
661 
63 
206 
932 
144 
859 
363 
789 
33 
4 
708 
30 
688 
377 
109 
3 
526 
283 
959 
304 
240 
440 
532 
3 
18 
29 
33 
84 
619 
129 
5 
9 
9 
11 
419 
2 
1 
54 
9 
8 
242 
528 
933 
124 
17 
3 
132 
3 
123 
9 
1 
208 
117 
23 
37 
109 
800 
74 
250 
6 
125 
465 
57 
696 
91 
3 
241 
881 
673 
563 
290 
17 
9 
7 
36 
3 
3 
272 
164 
844 
912 
1 
767 
4 
478 
204 
5 
45 
547 
4 
1 
3 
322 
85 
5 
20 
60 
38 
185 
649 
23 
7 
625 
23 
617 
15 
439 
261 
16 
415 
1 
47 
217 
609 
914 
4 
1 
84 
328 
146 
257 
112 
10 
561 
221 
197 
151 
654 
754 
342 
16 
489 
541 
7 
89 
614 
203 
853 
212 
2 
576 
825 
256 
319 
82 
35 
88 
6 
533 
736 
848 
94 
232 
26 
8 
271 
10 
344 
4 
64 
17 
386 
42 
12 
139 
424 
891 
60 
769 
916 
116 
978 
415 
9 
566 
804 
9 
345 
525 
121 
3 
209 
22 
6 
578 
71 
16 
13 
1 
23 
190 
353 
8 
10 
530 
752 
32 
17 
1 
396 
959 
13 
126 
42 
334 
8 
251 
272 
9 
258 
395 
166 
213 
99 
655 
8 
400 
44 
2 
438 
40 
5 
4 
1 
31 
141 
163 
38 
34 
305 
479 
54 
189 
82 
766 
18 
9 
642 
227 
268 
178 
140 
94 
141 
1 
187 
342 
29 
13 
519 
405 
11 
928 
70 
174 
470 
5 
15 
87 
3 
2 
52 
13 
208 
199 
391 
173 
530 
52 
32 
148 
26 
114 
876 
924 
112 
34 
624 
204 
38 
157 
365 
3 
985 
337 
109 
2 
1 
93 
23 
20 
270 
186 
168 
242 
193 
303 
9 
2 
27 
354 
84 
582 
61 
1 
240 
27 
523 
702 
34 
2 
660 
337 
140 
73 
51 
990 
15 
5 
140 
1 
485 
5 
64 
35 
238 
3 
464 
37 
990 
19 
218 
274 
454 
783 
16 
28 
248 
159 
177 
34 
20 
11 
676 
645 
12 
326 
371 
65 
18 
510 
240 
53 
12 
524 
15 
647 
88 
301 
414 
525 
348 
804 
399 
137 
188 
111 
299 
109 
939 
358 
322 
11 
612 
799 
980 
252 
2 
152 
5 
6 
906 
1 
106 
751 
263 
513 
310 
315 
685 
788 
829 
41 
132 
2 
217 
425 
109 
97 
9 
173 
15 
896 
69 
347 
314 
13 
644 
1 
604 
475 
829 
260 
862 
375 
528 
42 
969 
113 
40 
263 
3 
96 
16 
76 
325 
18 
78 
135 
87 
713 
153 
643 
380 
618 
229 
981 
5 
8 
329 
452 
245 
452 
241 
639 
331 
33 
59 
719 
774 
1 
762 
25 
614 
72 
562 
329 
58 
646 
48 
9 
187 
87 
888 
715 
191 
757 
186 
593 
4 
976 
467 
203 
1 
643 
441 
53 
544 
10 
211 
286 
8 
72 
715 
473 
204 
27 
709 
38 
272 
807 
1 
1 
208 
55 
81 
294 
572 
39 
53 
222 
4 
12 
285 
1 
34 
99 
7 
124 
67 
975 
187 
165 
15 
152 
25 
483 
20 
442 
7 
1 
733 
6 
144 
255 
197 
145 
101 
50 
4 
121 
783 
127 
70 
319 
193 
77 
3 
178 
83 
1 
2 
170 
841 
432 
214 
457 
62 
302 
41 
202 
71 
60 
611 
100 
245 
269 
894 
59 
6 
85 
975 
42 
1 
2 
28 
60 
106 
32 
593 
107 
921 
65 
3 
81 
11 
8 
28 
402 
730 
3 
133 
196 
610 
9 
37 
2 
386 
65 
29 
77 
449 
1 
32 
3 
65 
5 
203 
40 
2 
439 
223 
703 
156 
40 
94 
1 
806 
998 
46 
11 
47 
81 
42 
3 
422 
202 
8 
1 
194 
276 
387 
5 
246 
6 
3 
273 
249 
164 
232 
545 
463 
826 
41 
258 
357 
371 
2 
509 
132 
448 
373 
89 
98 
306 
12 
251 
16 
199 
339 
531 
12 
14 
155 
137 
92 
2 
171 
475 
20 
350 
624 
46 
856 
50 
61 
839 
723 
570 
344 
86 
1 
71 
134 
782 
1 
409 
532 
932 
11 
83 
16 
20 
256 
34 
221 
572 
656 
34 
85 
296 
154 
739 
5 
334 
1 
595 
135 
703 
317 
9 
121 
57 
819 
540 
175 
831 
880 
920 
477 
1 
1 
133 
550 
506 
942 
3 
66 
574 
4 
593 
92 
825 
49 
4 
113 
320 
146 
104 
1 
701 
281 
2 
1 
7 
318 
3 
1 
201 
55 
507 
288 
330 
42 
538 
201 
231 
5 
706 
35 
904 
3 
489 
147 
181 
5 
459 
85 
240 
947 
816 
869 
110 
1 
823 
74 
4 
2 
574 
31 
11 
346 
370 
198 
164 
618 
407 
3 
5 
2 
14 
41 
15 
76 
731 
596 
51 
12 
59 
53 
527 
74 
562 
132 
890 
16 
190 
1 
169 
5 
163 
46 
88 
323 
852 
330 
90 
370 
59 
60 
297 
256 
236 
92 
33 
112 
146 
658 
152 
341 
120 
182 
34 
823 
35 
10 
896 
120 
4 
162 
456 
6 
30 
714 
865 
2 
369 
2 
32 
184 
375 
93 
279 
23 
318 
16 
757 
975 
1 
530 
250 
1 
940 
19 
452 
39 
67 
2 
5 
31 
609 
319 
10 
11 
577 
5 
8 
988 
34 
432 
84 
480 
16 
790 
78 
723 
131 
24 
17 
24 
505 
30 
16 
262 
284 
11 
4 
123 
6 
74 
339 
487 
104 
969 
358 
55 
2 
243 
36 
416 
318 
166 
1 
199 
111 
208 
19 
273 
207 
2 
6 
1 
71 
595 
116 
525 
269 
262 
436 
911 
908 
74 
511 
42 
862 
30 
2 
509 
201 
7 
929 
21 
136 
134 
1 
2 
286 
298 
415 
1 
8 
262 
10 
77 
31 
1 
564 
10 
4 
674 
483 
573 
175 
579 
49 
571 
13 
727 
29 
849 
879 
274 
896 
860 
52 
376 
71 
1 
450 
20 
11 
91 
394 
39 
44 
881 
141 
895 
130 
1 
27 
19 
41 
46 
529 
250 
2 
232 
1 
622 
823 
938 
381 
337 
428 
67 
6 
121 
197 
60 
17 
1 
5 
5 
47 
85 
774 
56 
5 
15 
247 
226 
11 
461 
412 
103 
343 
5 
345 
3 
191 
9 
1 
607 
71 
18 
864 
75 
101 
84 
298 
735 
753 
648 
454 
39 
289 
19 
60 
115 
351 
762 
602 
79 
34 
395 
122 
9 
81 
5 
27 
1 
203 
616 
82 
3 
124 
82 
464 
597 
333 
332 
7 
163 
808 
422 
211 
15 
532 
50 
31 
154 
372 
215 
209 
3 
74 
46 
181 
26 
212 
926 
33 
774 
33 
94 
112 
671 
29 
382 
474 
557 
22 
155 
436 
5 
59 
53 
981 
439 
424 
8 
128 
13 
123 
677 
23 
1 
369 
126 
4 
5 
135 
2 
20 
30 
693 
1 
297 
1 
3 
11 
42 
3 
85 
369 
7 
649 
14 
623 
122 
117 
475 
2 
702 
2 
248 
50 
2 
2 
771 
466 
777 
4 
2 
4 
50 
291 
259 
62 
623 
39 
108 
847 
16 
909 
288 
90 
81 
247 
708 
609 
15 
256 
709 
73 
505 
145 
811 
113 
348 
170 
1 
34 
241 
453 
463 
4 
120 
662 
116 
2 
305 
725 
11 
133 
540 
1 
797 
163 
601 
20 
25 
165 
2 
210 
26 
6 
896 
1 
40 
187 
134 
106 
1 
111 
145 
191 
68 
245 
29 
872 
1 
192 
545 
182 
681 
198 
399 
234 
4 
18 
66 
314 
153 
332 
563 
388 
59 
31 
770 
68 
1 
12 
13 
197 
1 
50 
83 
329 
25 
606 
415 
173 
159 
22 
47 
323 
828 
387 
3 
927 
16 
626 
216 
6 
36 
63 
228 
75 
341 
84 
22 
578 
107 
120 
501 
820 
8 
394 
14 
1 
7 
3 
805 
2 
402 
120 
2 
71 
231 
16 
122 
517 
14 
75 
36 
1 
31 
100 
44 
3 
5 
475 
476 
1 
905 
1 
9 
90 
5 
6 
843 
676 
434 
343 
732 
312 
536 
5 
4 
9 
12 
732 
376 
13 
531 
938 
719 
760 
26 
508 
21 
503 
695 
1 
2 
420 
767 
263 
859 
7 
35 
65 
30 
674 
237 
584 
935 
65 
166 
49 
956 
55 
1 
522 
729 
28 
437 
997 
160 
965 
211 
346 
72 
48 
44 
950 
4 
198 
34 
303 
338 
106 
232 
57 
1 
86 
31 
8 
3 
15 
218 
363 
61 
196 
231 
1 
610 
145 
173 
11 
88 
27 
251 
507 
688 
15 
830 
46 
102 
177 
198 
774 
136 
392 
17 
3 
126 
118 
582 
89 
509 
47 
363 
371 
22 
809 
622 
163 
475 
671 
1 
2 
615 
125 
185 
82 
1 
49 
3 
196 
726 
343 
864 
109 
220 
322 
2 
685 
597 
65 
70 
692 
290 
13 
942 
7 
168 
172 
291 
54 
3 
620 
722 
501 
296 
23 
2 
12 
218 
472 
37 
113 
291 
39 
38 
8 
1 
34 
81 
26 
753 
958 
110 
415 
951 
830 
151 
4 
492 
155 
18 
273 
104 
955 
78 
100 
681 
617 
70 
357 
681 
2 
812 
65 
20 
81 
117 
546 
671 
888 
158 
111 
1 
327 
1 
81 
306 
100 
295 
691 
515 
309 
147 
144 
275 
195 
28 
70 
119 
284 
53 
1 
360 
50 
715 
986 
749 
833 
43 
152 
799 
10 
498 
124 
68 
14 
997 
256 
95 
8 
1 
859 
241 
387 
181 
73 
2 
110 
638 
343 
125 
2 
55 
958 
214 
175 
6 
218 
41 
65 
400 
643 
203 
424 
14 
345 
729 
213 
10 
472 
30 
675 
18 
743 
25 
37 
960 
40 
8 
320 
19 
329 
318 
556 
573 
1 
142 
12 
58 
163 
59 
5 
2 
3 
60 
473 
4 
7 
874 
26 
626 
960 
239 
3 
757 
26 
5 
943 
185 
54 
4 
81 
287 
835 
103 
1 
34 
311 
517 
333 
841 
111 
294 
5 
5 
673 
735 
2 
447 
54 
14 
2 
359 
204 
298 
91 
223 
574 
565 
903 
45 
202 
772 
2 
45 
170 
355 
158 
80 
23 
226 
409 
64 
14 
481 
23 
46 
750 
119 
84 
27 
7 
66 
913 
600 
2 
59 
83 
183 
422 
12 
665 
174 
650 
197 
681 
7 
13 
5 
517 
10 
16 
19 
12 
3 
177 
58 
846 
106 
74 
53 
21 
422 
116 
551 
705 
69 
904 
578 
18 
498 
829 
153 
364 
506 
152 
63 
798 
734 
941 
4 
404 
893 
1 
240 
58 
751 
31 
929 
1 
314 
20 
109 
28 
1 
336 
2 
703 
14 
826 
6 
6 
309 
1 
269 
221 
18 
28 
4 
611 
280 
127 
38 
369 
4 
542 
23 
237 
66 
151 
498 
3 
336 
105 
65 
421 
184 
304 
485 
114 
286 
143 
1 
41 
266 
7 
5 
23 
215 
35 
10 
300 
280 
320 
240 
453 
101 
835 
263 
12 
35 
49 
179 
80 
466 
82 
73 
572 
1 
889 
105 
44 
754 
4 
18 
895 
322 
128 
66 
203 
242 
284 
82 
3 
7 
185 
423 
9 
720 
3 
180 
675 
320 
41 
379 
567 
999 
281 
825 
5 
47 
5 
344 
429 
87 
507 
6 
23 
758 
1 
18 
10 
958 
809 
228 
106 
92 
9 
678 
82 
170 
32 
3 
209 
2 
1 
130 
353 
92 
659 
16 
510 
23 
248 
183 
129 
1 
49 
11 
842 
476 
147 
228 
640 
856 
11 
63 
5 
461 
96 
820 
1 
594 
218 
238 
24 
39 
23 
12 
325 
976 
73 
288 
21 
14 
898 
227 
225 
554 
35 
15 
268 
185 
288 
701 
788 
45 
992 
331 
46 
676 
9 
721 
476 
122 
72 
19 
135 
293 
284 
369 
132 
89 
1 
80 
1 
24 
34 
240 
60 
1 
1 
87 
44 
730 
4 
5 
4 
28 
362 
331 
239 
63 
230 
199 
59 
84 
36 
70 
141 
5 
73 
121 
13 
2 
646 
20 
34 
1 
198 
422 
23 
908 
48 
104 
57 
550 
495 
824 
415 
22 
810 
1 
412 
276 
935 
1 
479 
831 
93 
51 
53 
226 
17 
56 
430 
51 
821 
23 
2 
5 
996 
833 
509 
261 
327 
1 
5 
166 
101 
54 
910 
325 
20 
985 
129 
54 
390 
746 
25 
64 
393 
106 
355 
12 
967 
97 
235 
378 
266 
238 
31 
157 
41 
164 
334 
173 
996 
481 
75 
622 
217 
181 
674 
600 
997 
733 
16 
543 
5 
194 
805 
34 
896 
41 
836 
44 
726 
21 
596 
30 
28 
30 
392 
31 
198 
504 
647 
4 
5 
1 
415 
25 
933 
330 
24 
252 
202 
40 
775 
67 
387 
369 
1 
175 
4 
79 
694 
3 
697 
215 
3 
466 
1 
258 
1 
531 
12 
6 
318 
67 
358 
14 
59 
38 
47 
56 
791 
778 
17 
62 
84 
646 
20 
100 
246 
187 
144 
1 
380 
2 
468 
337 
305 
265 
123 
888 
1 
995 
330 
9 
220 
3 
132 
27 
582 
17 
174 
6 
50 
2 
997 
35 
4 
290 
454 
97 
24 
838 
234 
142 
179 
31 
22 
54 
552 
35 
1 
405 
2 
783 
231 
60 
39 
9 
20 
3 
7 
143 
20 
1 
129 
123 
178 
1 
167 
162 
130 
188 
2 
4 
26 
201 
389 
11 
88 
1 
614 
141 
9 
76 
84 
35 
111 
464 
6 
46 
81 
3 
870 
236 
840 
26 
390 
32 
245 
130 
363 
642 
937 
256 
114 
639 
87 
1 
8 
9 
457 
11 
2 
118 
11 
760 
461 
12 
6 
161 
775 
56 
887 
14 
760 
20 
57 
15 
1 
541 
486 
1 
316 
2 
793 
520 
184 
402 
97 
560 
607 
208 
85 
19 
829 
385 
482 
479 
20 
725 
216 
224 
368 
50 
322 
319 
313 
26 
79 
533 
154 
2 
631 
2 
67 
288 
654 
700 
206 
145 
2 
279 
10 
670 
835 
211 
322 
173 
122 
787 
328 
140 
112 
804 
390 
213 
6 
2 
265 
573 
204 
21 
773 
407 
21 
414 
4 
946 
2 
20 
242 
43 
322 
60 
238 
241 
674 
616 
297 
24 
57 
177 
909 
43 
701 
11 
180 
4 
669 
923 
919 
15 
64 
119 
207 
5 
6 
3 
243 
483 
2 
661 
78 
639 
262 
142 
536 
582 
257 
1 
448 
10 
85 
244 
13 
728 
26 
3 
266 
112 
80 
592 
428 
328 
201 
1 
975 
965 
223 
871 
66 
644 
128 
109 
238 
586 
55 
382 
48 
1 
673 
521 
864 
11 
49 
7 
172 
188 
289 
3 
225 
128 
315 
175 
40 
166 
110 
2 
71 
58 
311 
210 
114 
121 
120 
68 
1 
199 
53 
172 
56 
908 
958 
394 
29 
657 
224 
226 
23 
10 
2 
88 
22 
961 
19 
234 
789 
544 
96 
270 
212 
130 
2 
725 
13 
190 
244 
269 
34 
2 
472 
59 
100 
38 
373 
21 
187 
42 
466 
58 
183 
1 
785 
251 
184 
1 
212 
40 
144 
851 
246 
85 
4 
60 
140 
94 
613 
161 
591 
488 
625 
10 
238 
158 
937 
127 
2 
542 
34 
539 
88 
189 
437 
188 
116 
21 
2 
23 
378 
9 
8 
71 
10 
256 
5 
44 
12 
336 
88 
268 
411 
64 
475 
754 
996 
108 
422 
244 
2 
2 
731 
29 
15 
141 
666 
226 
986 
71 
420 
18 
979 
6 
300 
234 
538 
812 
312 
583 
715 
585 
190 
100 
70 
36 
350 
9 
955 
122 
2 
18 
20 
277 
54 
28 
302 
147 
944 
240 
1 
425 
352 
273 
526 
23 
68 
242 
220 
571 
7 
613 
23 
532 
60 
366 
62 
2 
439 
148 
149 
3 
7 
668 
515 
545 
12 
28 
1000 
875 
733 
984 
17 
504 
220 
3 
4 
1 
790 
63 
422 
39 
7 
6 
302 
794 
1 
1 
535 
112 
346 
1 
70 
1 
463 
681 
236 
299 
63 
981 
27 
150 
4 
203 
217 
3 
813 
58 
10 
264 
1 
1 
76 
967 
9 
542 
310 
39 
726 
874 
812 
896 
4 
347 
408 
1 
36 
963 
659 
433 
578 
26 
32 
210 
138 
873 
140 
80 
439 
244 
248 
14 
8 
30 
49 
7 
140 
225 
892 
1 
101 
133 
20 
22 
121 
667 
9 
7 
86 
83 
279 
323 
782 
491 
512 
187 
5 
107 
9 
117 
100 
39 
213 
94 
858 
27 
409 
44 
70 
914 
445 
21 
164 
6 
458 
82 
57 
52 
440 
118 
466 
943 
29 
712 
79 
3 
1 
128 
956 
313 
709 
189 
509 
50 
1 
556 
139 
1 
173 
4 
7 
812 
652 
879 
3 
460 
6 
348 
1 
823 
472 
217 
2 
33 
15 
143 
596 
218 
107 
437 
321 
1 
1 
56 
94 
671 
460 
493 
1 
65 
34 
1 
14 
118 
941 
264 
42 
652 
232 
14 
143 
57 
363 
5 
6 
3 
702 
229 
195 
891 
54 
50 
279 
736 
234 
125 
50 
199 
19 
256 
48 
111 
405 
17 
10 
177 
1 
53 
4 
35 
321 
173 
389 
775 
178 
12 
102 
23 
9 
145 
881 
330 
216 
387 
165 
13 
202 
326 
460 
2 
907 
2 
4 
193 
604 
200 
893 
521 
603 
516 
48 
342 
5 
134 
29 
112 
5 
20 
684 
151 
489 
164 
112 
166 
241 
194 
1 
194 
380 
847 
510 
301 
420 
233 
500 
226 
77 
125 
356 
5 
311 
31 
96 
18 
10 
521 
800 
29 
16 
641 
93 
195 
459 
782 
4 
1 
94 
587 
127 
46 
318 
110 
9 
128 
350 
39 
599 
506 
2 
4 
2 
193 
10 
412 
50 
204 
3 
9 
78 
325 
1 
419 
94 
163 
609 
143 
11 
4 
25 
104 
192 
84 
407 
10 
759 
12 
8 
105 
619 
3 
165 
37 
227 
95 
44 
181 
5 
474 
342 
766 
944 
132 
109 
986 
168 
49 
20 
75 
45 
36 
593 
2 
161 
270 
10 
1 
1 
233 
37 
164 
84 
42 
527 
32 
166 
352 
118 
251 
124 
563 
1 
89 
90 
34 
29 
88 
202 
177 
563 
22 
60 
173 
109 
296 
555 
230 
217 
11 
51 
8 
157 
157 
949 
714 
89 
776 
245 
82 
348 
400 
78 
113 
278 
4 
836 
209 
279 
117 
328 
418 
211 
2 
2 
375 
6 
987 
405 
690 
15 
149 
99 
24 
5 
3 
379 
188 
91 
829 
677 
370 
974 
5 
5 
324 
174 
42 
501 
616 
77 
21 
969 
155 
97 
51 
173 
27 
966 
618 
180 
268 
19 
758 
80 
669 
329 
730 
130 
6 
580 
845 
1 
1 
4 
141 
132 
53 
84 
608 
57 
1 
6 
166 
367 
667 
619 
80 
2 
161 
860 
66 
7 
15 
13 
2 
72 
19 
28 
345 
113 
3 
19 
26 
300 
2 
45 
563 
13 
714 
606 
134 
2 
483 
496 
125 
30 
4 
129 
7 
8 
376 
270 
249 
268 
733 
42 
1 
236 
19 
625 
696 
173 
1 
314 
269 
847 
74 
711 
40 
7 
155 
4 
72 
85 
588 
452 
605 
7 
7 
40 
826 
204 
41 
112 
964 
478 
163 
336 
517 
194 
451 
176 
22 
69 
392 
13 
31 
948 
482 
40 
6 
234 
99 
137 
1 
13 
32 
3 
95 
151 
925 
454 
35 
2 
2 
29 
620 
734 
73 
182 
2 
60 
733 
534 
357 
53 
874 
1 
738 
322 
966 
111 
139 
13 
214 
31 
48 
115 
46 
68 
177 
44 
277 
34 
525 
18 
32 
60 
426 
435 
32 
497 
94 
2 
22 
36 
175 
682 
442 
81 
32 
765 
26 
9 
8 
750 
123 
162 
276 
439 
140 
40 
69 
356 
596 
11 
6 
896 
148 
100 
753 
106 
7 
155 
473 
3 
39 
542 
53 
127 
69 
6 
839 
168 
51 
249 
2 
65 
481 
6 
667 
415 
465 
17 
151 
806 
455 
177 
1 
950 
746 
514 
564 
1 
102 
12 
814 
721 
286 
31 
421 
360 
5 
118 
25 
6 
3 
190 
38 
856 
22 
534 
4 
780 
317 
14 
295 
245 
149 
768 
15 
16 
837 
27 
549 
797 
689 
181 
227 
400 
122 
688 
297 
32 
300 
45 
3 
187 
861 
142 
29 
155 
253 
81 
338 
1 
7 
81 
2 
243 
6 
718 
978 
272 
110 
442 
411 
161 
10 
827 
532 
866 
776 
13 
181 
856 
61 
297 
265 
3 
201 
218 
148 
205 
718 
809 
606 
352 
293 
165 
298 
581 
38 
24 
393 
631 
113 
50 
674 
29 
853 
42 
44 
2 
11 
166 
882 
20 
299 
920 
120 
84 
7 
169 
49 
361 
338 
73 
11 
392 
21 
645 
524 
939 
709 
588 
291 
81 
18 
55 
484 
442 
598 
2 
719 
465 
172 
186 
5 
805 
334 
337 
35 
665 
96 
33 
205 
6 
9 
140 
127 
598 
190 
7 
123 
548 
43 
665 
886 
181 
87 
45 
368 
81 
7 
9 
318 
697 
69 
252 
2 
916 
536 
854 
587 
83 
7 
76 
641 
874 
86 
256 
149 
23 
9 
522 
280 
211 
78 
3 
568 
231 
130 
204 
595 
20 
328 
196 
53 
314 
889 
478 
103 
355 
704 
67 
971 
51 
7 
17 
520 
25 
69 
35 
21 
349 
429 
70 
27 
694 
5 
248 
15 
23 
810 
473 
11 
11 
8 
920 
432 
299 
228 
76 
227 
46 
292 
661 
170 
100 
52 
361 
608 
134 
58 
8 
12 
970 
4 
130 
948 
114 
2 
794 
271 
322 
288 
393 
888 
5 
209 
300 
208 
33 
179 
825 
48 
188 
279 
95 
779 
290 
306 
70 
959 
8 
161 
114 
2 
46 
36 
5 
348 
867 
11 
1 
27 
72 
22 
30 
689 
106 
58 
312 
205 
2 
231 
38 
27 
25 
521 
133 
169 
554 
27 
285 
618 
65 
401 
4 
293 
1 
16 
373 
2 
320 
403 
24 
5 
36 
141 
307 
152 
878 
542 
623 
210 
399 
46 
248 
5 
3 
7 
45 
312 
238 
398 
17 
890 
60 
162 
9 
707 
2 
47 
18 
17 
335 
575 
69 
47 
2 
347 
946 
567 
389 
67 
24 
827 
5 
426 
55 
267 
876 
11 
1 
313 
261 
12 
10 
431 
9 
100 
197 
752 
48 
61 
582 
82 
1 
135 
196 
230 
17 
356 
151 
311 
55 
4 
1 
3 
4 
385 
4 
28 
532 
786 
9 
577 
890 
341 
1 
664 
80 
1 
8 
87 
33 
712 
119 
9 
106 
87 
904 
421 
835 
348 
442 
72 
481 
102 
1 
132 
124 
706 
666 
12 
609 
149 
4 
1 
79 
1 
33 
10 
2 
209 
731 
51 
14 
73 
127 
60 
557 
180 
1 
224 
190 
3 
94 
12 
9 
33 
403 
408 
400 
840 
463 
26 
874 
388 
13 
767 
129 
32 
126 
3 
591 
1 
661 
320 
548 
572 
8 
2 
383 
333 
202 
335 
64 
735 
310 
192 
95 
825 
6 
107 
187 
3 
459 
760 
310 
139 
5 
14 
40 
44 
777 
5 
560 
382 
14 
84 
65 
7 
2 
319 
3 
14 
404 
30 
370 
185 
135 
478 
36 
3 
988 
219 
5 
13 
54 
13 
7 
124 
315 
405 
1 
400 
733 
333 
361 
833 
7 
2 
23 
52 
5 
156 
488 
2 
446 
352 
902 
7 
1000 
173 
9 
264 
4 
37 
268 
608 
356 
568 
737 
5 
168 
729 
514 
756 
14 
5 
55 
48 
404 
809 
182 
10 
18 
198 
357 
285 
1 
301 
202 
121 
256 
758 
331 
205 
886 
330 
1 
572 
86 
40 
549 
1 
663 
18 
65 
102 
24 
634 
220 
49 
512 
2 
214 
528 
299 
483 
531 
25 
96 
277 
76 
4 
393 
22 
14 
51 
57 
649 
543 
448 
171 
511 
765 
40 
2 
967 
376 
3 
61 
802 
461 
24 
15 
54 
213 
51 
544 
473 
543 
91 
209 
224 
17 
1 
6 
196 
258 
20 
5 
41 
468 
409 
2 
654 
8 
200 
235 
828 
12 
6 
357 
21 
174 
17 
51 
64 
48 
58 
318 
390 
4 
154 
77 
4 
454 
469 
23 
37 
45 
245 
214 
538 
43 
744 
308 
1000 
472 
356 
43 
92 
430 
77 
113 
730 
10 
629 
19 
244 
26 
224 
1 
447 
132 
33 
511 
328 
2 
162 
151 
1 
17 
379 
756 
66 
393 
36 
19 
737 
84 
3 
8 
443 
402 
75 
18 
63 
713 
21 
3 
691 
608 
22 
8 
237 
14 
26 
29 
18 
791 
215 
18 
50 
45 
873 
217 
221 
288 
3 
817 
578 
643 
158 
637 
13 
110 
880 
891 
23 
17 
3 
51 
251 
52 
45 
41 
157 
36 
248 
187 
8 
104 
404 
219 
451 
7 
356 
900 
523 
428 
3 
861 
748 
605 
2 
501 
304 
692 
234 
800 
208 
862 
72 
17 
34 
58 
6 
286 
91 
829 
3 
54 
306 
168 
51 
155 
100 
975 
14 
10 
512 
274 
813 
502 
154 
76 
92 
60 
33 
50 
63 
363 
126 
260 
1 
103 
41 
325 
954 
437 
8 
259 
4 
63 
28 
92 
136 
347 
30 
90 
581 
17 
368 
361 
8 
139 
137 
253 
548 
434 
322 
125 
514 
890 
8 
54 
98 
1 
994 
191 
57 
132 
29 
418 
23 
1 
628 
343 
567 
5 
2 
229 
99 
1 
901 
35 
473 
208 
285 
107 
13 
218 
57 
1 
28 
59 
50 
357 
84 
414 
200 
83 
472 
28 
981 
3 
3 
21 
51 
910 
2 
82 
95 
77 
299 
38 
389 
12 
326 
815 
50 
250 
270 
9 
156 
73 
43 
357 
104 
506 
267 
1 
83 
535 
78 
19 
3 
31 
962 
21 
156 
384 
475 
8 
498 
4 
397 
557 
3 
284 
1 
360 
113 
913 
51 
452 
102 
160 
3 
27 
338 
14 
291 
79 
20 
6 
48 
467 
478 
71 
836 
33 
36 
247 
209 
767 
195 
843 
245 
84 
48 
119 
440 
322 
67 
17 
3 
139 
140 
358 
590 
1 
656 
2 
320 
963 
20 
1 
981 
197 
418 
1 
98 
3 
54 
665 
519 
839 
405 
8 
52 
199 
646 
842 
226 
34 
3 
176 
322 
99 
2 
698 
29 
910 
45 
177 
3 
646 
424 
532 
646 
4 
67 
152 
152 
93 
582 
1 
1 
307 
955 
12 
294 
65 
210 
44 
15 
41 
2 
121 
838 
143 
240 
38 
10 
7 
78 
11 
42 
492 
547 
257 
16 
195 
592 
555 
37 
907 
161 
1 
25 
148 
553 
295 
357 
58 
506 
36 
34 
51 
446 
4 
172 
4 
55 
102 
1 
607 
11 
15 
875 
276 
34 
172 
272 
6 
24 
206 
33 
221 
1 
933 
65 
93 
6 
46 
1 
55 
466 
378 
534 
327 
57 
66 
189 
72 
644 
669 
216 
187 
868 
661 
1 
1 
578 
9 
1 
2 
300 
642 
66 
857 
464 
412 
459 
67 
13 
534 
17 
961 
477 
612 
47 
86 
12 
111 
34 
50 
33 
103 
95 
152 
36 
119 
6 
324 
155 
100 
245 
19 
49 
15 
114 
176 
382 
961 
3 
13 
38 
169 
357 
187 
193 
3 
2 
53 
4 
772 
4 
17 
48 
53 
276 
14 
627 
158 
196 
353 
477 
4 
148 
7 
5 
389 
96 
22 
8 
499 
53 
89 
460 
56 
8 
27 
47 
211 
289 
10 
96 
426 
497 
3 
3 
119 
52 
503 
568 
490 
32 
798 
10 
253 
1 
282 
3 
1 
45 
12 
5 
311 
1 
56 
146 
203 
542 
399 
510 
184 
29 
114 
700 
9 
914 
38 
74 
60 
225 
619 
14 
865 
616 
142 
581 
13 
271 
129 
795 
78 
101 
563 
443 
221 
874 
28 
258 
315 
177 
697 
603 
82 
385 
587 
4 
14 
160 
37 
1 
2 
47 
62 
407 
122 
160 
140 
72 
575 
7 
238 
188 
309 
1 
114 
20 
228 
189 
212 
221 
753 
143 
2 
8 
483 
494 
615 
746 
130 
891 
294 
441 
151 
12 
737 
97 
179 
819 
644 
2 
265 
145 
3 
7 
42 
213 
281 
1 
764 
107 
127 
92 
37 
98 
480 
5 
176 
567 
298 
21 
445 
36 
654 
403 
35 
537 
1 
835 
41 
19 
337 
54 
493 
18 
377 
255 
109 
706 
14 
82 
439 
569 
68 
181 
389 
849 
154 
7 
243 
443 
188 
156 
50 
49 
35 
16 
339 
96 
1 
110 
462 
319 
2 
42 
420 
256 
111 
504 
373 
33 
667 
679 
392 
12 
50 
378 
409 
17 
63 
134 
146 
411 
843 
779 
364 
220 
249 
26 
194 
168 
173 
1 
28 
1 
5 
649 
790 
2 
98 
130 
1 
96 
316 
449 
32 
878 
138 
717 
2 
325 
478 
601 
534 
1 
536 
46 
62 
22 
929 
854 
751 
161 
11 
8 
2 
257 
37 
437 
311 
980 
609 
97 
384 
5 
8 
279 
937 
86 
64 
8 
194 
7 
24 
239 
22 
72 
735 
13 
39 
5 
30 
796 
84 
7 
2 
41 
333 
531 
467 
166 
638 
754 
103 
100 
31 
915 
259 
2 
41 
158 
190 
166 
61 
484 
392 
43 
118 
721 
231 
79 
5 
1 
8 
6 
790 
432 
16 
9 
169 
138 
108 
541 
3 
979 
5 
39 
69 
350 
19 
10 
53 
17 
327 
46 
594 
6 
556 
1 
156 
474 
1 
243 
865 
708 
8 
224 
19 
5 
6 
231 
134 
53 
814 
3 
4 
36 
822 
118 
207 
30 
401 
599 
923 
3 
110 
297 
56 
17 
701 
91 
91 
321 
213 
23 
972 
10 
102 
250 
5 
8 
991 
360 
46 
291 
993 
14 
413 
52 
2 
4 
13 
332 
1 
57 
60 
325 
171 
235 
234 
40 
435 
753 
45 
28 
237 
3 
16 
262 
59 
14 
492 
23 
276 
49 
316 
3 
45 
3 
982 
642 
13 
93 
4 
593 
483 
264 
4 
134 
400 
173 
167 
21 
1 
598 
8 
10 
304 
328 
2 
775 
208 
3 
421 
299 
102 
101 
2 
920 
872 
11 
83 
18 
101 
197 
744 
2 
7 
396 
168 
327 
712 
995 
500 
11 
111 
28 
983 
61 
13 
16 
2 
84 
27 
54 
54 
41 
117 
672 
151 
329 
564 
7 
766 
586 
13 
22 
627 
79 
702 
19 
36 
8 
38 
984 
860 
1 
16 
956 
43 
83 
98 
3 
477 
9 
6 
1 
990 
61 
742 
23 
326 
2 
258 
93 
415 
116 
86 
302 
207 
9 
24 
306 
171 
2 
45 
14 
192 
579 
84 
902 
27 
38 
116 
66 
1 
12 
370 
116 
410 
233 
1 
877 
174 
895 
28 
2 
187 
4 
684 
185 
42 
735 
278 
602 
19 
7 
294 
177 
43 
1 
885 
45 
717 
749 
162 
873 
68 
2 
4 
8 
8 
1 
87 
861 
255 
283 
231 
446 
247 
437 
683 
720 
7 
726 
582 
540 
512 
575 
683 
49 
623 
752 
226 
13 
267 
375 
1 
7 
1 
156 
802 
109 
95 
1 
547 
793 
1 
12 
183 
82 
1 
378 
101 
107 
93 
70 
38 
350 
119 
83 
322 
362 
32 
11 
27 
22 
238 
1 
25 
80 
592 
715 
312 
45 
571 
126 
17 
406 
138 
24 
648 
141 
53 
374 
276 
4 
17 
710 
107 
117 
142 
192 
488 
661 
3 
138 
81 
143 
46 
230 
1 
419 
53 
1 
537 
194 
11 
198 
97 
10 
803 
1 
15 
462 
57 
602 
59 
3 
68 
682 
585 
907 
576 
1 
4 
13 
298 
2 
144 
43 
946 
188 
25 
64 
507 
482 
416 
125 
99 
714 
132 
14 
207 
732 
1 
625 
8 
802 
599 
100 
353 
107 
11 
67 
760 
163 
51 
240 
2 
266 
369 
582 
1 
96 
10 
51 
198 
1 
598 
205 
55 
157 
223 
43 
1 
256 
489 
1 
250 
76 
99 
100 
762 
60 
92 
317 
4 
351 
34 
182 
294 
394 
492 
345 
439 
26 
290 
2 
87 
148 
42 
1 
54 
127 
51 
656 
3 
141 
116 
7 
234 
272 
2 
368 
180 
235 
601 
189 
450 
2 
9 
42 
26 
763 
547 
81 
165 
5 
139 
272 
221 
330 
8 
110 
21 
98 
3 
877 
12 
195 
627 
97 
90 
373 
748 
1 
282 
192 
275 
51 
45 
580 
87 
104 
224 
971 
963 
3 
1 
203 
1 
6 
172 
16 
19 
957 
231 
39 
349 
3 
655 
4 
336 
20 
695 
508 
639 
888 
21 
328 
602 
40 
204 
2 
893 
7 
430 
91 
54 
331 
492 
10 
55 
732 
516 
89 
4 
942 
1 
4 
1 
142 
978 
3 
273 
976 
4 
57 
116 
230 
101 
223 
1 
524 
812 
346 
351 
103 
14 
265 
25 
97 
1 
284 
332 
4 
6 
98 
74 
349 
685 
104 
1 
170 
354 
187 
952 
10 
271 
782 
16 
240 
46 
15 
111 
929 
738 
102 
207 
134 
146 
2 
824 
8 
81 
386 
550 
7 
781 
41 
782 
213 
459 
89 
297 
331 
307 
26 
140 
59 
47 
208 
144 
6 
110 
162 
516 
355 
158 
213 
295 
978 
23 
532 
228 
355 
546 
14 
387 
415 
19 
740 
17 
695 
4 
1 
903 
3 
20 
1 
850 
3 
607 
126 
363 
8 
363 
4 
2 
32 
38 
22 
19 
298 
121 
315 
208 
6 
248 
901 
18 
469 
79 
363 
63 
4 
134 
114 
528 
187 
3 
572 
28 
485 
283 
987 
583 
631 
227 
25 
760 
208 
35 
8 
734 
66 
761 
4 
1 
12 
5 
419 
311 
55 
1 
157 
287 
240 
78 
11 
557 
128 
789 
9 
215 
4 
11 
139 
445 
517 
935 
5 
98 
287 
17 
41 
301 
294 
92 
665 
1 
126 
1 
373 
348 
7 
8 
196 
73 
115 
13 
101 
746 
981 
66 
681 
27 
10 
16 
4 
161 
5 
151 
621 
93 
64 
916 
313 
139 
411 
69 
712 
985 
539 
4 
22 
12 
136 
318 
110 
47 
519 
705 
187 
957 
25 
10 
4 
168 
31 
107 
122 
394 
1 
512 
1 
609 
89 
225 
784 
15 
136 
211 
986 
245 
10 
40 
63 
4 
245 
217 
920 
478 
61 
923 
259 
76 
1 
164 
131 
506 
316 
427 
937 
620 
3 
4 
205 
240 
807 
10 
292 
522 
180 
3 
430 
898 
152 
367 
303 
428 
370 
73 
849 
42 
24 
232 
276 
104 
193 
560 
846 
101 
72 
804 
279 
1 
859 
861 
893 
84 
1 
31 
351 
519 
163 
646 
93 
104 
374 
3 
571 
7 
557 
402 
22 
6 
585 
265 
398 
54 
172 
195 
660 
107 
57 
687 
20 
712 
981 
41 
479 
302 
836 
778 
172 
8 
408 
138 
139 
968 
643 
531 
274 
758 
59 
13 
651 
33 
14 
228 
2 
4 
4 
4 
133 
139 
8 
837 
229 
142 
905 
18 
10 
627 
328 
185 
3 
95 
955 
2 
76 
165 
570 
18 
841 
480 
66 
1 
259 
1 
445 
569 
21 
73 
6 
933 
117 
348 
479 
62 
787 
32 
8 
61 
658 
312 
25 
953 
1 
66 
20 
216 
190 
587 
441 
361 
224 
35 
265 
146 
497 
806 
7 
258 
757 
640 
9 
916 
12 
151 
429 
206 
1 
42 
187 
928 
360 
155 
182 
45 
8 
801 
246 
123 
14 
134 
532 
479 
1 
658 
358 
35 
64 
54 
1 
149 
375 
928 
4 
7 
507 
503 
37 
237 
695 
808 
1 
170 
242 
2 
85 
1 
719 
768 
679 
997 
195 
349 
60 
30 
16 
66 
38 
155 
284 
1 
10 
4 
9 
23 
970 
232 
151 
208 
443 
27 
800 
9 
173 
211 
3 
899 
35 
26 
10 
688 
42 
515 
25 
359 
240 
902 
961 
10 
901 
126 
6 
22 
610 
498 
60 
255 
156 
178 
90 
152 
4 
1 
179 
272 
44 
105 
160 
3 
14 
11 
12 
26 
804 
175 
47 
25 
41 
40 
10 
418 
518 
689 
27 
40 
80 
351 
86 
251 
230 
567 
329 
293 
646 
44 
51 
11 
113 
342 
3 
263 
124 
829 
17 
15 
198 
23 
793 
97 
80 
388 
214 
822 
34 
83 
582 
25 
1 
34 
50 
47 
16 
187 
2 
44 
209 
1 
771 
689 
216 
5 
3 
845 
2 
57 
496 
31 
205 
970 
249 
267 
215 
32 
142 
1 
898 
745 
146 
848 
6 
3 
717 
637 
804 
3 
2 
355 
463 
197 
810 
239 
663 
664 
80 
116 
78 
9 
255 
829 
1 
19 
244 
501 
664 
4 
3 
99 
402 
2 
5 
11 
717 
114 
991 
392 
523 
222 
70 
176 
345 
128 
216 
3 
14 
714 
583 
17 
485 
649 
739 
571 
122 
15 
9 
276 
718 
54 
140 
59 
778 
57 
22 
1 
92 
427 
979 
156 
23 
185 
821 
516 
614 
125 
7 
36 
7 
173 
607 
308 
128 
1 
5 
54 
40 
5 
493 
68 
22 
387 
9 
6 
24 
4 
651 
1 
316 
310 
2 
4 
327 
79 
177 
172 
51 
535 
819 
36 
46 
239 
6 
18 
157 
113 
400 
855 
72 
251 
153 
24 
119 
319 
92 
18 
135 
74 
155 
240 
891 
16 
742 
604 
100 
79 
149 
964 
53 
167 
1 
399 
969 
90 
20 
3 
564 
6 
777 
895 
160 
64 
391 
5 
34 
5 
9 
8 
204 
395 
84 
14 
664 
587 
5 
30 
280 
5 
7 
621 
2 
630 
12 
501 
96 
1 
659 
2 
832 
110 
754 
7 
433 
69 
833 
188 
85 
2 
19 
532 
173 
425 
63 
601 
70 
315 
47 
8 
253 
1 
490 
25 
4 
548 
78 
31 
534 
14 
3 
117 
5 
225 
342 
169 
3 
148 
7 
175 
186 
94 
3 
755 
5 
119 
60 
3 
171 
17 
68 
19 
26 
4 
30 
199 
15 
28 
13 
325 
9 
163 
203 
468 
451 
6 
33 
306 
466 
7 
295 
235 
110 
17 
131 
825 
625 
622 
3 
396 
580 
1 
196 
5 
663 
30 
63 
268 
413 
7 
81 
2 
15 
523 
88 
298 
43 
398 
7 
968 
627 
1 
22 
174 
38 
813 
786 
661 
159 
178 
287 
780 
264 
95 
50 
132 
37 
15 
19 
22 
33 
317 
86 
1 
1 
3 
499 
121 
472 
850 
184 
15 
47 
159 
273 
110 
355 
369 
1 
13 
131 
746 
634 
380 
447 
486 
131 
229 
1 
436 
132 
498 
966 
20 
473 
244 
800 
2 
2 
897 
251 
309 
10 
268 
428 
53 
23 
455 
25 
8 
886 
331 
555 
17 
697 
128 
83 
118 
7 
176 
2 
1 
42 
8 
2 
487 
130 
4 
523 
69 
19 
419 
43 
40 
102 
50 
291 
265 
2 
905 
947 
11 
487 
48 
41 
2 
78 
435 
91 
710 
481 
1 
882 
28 
75 
658 
25 
2 
960 
97 
169 
102 
36 
52 
24 
14 
706 
115 
1 
329 
350 
141 
51 
527 
147 
15 
558 
495 
79 
243 
506 
331 
38 
378 
189 
572 
3 
749 
109 
165 
1 
10 
7 
652 
105 
751 
199 
606 
1 
1 
9 
248 
276 
444 
88 
1 
25 
779 
31 
109 
37 
717 
361 
3 
133 
378 
3 
12 
332 
52 
788 
521 
107 
22 
980 
45 
2 
1 
5 
16 
78 
2 
100 
1 
928 
28 
61 
745 
549 
880 
727 
98 
24 
292 
2 
1 
79 
378 
2 
11 
548 
237 
612 
5 
134 
23 
93 
283 
76 
101 
67 
200 
6 
6 
128 
1 
277 
58 
19 
11 
121 
433 
800 
208 
2 
42 
46 
760 
37 
706 
34 
333 
718 
527 
594 
40 
2 
233 
340 
2 
24 
428 
447 
93 
452 
4 
109 
5 
15 
32 
8 
10 
746 
304 
790 
136 
958 
19 
550 
121 
4 
157 
580 
202 
390 
3 
302 
39 
134 
263 
474 
24 
8 
866 
22 
90 
87 
12 
11 
163 
168 
96 
831 
77 
115 
152 
717 
90 
184 
2 
20 
22 
959 
20 
47 
158 
1 
168 
4 
714 
454 
216 
9 
628 
16 
588 
2 
857 
273 
694 
541 
219 
588 
113 
53 
27 
17 
175 
21 
201 
292 
144 
187 
437 
308 
72 
870 
214 
356 
875 
487 
686 
373 
223 
4 
381 
62 
1 
221 
981 
233 
139 
125 
7 
112 
252 
5 
1 
789 
793 
22 
292 
139 
419 
3 
4 
285 
1 
37 
21 
817 
52 
308 
15 
561 
131 
809 
276 
262 
195 
267 
192 
58 
638 
664 
8 
126 
1 
849 
51 
18 
18 
9 
100 
646 
384 
7 
403 
3 
67 
115 
17 
15 
176 
76 
570 
36 
171 
11 
562 
52 
19 
6 
13 
56 
79 
976 
194 
346 
223 
610 
98 
42 
204 
51 
714 
115 
51 
35 
804 
62 
114 
708 
74 
625 
940 
18 
479 
322 
17 
115 
965 
483 
686 
679 
51 
949 
7 
235 
232 
331 
20 
643 
479 
157 
66 
8 
3 
39 
8 
811 
507 
121 
109 
361 
21 
810 
92 
996 
25 
3 
12 
3 
6 
276 
621 
38 
57 
586 
434 
680 
31 
52 
2 
399 
17 
39 
1 
29 
864 
18 
2 
1 
754 
227 
232 
268 
104 
339 
21 
588 
357 
13 
572 
405 
189 
55 
295 
9 
11 
512 
658 
469 
58 
75 
236 
164 
102 
6 
4 
56 
15 
17 
78 
17 
49 
798 
173 
20 
752 
12 
649 
1 
882 
895 
231 
1 
640 
377 
26 
806 
27 
72 
131 
560 
857 
437 
627 
29 
1 
123 
47 
3 
910 
1 
619 
302 
6 
251 
12 
904 
1 
20 
48 
733 
159 
71 
381 
194 
162 
22 
312 
29 
521 
151 
14 
14 
840 
314 
289 
788 
429 
43 
30 
602 
19 
151 
7 
94 
1 
673 
273 
738 
184 
696 
767 
28 
804 
987 
34 
222 
127 
6 
154 
50 
562 
21 
692 
40 
803 
314 
954 
91 
12 
18 
433 
178 
3 
178 
823 
28 
118 
744 
441 
18 
6 
394 
167 
65 
216 
310 
285 
2 
25 
1 
778 
72 
13 
687 
74 
100 
224 
245 
889 
1 
140 
15 
58 
408 
345 
629 
8 
825 
32 
399 
191 
156 
71 
308 
723 
30 
284 
232 
964 
248 
983 
875 
690 
472 
10 
2 
41 
49 
197 
250 
155 
79 
865 
5 
287 
278 
16 
487 
216 
5 
18 
627 
496 
19 
24 
921 
715 
13 
149 
50 
789 
252 
1 
6 
4 
3 
974 
864 
9 
96 
1 
6 
716 
276 
2 
12 
85 
228 
19 
365 
1 
970 
164 
526 
180 
372 
62 
80 
329 
23 
21 
443 
515 
396 
56 
669 
225 
934 
776 
12 
59 
798 
919 
765 
4 
745 
3 
748 
734 
1 
9 
990 
34 
276 
35 
151 
14 
36 
19 
66 
324 
549 
458 
190 
442 
694 
331 
5 
491 
86 
13 
93 
228 
980 
873 
33 
4 
103 
408 
63 
13 
145 
324 
16 
111 
132 
6 
8 
86 
2 
759 
591 
848 
412 
34 
86 
589 
243 
214 
925 
638 
98 
931 
196 
547 
10 
634 
14 
4 
182 
200 
225 
58 
414 
9 
2 
851 
9 
912 
242 
2 
318 
147 
10 
306 
25 
954 
195 
626 
118 
35 
15 
355 
694 
342 
13 
65 
478 
689 
10 
30 
10 
691 
19 
245 
669 
174 
6 
15 
48 
89 
22 
545 
77 
127 
12 
3 
949 
511 
262 
30 
685 
25 
120 
800 
248 
1 
65 
184 
185 
112 
397 
69 
387 
298 
48 
82 
1 
673 
416 
37 
94 
3 
727 
42 
2 
738 
10 
63 
92 
98 
2 
31 
148 
920 
864 
334 
793 
18 
664 
16 
7 
14 
4 
493 
153 
95 
50 
16 
110 
552 
313 
14 
1 
345 
242 
13 
2 
11 
273 
4 
289 
76 
128 
4 
37 
194 
5 
14 
18 
660 
447 
92 
93 
267 
43 
13 
872 
181 
53 
979 
802 
1 
74 
633 
128 
514 
196 
69 
93 
378 
1 
672 
19 
15 
852 
834 
325 
457 
876 
48 
179 
28 
27 
22 
513 
683 
342 
2 
11 
434 
669 
17 
381 
153 
5 
846 
800 
235 
1 
13 
34 
416 
802 
800 
343 
68 
850 
10 
337 
85 
605 
32 
4 
55 
135 
635 
377 
428 
41 
433 
2 
853 
82 
291 
7 
95 
326 
778 
207 
814 
487 
2 
17 
1 
509 
217 
863 
391 
347 
402 
79 
790 
90 
2 
364 
210 
721 
1 
15 
14 
96 
847 
146 
101 
90 
6 
858 
511 
27 
3 
2 
44 
95 
17 
674 
2 
276 
438 
2 
850 
26 
3 
1 
436 
306 
42 
351 
251 
6 
335 
26 
381 
25 
952 
6 
1 
733 
969 
797 
78 
34 
47 
7 
62 
502 
827 
3 
9 
303 
97 
311 
562 
83 
25 
115 
64 
40 
36 
455 
32 
2 
272 
779 
591 
180 
35 
267 
434 
6 
94 
285 
22 
7 
40 
18 
624 
108 
202 
145 
112 
45 
297 
19 
864 
758 
345 
2 
1 
174 
326 
861 
359 
412 
52 
720 
449 
516 
92 
8 
31 
4 
19 
328 
355 
494 
654 
96 
361 
182 
935 
8 
133 
12 
186 
16 
172 
789 
963 
20 
20 
335 
40 
25 
15 
946 
497 
928 
601 
48 
12 
213 
46 
994 
117 
8 
191 
10 
85 
621 
5 
14 
206 
1 
105 
103 
2 
545 
17 
18 
24 
223 
456 
946 
113 
5 
112 
26 
583 
362 
538 
695 
88 
75 
213 
129 
7 
152 
968 
28 
1 
12 
2 
87 
13 
9 
217 
38 
75 
541 
977 
28 
56 
100 
30 
928 
888 
423 
181 
2 
556 
194 
849 
6 
288 
127 
51 
53 
1 
64 
11 
66 
12 
1 
513 
110 
557 
164 
912 
185 
140 
84 
42 
463 
23 
592 
333 
156 
493 
539 
362 
168 
594 
142 
895 
473 
65 
762 
33 
147 
20 
18 
795 
171 
45 
4 
397 
977 
40 
78 
7 
523 
458 
18 
64 
3 
144 
51 
38 
71 
163 
5 
751 
500 
174 
552 
443 
364 
478 
24 
12 
34 
3 
24 
41 
90 
195 
564 
8 
90 
2 
23 
1 
53 
19 
38 
325 
10 
802 
830 
1 
108 
2 
44 
605 
31 
880 
1 
6 
624 
574 
600 
2 
7 
767 
81 
134 
44 
313 
251 
963 
2 
67 
122 
2 
139 
624 
570 
124 
597 
297 
48 
96 
532 
6 
15 
315 
244 
867 
766 
508 
403 
260 
173 
7 
11 
20 
780 
208 
337 
635 
19 
13 
39 
156 
192 
2 
135 
64 
253 
4 
411 
80 
777 
237 
11 
985 
142 
153 
39 
5 
484 
379 
36 
566 
2 
266 
196 
1 
35 
37 
230 
26 
50 
515 
346 
159 
158 
299 
301 
324 
14 
32 
881 
849 
66 
42 
445 
30 
8 
45 
691 
6 
199 
314 
622 
7 
37 
10 
177 
455 
612 
67 
290 
185 
335 
213 
212 
562 
92 
940 
40 
325 
128 
219 
22 
218 
34 
466 
7 
18 
838 
644 
862 
42 
511 
1 
320 
87 
293 
321 
272 
526 
270 
10 
679 
901 
265 
6 
494 
1 
1 
3 
502 
1 
8 
26 
249 
414 
231 
360 
316 
430 
6 
17 
205 
216 
46 
193 
1 
11 
306 
598 
63 
644 
916 
19 
40 
6 
149 
543 
609 
347 
5 
135 
38 
831 
1 
70 
31 
503 
282 
714 
274 
287 
1 
17 
11 
294 
228 
692 
65 
189 
909 
51 
702 
557 
1 
20 
1 
13 
215 
14 
610 
985 
3 
70 
148 
467 
848 
448 
254 
5 
575 
714 
135 
5 
342 
277 
5 
289 
389 
105 
43 
29 
696 
758 
535 
75 
332 
122 
256 
18 
30 
122 
632 
124 
108 
34 
326 
454 
24 
256 
854 
675 
1 
2 
6 
625 
973 
116 
4 
739 
49 
390 
31 
291 
17 
750 
782 
683 
40 
348 
9 
38 
671 
26 
31 
173 
60 
749 
216 
4 
395 
347 
456 
2 
28 
693 
123 
40 
221 
22 
15 
44 
57 
297 
123 
1 
113 
817 
988 
55 
220 
226 
33 
318 
45 
275 
397 
380 
6 
962 
347 
60 
129 
54 
413 
482 
786 
16 
4 
93 
724 
583 
120 
543 
75 
6 
19 
2 
217 
265 
568 
485 
206 
2 
6 
17 
149 
251 
338 
39 
1 
207 
6 
16 
721 
19 
1 
243 
202 
15 
96 
11 
438 
734 
676 
12 
174 
78 
673 
97 
903 
775 
376 
41 
1 
611 
447 
897 
252 
373 
35 
146 
941 
263 
3 
222 
856 
282 
8 
945 
201 
831 
14 
85 
209 
44 
55 
971 
3 
786 
802 
23 
71 
292 
116 
512 
342 
810 
46 
750 
781 
155 
875 
703 
5 
825 
324 
586 
9 
364 
66 
432 
200 
15 
3 
1 
4 
774 
15 
837 
41 
59 
853 
733 
8 
196 
15 
281 
126 
553 
246 
1 
17 
98 
1 
493 
11 
1 
74 
834 
312 
55 
83 
723 
71 
112 
718 
25 
218 
1 
527 
373 
949 
206 
68 
4 
342 
15 
24 
14 
32 
291 
9 
759 
761 
591 
908 
7 
981 
872 
11 
11 
167 
582 
82 
187 
249 
193 
28 
840 
343 
18 
414 
9 
601 
26 
281 
18 
61 
228 
62 
1 
196 
602 
39 
149 
161 
226 
2 
51 
622 
771 
533 
3 
98 
11 
1 
517 
852 
29 
371 
788 
16 
257 
43 
66 
121 
1 
178 
19 
15 
371 
123 
1 
458 
398 
30 
70 
1 
149 
1 
252 
267 
140 
528 
197 
500 
31 
6 
571 
24 
682 
66 
7 
648 
565 
22 
332 
643 
159 
894 
525 
552 
143 
895 
64 
287 
804 
74 
5 
30 
1 
120 
667 
86 
489 
102 
162 
1 
849 
208 
92 
200 
53 
29 
418 
2 
3 
109 
191 
244 
1 
42 
906 
3 
24 
119 
38 
912 
2 
30 
763 
283 
152 
503 
45 
266 
69 
806 
63 
17 
162 
345 
2 
669 
690 
409 
642 
201 
1 
195 
56 
28 
1 
597 
78 
