1 
1 
1 
226 
14 
342 
36 
54 
55 
74 
2 
5 
202 
16 
53 
11 
34 
1 
2 
106 
27 
82 
282 
59 
373 
9 
317 
11 
25 
164 
17 
2 
2 
37 
636 
180 
1 
1 
751 
734 
912 
563 
394 
1 
9 
140 
1 
2 
6 
81 
4 
475 
674 
8 
598 
26 
646 
6 
16 
77 
11 
1 
4 
118 
649 
827 
4 
302 
140 
147 
1 
2 
9 
22 
11 
287 
102 
44 
2 
5 
176 
1 
3 
90 
807 
1 
639 
437 
984 
3 
576 
62 
446 
3 
307 
370 
19 
311 
5 
24 
19 
329 
19 
52 
10 
133 
50 
14 
16 
954 
197 
949 
56 
3 
996 
318 
16 
268 
290 
1 
305 
7 
1 
22 
9 
238 
87 
724 
60 
110 
2 
9 
8 
62 
2 
3 
992 
6 
262 
364 
295 
197 
61 
7 
578 
15 
4 
96 
1 
691 
282 
251 
1 
154 
119 
1 
1 
9 
900 
52 
935 
453 
3 
180 
10 
9 
47 
4 
139 
17 
1 
2 
320 
19 
130 
734 
1 
2 
15 
197 
422 
172 
71 
63 
9 
296 
56 
15 
1 
632 
374 
1 
436 
110 
1 
263 
165 
1 
94 
153 
92 
172 
660 
189 
450 
22 
20 
3 
487 
22 
168 
1 
97 
511 
834 
301 
45 
207 
768 
5 
2 
8 
274 
98 
275 
701 
28 
64 
152 
26 
747 
3 
30 
3 
158 
711 
300 
130 
101 
3 
1 
96 
324 
63 
730 
255 
973 
10 
1 
759 
1 
1 
7 
468 
119 
28 
66 
59 
196 
254 
229 
183 
350 
209 
3 
1 
280 
277 
203 
3 
171 
139 
3 
5 
108 
15 
9 
15 
37 
14 
118 
2 
106 
577 
829 
122 
2 
7 
446 
48 
181 
14 
678 
1 
584 
456 
348 
2 
129 
32 
131 
1 
31 
2 
62 
402 
463 
117 
154 
786 
2 
8 
54 
271 
191 
178 
4 
19 
620 
618 
89 
64 
702 
102 
2 
10 
78 
272 
4 
60 
2 
861 
4 
135 
444 
3 
11 
180 
847 
1 
36 
47 
3 
490 
367 
122 
247 
98 
133 
244 
4 
18 
9 
527 
646 
8 
32 
341 
26 
6 
188 
3 
7 
4 
34 
28 
4 
358 
903 
343 
118 
200 
107 
6 
17 
211 
219 
82 
215 
1 
763 
127 
11 
1 
35 
1 
873 
193 
21 
10 
14 
901 
81 
1 
237 
4 
106 
30 
3 
303 
2 
1 
16 
233 
21 
12 
102 
908 
80 
76 
2 
494 
5 
8 
366 
58 
127 
17 
411 
36 
45 
476 
213 
5 
132 
8 
18 
227 
127 
176 
61 
204 
66 
654 
27 
1 
537 
11 
1 
718 
164 
701 
55 
18 
17 
925 
405 
89 
451 
705 
565 
1 
51 
186 
551 
272 
418 
2 
1 
42 
88 
7 
843 
2 
123 
169 
3 
24 
764 
235 
695 
36 
1 
46 
420 
64 
216 
85 
1 
252 
959 
404 
11 
197 
834 
5 
71 
1 
606 
5 
999 
977 
36 
63 
1 
18 
526 
380 
86 
10 
765 
895 
427 
586 
10 
25 
830 
16 
38 
19 
999 
150 
596 
883 
22 
4 
337 
383 
899 
54 
105 
5 
6 
99 
111 
466 
327 
186 
129 
808 
197 
35 
926 
96 
292 
1 
125 
965 
9 
17 
4 
519 
312 
816 
41 
172 
277 
168 
907 
2 
256 
154 
3 
76 
526 
658 
23 
195 
9 
737 
221 
35 
390 
23 
515 
310 
49 
9 
30 
694 
821 
255 
3 
1 
202 
237 
570 
33 
759 
1 
4 
23 
44 
83 
276 
2 
34 
130 
34 
534 
91 
392 
27 
2 
161 
233 
453 
189 
49 
1 
33 
26 
10 
4 
82 
5 
55 
364 
190 
282 
153 
206 
844 
2 
256 
1 
160 
565 
80 
350 
639 
467 
121 
16 
7 
13 
1 
312 
141 
190 
554 
18 
60 
10 
664 
316 
438 
788 
82 
7 
928 
3 
331 
64 
101 
99 
26 
141 
16 
125 
131 
12 
25 
338 
614 
378 
5 
6 
81 
550 
4 
42 
660 
145 
6 
107 
34 
368 
103 
3 
34 
380 
1 
250 
27 
9 
102 
2 
278 
173 
291 
45 
57 
59 
1 
205 
31 
457 
412 
5 
746 
18 
448 
151 
7 
13 
146 
27 
391 
40 
629 
28 
858 
133 
281 
103 
9 
1 
541 
13 
48 
6 
127 
17 
858 
556 
1 
48 
387 
637 
76 
6 
3 
649 
8 
136 
14 
653 
511 
244 
16 
9 
525 
12 
181 
12 
89 
622 
21 
391 
14 
33 
62 
131 
9 
520 
4 
7 
1 
9 
1 
79 
8 
588 
11 
173 
1 
938 
26 
174 
81 
567 
4 
428 
103 
351 
36 
1 
276 
200 
59 
143 
619 
174 
713 
420 
716 
771 
785 
57 
19 
16 
67 
7 
331 
1 
2 
41 
19 
9 
69 
76 
94 
6 
31 
9 
5 
34 
138 
13 
52 
6 
648 
9 
841 
259 
3 
83 
8 
96 
32 
193 
974 
1 
272 
95 
804 
342 
1 
141 
241 
1 
600 
292 
18 
26 
376 
43 
86 
88 
1 
5 
2 
6 
1 
645 
681 
1 
1 
86 
903 
169 
4 
473 
226 
679 
3 
444 
1 
61 
15 
665 
597 
31 
54 
145 
959 
590 
161 
990 
744 
67 
44 
6 
614 
197 
391 
15 
688 
273 
225 
143 
1 
131 
283 
160 
98 
246 
67 
806 
1 
432 
56 
7 
32 
865 
142 
10 
419 
121 
29 
977 
2 
511 
3 
6 
5 
41 
1 
566 
3 
233 
115 
5 
26 
26 
504 
96 
5 
467 
1 
34 
1 
4 
349 
3 
25 
226 
982 
2 
40 
221 
1 
12 
1 
25 
2 
32 
79 
21 
24 
127 
3 
345 
318 
551 
293 
951 
43 
148 
173 
103 
207 
38 
288 
28 
61 
563 
72 
287 
828 
271 
1 
120 
12 
45 
123 
369 
949 
706 
1 
507 
24 
224 
205 
15 
553 
5 
35 
122 
327 
7 
10 
354 
299 
261 
236 
16 
523 
4 
423 
16 
22 
145 
832 
109 
28 
9 
168 
781 
25 
253 
266 
220 
9 
18 
113 
57 
20 
807 
104 
381 
1 
910 
2 
131 
20 
250 
469 
947 
278 
36 
4 
890 
27 
741 
1 
46 
1 
190 
151 
14 
452 
517 
878 
18 
166 
75 
840 
11 
110 
47 
315 
6 
786 
345 
14 
102 
661 
120 
5 
73 
90 
179 
547 
6 
136 
835 
180 
462 
1 
254 
556 
323 
1 
14 
44 
240 
4 
145 
2 
1 
153 
1 
12 
1 
9 
811 
10 
30 
10 
2 
4 
203 
801 
953 
485 
7 
164 
410 
6 
525 
88 
634 
11 
346 
26 
202 
449 
14 
27 
30 
410 
35 
11 
2 
189 
316 
84 
153 
233 
27 
415 
14 
3 
32 
15 
143 
962 
1 
917 
23 
44 
7 
277 
71 
14 
55 
534 
4 
554 
28 
1 
281 
14 
1 
222 
53 
3 
764 
162 
540 
14 
141 
705 
25 
143 
4 
939 
715 
5 
11 
369 
1 
294 
205 
4 
22 
17 
4 
515 
207 
1 
1 
336 
107 
661 
464 
199 
135 
9 
346 
809 
109 
4 
77 
468 
417 
13 
30 
1 
843 
14 
9 
1 
658 
508 
95 
581 
1 
960 
2 
2 
1 
176 
1 
129 
229 
273 
606 
139 
71 
205 
501 
10 
859 
72 
119 
33 
76 
192 
4 
46 
471 
7 
417 
12 
54 
642 
85 
21 
13 
573 
422 
778 
34 
233 
684 
317 
290 
392 
475 
1 
141 
16 
68 
6 
3 
1 
603 
30 
602 
209 
970 
11 
5 
2 
8 
657 
218 
4 
76 
1 
873 
149 
2 
248 
28 
584 
2 
208 
670 
443 
41 
313 
20 
177 
361 
89 
38 
291 
147 
4 
117 
101 
333 
116 
9 
60 
320 
1 
4 
475 
7 
631 
2 
225 
93 
11 
16 
724 
13 
54 
110 
89 
8 
327 
15 
17 
389 
171 
1 
40 
1 
1 
376 
382 
781 
11 
115 
571 
3 
7 
2 
376 
61 
210 
3 
27 
259 
1000 
973 
766 
427 
35 
149 
442 
28 
1 
167 
160 
3 
931 
573 
717 
40 
57 
6 
553 
7 
891 
133 
233 
54 
120 
352 
1 
212 
5 
829 
19 
10 
240 
59 
830 
714 
43 
700 
1 
23 
874 
336 
7 
35 
629 
41 
115 
522 
969 
741 
1 
256 
221 
29 
630 
157 
76 
92 
907 
13 
423 
76 
435 
616 
780 
42 
147 
1 
430 
73 
124 
28 
95 
583 
916 
42 
978 
375 
98 
22 
13 
402 
217 
16 
3 
15 
399 
399 
466 
87 
45 
151 
313 
14 
242 
60 
754 
146 
2 
2 
93 
38 
379 
69 
92 
29 
88 
34 
25 
1 
47 
52 
142 
29 
42 
4 
145 
317 
128 
338 
866 
124 
6 
9 
107 
1 
18 
185 
33 
3 
24 
594 
639 
80 
280 
868 
7 
12 
2 
2 
21 
37 
38 
658 
94 
82 
221 
41 
381 
1 
214 
37 
3 
1 
179 
318 
1 
47 
190 
3 
337 
1 
591 
288 
38 
225 
12 
9 
8 
312 
10 
13 
3 
67 
75 
1 
873 
5 
172 
11 
73 
196 
15 
20 
45 
16 
13 
27 
97 
622 
3 
226 
72 
503 
20 
137 
1 
4 
468 
20 
241 
179 
30 
753 
20 
1 
94 
15 
160 
1 
395 
444 
114 
198 
419 
24 
624 
761 
26 
249 
17 
362 
454 
1 
86 
801 
14 
41 
1 
457 
33 
66 
1 
9 
486 
2 
592 
948 
2 
1 
42 
869 
771 
4 
53 
4 
280 
470 
64 
687 
1 
61 
7 
25 
1 
436 
30 
200 
57 
95 
435 
3 
851 
14 
4 
1 
352 
113 
490 
384 
6 
42 
237 
9 
6 
224 
48 
2 
133 
845 
5 
993 
85 
953 
121 
96 
19 
35 
99 
14 
550 
18 
179 
7 
29 
9 
240 
39 
933 
3 
63 
631 
15 
246 
6 
177 
550 
27 
6 
119 
1 
26 
352 
890 
29 
2 
180 
13 
833 
172 
280 
18 
13 
9 
332 
47 
90 
188 
10 
9 
6 
418 
54 
17 
21 
34 
2 
463 
35 
612 
32 
142 
62 
2 
542 
3 
15 
72 
102 
149 
289 
2 
14 
2 
876 
100 
55 
4 
779 
19 
503 
69 
3 
105 
22 
7 
11 
141 
356 
1 
412 
808 
1 
308 
89 
482 
822 
4 
429 
93 
48 
556 
47 
167 
48 
4 
1 
995 
509 
217 
318 
38 
2 
989 
3 
23 
543 
866 
4 
25 
284 
1 
16 
43 
342 
3 
645 
460 
582 
19 
5 
24 
235 
116 
936 
8 
267 
62 
15 
29 
33 
1 
153 
346 
62 
213 
92 
200 
28 
61 
479 
612 
227 
219 
6 
215 
67 
63 
353 
187 
158 
22 
12 
139 
28 
906 
22 
302 
17 
911 
2 
4 
4 
801 
218 
380 
12 
650 
189 
141 
9 
81 
317 
1 
4 
6 
242 
32 
48 
475 
101 
91 
46 
32 
260 
419 
7 
55 
2 
282 
1 
14 
315 
85 
55 
28 
862 
9 
553 
11 
14 
1 
258 
72 
48 
289 
13 
1 
19 
683 
34 
402 
17 
39 
4 
1 
1 
71 
331 
413 
227 
1 
6 
240 
227 
401 
29 
7 
3 
6 
6 
5 
8 
190 
30 
2 
6 
775 
190 
6 
12 
59 
854 
20 
772 
172 
43 
307 
2 
122 
59 
129 
40 
1 
905 
183 
26 
490 
343 
644 
29 
191 
150 
828 
2 
1 
949 
27 
256 
10 
591 
658 
383 
185 
2 
146 
7 
303 
107 
26 
109 
429 
225 
23 
326 
486 
27 
666 
704 
1 
1 
1 
6 
51 
180 
653 
166 
60 
2 
6 
184 
411 
102 
147 
1 
177 
314 
564 
17 
222 
299 
737 
125 
299 
5 
284 
2 
338 
33 
5 
48 
248 
45 
934 
2 
218 
603 
434 
4 
20 
21 
467 
3 
78 
10 
787 
193 
1 
1 
31 
5 
185 
2 
39 
74 
361 
276 
276 
810 
494 
19 
10 
98 
180 
6 
865 
20 
64 
56 
12 
446 
435 
384 
620 
3 
673 
47 
137 
8 
798 
469 
21 
1 
672 
490 
520 
513 
23 
1 
76 
50 
8 
20 
13 
6 
314 
121 
188 
113 
253 
12 
212 
4 
12 
114 
66 
151 
817 
240 
17 
1 
98 
8 
5 
976 
51 
505 
321 
919 
141 
379 
11 
3 
99 
132 
92 
66 
228 
637 
19 
177 
2 
100 
59 
68 
90 
107 
160 
674 
487 
638 
2 
121 
426 
32 
241 
7 
440 
8 
359 
269 
14 
15 
1 
1 
16 
273 
20 
114 
16 
111 
36 
1 
136 
812 
124 
21 
217 
12 
240 
42 
104 
62 
72 
2 
5 
4 
229 
675 
92 
3 
776 
1 
961 
24 
89 
11 
24 
749 
570 
1 
43 
2 
210 
2 
370 
440 
196 
132 
1 
1 
73 
696 
55 
83 
157 
421 
732 
45 
55 
154 
593 
7 
10 
905 
281 
227 
42 
86 
381 
556 
129 
39 
48 
357 
3 
41 
535 
124 
6 
429 
8 
633 
417 
186 
14 
2 
37 
521 
4 
37 
1 
11 
83 
170 
127 
9 
94 
627 
658 
82 
1 
1 
103 
1 
499 
120 
2 
258 
753 
749 
1 
278 
1 
339 
54 
3 
6 
38 
88 
532 
316 
256 
205 
697 
1 
395 
15 
875 
291 
23 
135 
24 
79 
25 
676 
66 
111 
9 
348 
7 
107 
6 
518 
485 
19 
373 
54 
82 
18 
21 
9 
2 
61 
742 
1 
15 
7 
14 
587 
75 
326 
261 
2 
366 
835 
1 
106 
83 
442 
2 
112 
362 
30 
106 
68 
5 
4 
852 
11 
3 
459 
70 
113 
214 
29 
624 
828 
36 
127 
2 
448 
767 
22 
30 
128 
914 
20 
30 
71 
4 
32 
72 
66 
178 
141 
432 
72 
98 
124 
69 
3 
141 
29 
591 
665 
1 
539 
9 
4 
1 
103 
17 
36 
115 
54 
5 
6 
924 
129 
1 
47 
822 
150 
179 
129 
482 
232 
60 
596 
27 
830 
146 
16 
1 
1 
7 
45 
178 
4 
15 
191 
189 
229 
558 
41 
75 
3 
13 
379 
8 
805 
523 
369 
1 
270 
186 
423 
1 
504 
17 
31 
12 
1 
447 
3 
810 
383 
7 
882 
185 
274 
280 
190 
61 
267 
289 
864 
166 
95 
6 
1 
1 
690 
77 
570 
8 
2 
31 
4 
184 
12 
17 
448 
31 
1 
174 
35 
461 
581 
207 
370 
394 
942 
70 
867 
6 
2 
18 
35 
40 
1 
405 
123 
12 
84 
571 
11 
2 
440 
626 
387 
12 
334 
17 
27 
21 
62 
3 
867 
13 
43 
4 
257 
327 
83 
59 
4 
144 
15 
47 
2 
1 
120 
1 
74 
138 
168 
564 
3 
5 
787 
2 
46 
947 
37 
23 
30 
365 
12 
316 
402 
1 
2 
2 
41 
16 
619 
2 
6 
518 
138 
13 
86 
70 
448 
22 
20 
147 
149 
629 
214 
20 
1 
78 
595 
387 
566 
25 
817 
491 
163 
24 
95 
29 
3 
474 
3 
1 
626 
289 
72 
88 
1 
3 
55 
125 
83 
69 
2 
607 
135 
23 
45 
297 
20 
356 
630 
18 
5 
17 
89 
140 
10 
103 
111 
895 
1 
934 
303 
1 
758 
1 
436 
77 
7 
1 
751 
1 
33 
4 
12 
20 
968 
1 
402 
93 
5 
3 
3 
10 
270 
19 
102 
15 
51 
73 
4 
409 
352 
2 
1 
946 
95 
642 
102 
814 
884 
4 
210 
6 
8 
63 
309 
258 
22 
11 
273 
770 
241 
341 
77 
190 
109 
53 
320 
6 
5 
72 
161 
36 
18 
48 
2 
736 
8 
1 
108 
592 
1 
8 
732 
1 
8 
997 
10 
8 
37 
69 
9 
11 
17 
93 
61 
26 
763 
314 
244 
125 
16 
134 
227 
145 
4 
1 
908 
86 
21 
31 
31 
54 
437 
229 
196 
75 
4 
586 
103 
77 
2 
7 
28 
982 
823 
10 
32 
731 
719 
419 
63 
282 
80 
187 
676 
331 
45 
92 
3 
11 
93 
39 
529 
769 
152 
803 
89 
687 
1 
144 
127 
27 
1 
521 
391 
44 
373 
25 
96 
14 
53 
666 
473 
11 
4 
352 
173 
1 
5 
637 
258 
750 
55 
103 
278 
5 
181 
6 
491 
507 
2 
85 
365 
9 
2 
109 
66 
328 
353 
16 
2 
7 
915 
12 
133 
810 
13 
229 
80 
9 
831 
243 
460 
184 
585 
795 
6 
5 
5 
177 
679 
55 
182 
2 
615 
425 
14 
1 
157 
738 
9 
744 
789 
3 
4 
20 
174 
12 
221 
165 
58 
79 
922 
605 
26 
3 
507 
2 
2 
2 
5 
196 
1 
862 
764 
2 
633 
7 
10 
228 
779 
68 
43 
263 
34 
509 
175 
203 
84 
35 
6 
64 
40 
234 
8 
520 
3 
385 
614 
209 
16 
2 
11 
749 
575 
671 
518 
6 
215 
371 
721 
2 
83 
375 
457 
15 
121 
6 
555 
3 
186 
68 
102 
1 
537 
1 
9 
486 
717 
169 
9 
677 
168 
849 
888 
869 
67 
146 
128 
22 
5 
215 
8 
227 
759 
645 
81 
104 
29 
150 
17 
1 
37 
6 
16 
21 
30 
540 
1 
3 
13 
593 
721 
135 
8 
15 
629 
42 
1 
355 
177 
97 
514 
60 
4 
7 
559 
1 
336 
437 
1 
1 
1 
49 
4 
11 
551 
74 
22 
442 
570 
64 
27 
41 
114 
17 
609 
87 
69 
794 
4 
11 
14 
74 
525 
366 
962 
78 
345 
23 
10 
227 
441 
108 
309 
812 
1 
1 
652 
144 
103 
864 
1 
5 
137 
565 
13 
106 
149 
695 
9 
432 
624 
1 
176 
426 
5 
490 
3 
4 
4 
1 
748 
629 
346 
961 
641 
151 
4 
355 
629 
1 
1 
2 
25 
850 
53 
161 
437 
1 
98 
836 
95 
9 
6 
63 
34 
826 
599 
2 
35 
107 
467 
306 
60 
58 
254 
78 
1 
3 
1 
419 
38 
4 
103 
122 
67 
300 
481 
748 
432 
388 
541 
9 
3 
61 
494 
748 
45 
107 
32 
17 
135 
53 
14 
89 
122 
12 
5 
49 
532 
218 
677 
682 
3 
123 
10 
16 
13 
27 
608 
953 
10 
10 
118 
10 
11 
9 
343 
4 
239 
20 
466 
215 
152 
90 
676 
1 
157 
344 
16 
1 
8 
636 
43 
4 
41 
93 
71 
41 
641 
25 
14 
14 
336 
24 
15 
20 
337 
2 
13 
70 
2 
115 
70 
614 
464 
2 
745 
5 
648 
30 
128 
99 
95 
30 
228 
6 
5 
12 
844 
444 
10 
21 
35 
379 
569 
451 
111 
68 
26 
70 
2 
12 
131 
21 
874 
22 
206 
269 
5 
291 
506 
15 
238 
126 
294 
279 
317 
3 
9 
906 
54 
971 
24 
2 
925 
108 
49 
51 
1 
114 
1 
580 
53 
344 
1 
804 
176 
407 
93 
357 
39 
5 
49 
88 
14 
14 
873 
22 
32 
59 
691 
971 
230 
9 
758 
679 
616 
7 
3 
194 
865 
849 
335 
54 
16 
495 
1 
220 
420 
37 
867 
23 
377 
6 
535 
60 
42 
92 
286 
60 
147 
7 
57 
2 
847 
422 
672 
158 
1 
945 
59 
612 
113 
43 
51 
41 
369 
26 
153 
8 
16 
2 
584 
1 
23 
860 
254 
1 
1 
1 
2 
579 
4 
12 
71 
82 
83 
51 
11 
65 
836 
140 
197 
1 
124 
21 
219 
59 
2 
9 
186 
4 
780 
918 
915 
861 
41 
559 
370 
150 
194 
2 
3 
120 
634 
677 
137 
155 
187 
32 
777 
1 
2 
351 
393 
291 
107 
270 
362 
6 
48 
11 
80 
404 
886 
2 
111 
221 
3 
2 
132 
7 
51 
895 
21 
9 
1 
15 
443 
96 
488 
26 
398 
151 
251 
204 
578 
4 
795 
386 
1 
509 
487 
2 
1 
14 
829 
3 
1 
409 
619 
26 
4 
1 
769 
10 
33 
934 
330 
635 
134 
3 
342 
158 
8 
926 
545 
205 
18 
134 
89 
328 
7 
9 
261 
105 
641 
715 
6 
234 
759 
82 
45 
21 
350 
18 
690 
3 
73 
19 
20 
755 
975 
171 
19 
35 
5 
683 
557 
155 
1 
3 
11 
44 
557 
24 
224 
515 
44 
1 
8 
64 
599 
136 
53 
637 
48 
38 
420 
599 
446 
421 
118 
3 
206 
171 
1 
759 
2 
114 
116 
70 
74 
637 
317 
774 
2 
40 
98 
49 
33 
250 
4 
13 
300 
174 
78 
7 
587 
543 
364 
56 
2 
87 
2 
2 
371 
420 
26 
983 
493 
834 
95 
46 
13 
825 
8 
177 
36 
221 
102 
49 
82 
901 
161 
22 
4 
6 
186 
485 
3 
189 
25 
5 
2 
836 
2 
22 
204 
2 
11 
40 
186 
8 
55 
3 
17 
5 
19 
334 
193 
45 
581 
7 
26 
23 
889 
33 
44 
616 
73 
653 
980 
2 
390 
855 
155 
77 
230 
23 
8 
716 
60 
353 
168 
6 
297 
1 
3 
224 
124 
510 
9 
20 
888 
70 
21 
858 
597 
10 
119 
6 
33 
565 
488 
19 
96 
135 
708 
30 
17 
14 
1 
875 
199 
4 
101 
1 
12 
1 
8 
21 
1 
73 
89 
68 
19 
28 
26 
1 
577 
147 
2 
144 
1 
43 
154 
478 
64 
11 
39 
1 
277 
6 
2 
2 
21 
381 
171 
72 
254 
297 
205 
131 
53 
30 
21 
141 
797 
264 
3 
8 
313 
89 
225 
15 
89 
3 
78 
43 
15 
456 
693 
53 
3 
85 
285 
920 
263 
35 
17 
204 
2 
625 
225 
26 
626 
64 
4 
3 
67 
1 
8 
15 
8 
21 
713 
887 
83 
78 
206 
807 
63 
55 
730 
3 
340 
262 
273 
201 
797 
122 
65 
245 
139 
818 
57 
114 
120 
47 
92 
6 
295 
115 
45 
30 
243 
12 
24 
22 
2 
10 
6 
171 
177 
28 
2 
2 
38 
1 
515 
15 
53 
632 
755 
302 
110 
33 
739 
2 
433 
69 
28 
240 
36 
2 
12 
10 
35 
7 
27 
35 
355 
2 
65 
6 
17 
484 
15 
283 
412 
67 
271 
435 
69 
244 
7 
586 
137 
18 
107 
3 
30 
3 
71 
29 
17 
29 
279 
27 
49 
33 
4 
1 
2 
46 
181 
172 
449 
3 
1 
807 
1 
15 
10 
11 
5 
3 
47 
277 
474 
2 
145 
5 
861 
219 
468 
25 
2 
1 
2 
7 
314 
277 
715 
631 
3 
111 
119 
102 
631 
120 
15 
6 
158 
896 
1 
370 
45 
37 
20 
682 
32 
413 
143 
10 
753 
126 
52 
363 
656 
304 
236 
3 
313 
41 
480 
319 
930 
186 
39 
497 
9 
50 
118 
1 
147 
354 
10 
9 
10 
131 
17 
81 
675 
162 
104 
328 
1 
133 
31 
5 
144 
116 
51 
228 
675 
356 
7 
1 
28 
941 
20 
90 
201 
5 
2 
7 
12 
1 
339 
616 
25 
61 
36 
21 
839 
214 
2 
656 
42 
476 
461 
718 
262 
4 
94 
265 
154 
25 
12 
139 
8 
982 
160 
319 
430 
1 
4 
714 
398 
41 
213 
999 
152 
31 
254 
438 
273 
33 
554 
1 
75 
52 
974 
167 
606 
104 
675 
15 
8 
13 
436 
1 
6 
1 
663 
7 
162 
35 
822 
8 
151 
16 
94 
1 
16 
811 
1 
275 
16 
1 
122 
604 
451 
75 
416 
23 
586 
489 
15 
794 
367 
976 
939 
607 
84 
194 
4 
12 
40 
47 
52 
187 
536 
1 
387 
125 
61 
6 
3 
777 
232 
3 
242 
204 
1 
212 
141 
1 
1 
1 
28 
10 
52 
193 
36 
4 
163 
1 
634 
900 
5 
42 
17 
68 
6 
838 
4 
180 
149 
341 
1 
999 
673 
3 
15 
301 
614 
1 
421 
1 
496 
4 
3 
60 
444 
9 
514 
279 
249 
91 
48 
674 
76 
587 
564 
257 
314 
894 
32 
28 
522 
14 
349 
582 
419 
17 
128 
472 
2 
428 
3 
88 
25 
85 
4 
121 
731 
55 
953 
5 
113 
294 
1 
9 
1 
105 
476 
110 
40 
14 
132 
12 
195 
538 
197 
46 
4 
87 
7 
569 
190 
626 
46 
6 
419 
3 
869 
81 
497 
978 
15 
110 
43 
339 
1 
551 
903 
11 
214 
392 
4 
86 
3 
12 
140 
260 
634 
64 
31 
341 
85 
361 
283 
6 
619 
493 
851 
1 
4 
12 
552 
1 
36 
197 
528 
2 
724 
7 
230 
196 
766 
90 
6 
3 
3 
6 
5 
64 
492 
66 
780 
7 
266 
2 
531 
169 
270 
4 
249 
2 
549 
547 
93 
2 
7 
4 
484 
2 
144 
690 
40 
67 
1 
2 
19 
844 
11 
617 
72 
54 
19 
82 
29 
976 
8 
137 
438 
89 
121 
79 
36 
499 
181 
1 
40 
4 
7 
15 
911 
204 
962 
9 
576 
1 
474 
27 
621 
9 
1 
1 
252 
837 
23 
52 
739 
656 
3 
2 
125 
585 
37 
225 
75 
50 
12 
82 
552 
73 
42 
66 
145 
197 
550 
33 
917 
137 
375 
157 
959 
244 
203 
73 
315 
119 
1 
178 
250 
15 
8 
343 
496 
93 
5 
18 
250 
25 
943 
3 
77 
142 
25 
1 
122 
740 
28 
108 
5 
92 
43 
7 
370 
1 
43 
54 
24 
6 
7 
173 
454 
62 
17 
430 
1 
12 
11 
15 
771 
293 
246 
159 
4 
949 
98 
47 
498 
17 
465 
119 
75 
6 
146 
161 
20 
371 
192 
877 
75 
664 
5 
381 
54 
159 
26 
3 
226 
781 
350 
504 
915 
807 
144 
2 
6 
5 
181 
181 
28 
1 
29 
118 
197 
10 
3 
220 
679 
13 
756 
109 
23 
640 
908 
1 
2 
879 
837 
12 
80 
1 
1 
57 
160 
392 
62 
405 
504 
394 
569 
6 
49 
58 
11 
139 
8 
319 
1 
283 
765 
11 
8 
684 
14 
180 
392 
18 
229 
384 
893 
101 
17 
1 
139 
36 
94 
46 
173 
120 
14 
528 
461 
3 
77 
14 
266 
410 
186 
951 
47 
264 
556 
486 
1 
130 
14 
27 
868 
32 
58 
1 
379 
14 
17 
13 
882 
212 
52 
3 
439 
48 
993 
10 
48 
1 
7 
16 
633 
934 
137 
293 
9 
11 
1 
19 
5 
673 
680 
49 
400 
6 
55 
456 
57 
840 
6 
844 
4 
392 
790 
6 
4 
4 
107 
440 
1 
15 
48 
11 
260 
38 
3 
13 
828 
317 
999 
184 
95 
26 
226 
300 
359 
395 
637 
11 
42 
3 
28 
7 
2 
24 
225 
394 
59 
118 
692 
11 
854 
112 
13 
55 
66 
34 
13 
1 
14 
13 
938 
497 
319 
967 
42 
484 
17 
347 
29 
697 
946 
3 
888 
14 
180 
32 
744 
590 
2 
951 
77 
63 
86 
196 
268 
1 
674 
9 
155 
48 
203 
183 
39 
3 
736 
2 
616 
258 
186 
24 
179 
128 
727 
7 
225 
734 
56 
10 
272 
360 
39 
520 
134 
82 
483 
66 
102 
344 
114 
665 
513 
1 
45 
15 
184 
197 
666 
2 
369 
2 
4 
395 
238 
117 
375 
17 
469 
24 
623 
595 
169 
285 
912 
420 
8 
9 
27 
57 
4 
130 
23 
6 
131 
2 
17 
123 
404 
8 
64 
616 
216 
55 
4 
884 
277 
59 
975 
465 
274 
1 
70 
915 
84 
391 
367 
448 
606 
11 
9 
415 
58 
366 
210 
164 
3 
3 
75 
12 
255 
21 
244 
145 
1 
5 
504 
15 
137 
52 
2 
1 
29 
4 
56 
122 
863 
215 
1 
13 
124 
191 
48 
100 
50 
769 
4 
306 
20 
781 
138 
989 
8 
757 
79 
146 
17 
37 
329 
127 
12 
74 
236 
421 
39 
61 
704 
540 
542 
8 
308 
135 
71 
1 
625 
23 
30 
229 
34 
649 
19 
1 
150 
291 
258 
70 
541 
972 
58 
5 
863 
2 
232 
98 
392 
261 
674 
576 
556 
1 
64 
16 
633 
86 
75 
82 
63 
220 
2 
39 
232 
208 
941 
346 
1 
265 
971 
54 
442 
578 
1 
221 
17 
2 
134 
339 
55 
16 
537 
34 
153 
6 
2 
305 
289 
3 
229 
1 
419 
4 
14 
16 
14 
280 
638 
305 
174 
1 
5 
384 
75 
1 
698 
30 
932 
96 
67 
870 
204 
29 
12 
82 
10 
141 
121 
90 
5 
108 
5 
118 
6 
54 
603 
662 
507 
469 
137 
13 
322 
916 
320 
61 
67 
793 
1 
263 
119 
7 
146 
195 
691 
230 
69 
2 
558 
58 
74 
481 
5 
30 
270 
825 
2 
315 
18 
2 
5 
31 
65 
463 
408 
1 
92 
571 
463 
12 
96 
292 
29 
1 
146 
250 
191 
995 
315 
25 
617 
287 
355 
596 
2 
241 
45 
138 
32 
270 
3 
777 
19 
3 
824 
268 
17 
819 
590 
247 
411 
102 
245 
231 
5 
157 
3 
505 
2 
422 
43 
556 
823 
38 
119 
38 
1 
77 
288 
108 
474 
676 
8 
175 
245 
174 
181 
79 
782 
972 
1 
1 
223 
9 
2 
485 
656 
9 
93 
30 
148 
736 
471 
757 
244 
87 
106 
2 
102 
184 
106 
374 
449 
769 
3 
972 
63 
843 
16 
917 
18 
603 
1 
68 
845 
6 
121 
762 
170 
2 
107 
781 
27 
168 
539 
14 
1 
485 
64 
3 
95 
118 
176 
6 
746 
106 
682 
184 
79 
5 
438 
15 
188 
411 
5 
27 
890 
134 
9 
38 
3 
434 
8 
99 
642 
15 
2 
29 
40 
175 
734 
882 
200 
759 
25 
123 
850 
10 
443 
157 
159 
387 
295 
126 
9 
1 
3 
4 
75 
887 
566 
35 
199 
355 
47 
70 
167 
29 
1 
35 
490 
35 
69 
700 
245 
738 
34 
380 
122 
156 
203 
72 
14 
49 
222 
4 
350 
839 
3 
5 
796 
176 
12 
746 
159 
305 
662 
5 
158 
115 
27 
163 
353 
32 
29 
646 
69 
428 
42 
51 
45 
10 
298 
77 
78 
349 
21 
698 
795 
76 
426 
122 
950 
26 
2 
6 
417 
14 
463 
365 
104 
1 
327 
1 
3 
61 
8 
26 
529 
1 
786 
506 
1 
851 
610 
847 
32 
98 
5 
107 
30 
16 
38 
29 
699 
856 
289 
17 
3 
1 
94 
309 
766 
4 
15 
11 
236 
84 
713 
199 
1 
228 
271 
950 
47 
8 
175 
9 
26 
3 
22 
507 
16 
321 
2 
3 
7 
580 
48 
43 
378 
302 
3 
662 
6 
52 
2 
1 
267 
133 
98 
2 
287 
634 
485 
291 
4 
3 
1 
477 
254 
5 
136 
6 
2 
4 
14 
339 
751 
6 
798 
1 
1 
94 
9 
1 
5 
14 
145 
90 
40 
2 
242 
56 
167 
761 
211 
34 
85 
5 
238 
51 
76 
6 
7 
918 
325 
106 
946 
19 
1 
40 
590 
127 
1 
22 
86 
23 
508 
3 
114 
302 
26 
1 
7 
1 
10 
21 
601 
192 
18 
1 
486 
1 
1 
837 
144 
41 
590 
5 
82 
2 
433 
2 
845 
122 
23 
6 
198 
182 
2 
1 
178 
49 
140 
3 
2 
22 
507 
161 
2 
4 
254 
766 
130 
347 
86 
6 
10 
30 
313 
3 
145 
359 
1 
695 
148 
491 
330 
5 
383 
187 
4 
65 
192 
437 
877 
11 
24 
23 
382 
949 
12 
559 
403 
841 
332 
446 
12 
94 
1 
371 
777 
1 
25 
29 
471 
336 
3 
990 
1 
335 
671 
30 
27 
948 
27 
1 
18 
5 
657 
650 
354 
5 
332 
608 
6 
14 
337 
1 
294 
560 
30 
298 
95 
103 
371 
556 
461 
1 
773 
165 
36 
570 
618 
629 
214 
186 
402 
42 
118 
57 
51 
89 
350 
233 
539 
195 
18 
67 
17 
987 
4 
62 
839 
61 
8 
20 
7 
159 
46 
24 
701 
35 
1 
34 
29 
83 
615 
630 
1 
276 
441 
123 
109 
133 
4 
38 
85 
184 
211 
16 
738 
2 
27 
8 
2 
6 
124 
593 
26 
91 
11 
9 
58 
32 
28 
574 
79 
43 
506 
3 
19 
656 
67 
662 
2 
224 
83 
2 
293 
61 
6 
281 
69 
9 
623 
296 
6 
180 
16 
992 
150 
273 
145 
225 
56 
48 
159 
172 
197 
82 
807 
7 
30 
185 
428 
527 
1 
5 
799 
92 
233 
143 
11 
150 
1 
474 
429 
1 
6 
166 
98 
714 
984 
902 
14 
103 
12 
1 
5 
425 
754 
2 
85 
28 
69 
224 
254 
348 
3 
43 
25 
308 
170 
38 
37 
758 
20 
27 
112 
938 
121 
383 
3 
60 
101 
6 
69 
40 
13 
340 
139 
12 
414 
318 
21 
359 
190 
45 
29 
9 
9 
678 
984 
85 
24 
435 
1 
6 
134 
934 
233 
749 
55 
499 
200 
88 
983 
2 
379 
1 
2 
38 
345 
141 
341 
376 
1 
300 
17 
81 
42 
31 
34 
12 
7 
1 
64 
3 
97 
362 
285 
5 
274 
160 
380 
320 
224 
157 
785 
213 
903 
950 
10 
12 
115 
392 
2 
481 
27 
455 
6 
790 
95 
59 
18 
957 
232 
304 
464 
1 
135 
580 
72 
511 
788 
131 
1 
140 
5 
15 
274 
431 
536 
389 
329 
26 
183 
5 
109 
18 
347 
111 
64 
43 
2 
6 
4 
355 
10 
474 
11 
3 
974 
15 
327 
8 
269 
42 
122 
257 
232 
739 
709 
592 
719 
66 
14 
12 
4 
444 
167 
815 
6 
77 
752 
820 
9 
150 
83 
75 
639 
358 
142 
47 
5 
66 
465 
8 
434 
26 
949 
208 
217 
369 
609 
1 
602 
16 
322 
1 
11 
3 
693 
11 
27 
44 
8 
20 
4 
184 
16 
1 
415 
5 
627 
13 
18 
15 
14 
161 
1 
36 
849 
87 
1 
3 
132 
3 
75 
567 
359 
608 
2 
31 
495 
11 
255 
11 
16 
516 
11 
591 
93 
177 
260 
3 
39 
841 
523 
67 
343 
1 
183 
438 
105 
2 
31 
439 
57 
36 
738 
782 
46 
94 
111 
4 
999 
32 
945 
4 
111 
300 
98 
8 
139 
7 
136 
30 
662 
53 
638 
770 
415 
344 
37 
268 
98 
70 
640 
128 
2 
112 
834 
36 
147 
7 
3 
245 
349 
35 
477 
3 
41 
307 
391 
370 
1 
219 
841 
9 
25 
544 
646 
292 
152 
1 
1 
1 
110 
162 
95 
691 
234 
976 
32 
2 
297 
1 
23 
207 
299 
4 
3 
20 
985 
184 
108 
595 
3 
139 
1 
312 
165 
166 
175 
2 
64 
12 
202 
313 
515 
122 
206 
1 
608 
3 
9 
36 
735 
190 
23 
662 
511 
941 
46 
89 
62 
19 
11 
111 
31 
72 
946 
161 
117 
218 
842 
21 
127 
79 
87 
215 
64 
408 
3 
746 
93 
85 
993 
6 
7 
86 
83 
751 
51 
219 
9 
92 
61 
25 
75 
133 
912 
413 
82 
420 
26 
516 
91 
108 
91 
26 
285 
57 
1 
377 
836 
2 
47 
619 
228 
389 
51 
158 
176 
101 
17 
12 
532 
85 
887 
32 
574 
14 
179 
3 
20 
46 
329 
9 
97 
408 
306 
203 
275 
235 
254 
6 
656 
763 
57 
212 
857 
1 
999 
683 
23 
19 
3 
179 
141 
874 
95 
94 
332 
254 
7 
326 
371 
660 
2 
272 
901 
821 
930 
30 
719 
668 
40 
90 
2 
327 
161 
1 
428 
43 
555 
662 
193 
435 
100 
394 
7 
2 
688 
83 
201 
25 
128 
3 
4 
10 
17 
15 
3 
838 
7 
1 
12 
81 
70 
23 
8 
286 
85 
315 
626 
905 
901 
4 
415 
851 
255 
4 
2 
303 
1 
76 
25 
30 
82 
16 
104 
828 
4 
719 
5 
4 
216 
246 
100 
853 
9 
629 
31 
1 
2 
109 
227 
637 
4 
413 
54 
255 
253 
85 
323 
3 
2 
4 
20 
10 
3 
32 
29 
18 
36 
46 
687 
2 
3 
129 
37 
118 
8 
3 
251 
62 
156 
13 
596 
623 
50 
28 
2 
530 
101 
84 
10 
23 
174 
132 
65 
2 
33 
1 
1 
65 
460 
22 
1 
45 
3 
528 
19 
479 
134 
1 
533 
652 
1 
82 
83 
1 
604 
606 
40 
41 
1 
133 
14 
75 
43 
332 
72 
218 
149 
577 
3 
5 
232 
543 
61 
46 
2 
5 
108 
530 
149 
3 
2 
569 
1 
12 
28 
39 
3 
2 
427 
11 
3 
236 
157 
2 
395 
97 
48 
65 
928 
748 
225 
11 
841 
4 
838 
37 
465 
982 
868 
786 
195 
22 
178 
50 
2 
61 
427 
118 
858 
306 
19 
216 
232 
185 
995 
428 
431 
68 
869 
195 
26 
72 
19 
45 
185 
11 
432 
312 
103 
72 
260 
1 
22 
79 
32 
222 
487 
26 
71 
466 
151 
770 
271 
208 
7 
1 
5 
392 
1 
319 
1 
723 
266 
163 
843 
978 
445 
15 
55 
19 
34 
2 
727 
260 
136 
146 
564 
849 
51 
21 
384 
130 
783 
625 
8 
2 
2 
12 
220 
602 
132 
282 
130 
409 
289 
80 
923 
700 
228 
325 
13 
86 
1 
130 
2 
14 
50 
5 
535 
17 
624 
253 
204 
35 
3 
2 
112 
87 
60 
40 
681 
628 
2 
327 
218 
759 
40 
256 
590 
1 
262 
2 
216 
171 
529 
92 
1 
22 
144 
16 
36 
95 
922 
858 
474 
83 
663 
83 
22 
660 
8 
487 
380 
30 
192 
231 
4 
1 
656 
1 
606 
413 
217 
93 
1 
1 
608 
25 
740 
334 
485 
37 
22 
3 
513 
63 
42 
330 
155 
72 
882 
501 
10 
227 
325 
22 
219 
462 
874 
851 
307 
2 
1 
419 
5 
407 
34 
67 
6 
907 
537 
37 
152 
334 
592 
33 
165 
27 
125 
2 
1 
9 
775 
4 
170 
819 
885 
572 
382 
565 
454 
444 
17 
134 
438 
101 
20 
16 
26 
379 
3 
44 
66 
538 
2 
16 
5 
9 
209 
244 
545 
377 
89 
933 
147 
475 
421 
3 
90 
243 
71 
2 
27 
185 
87 
392 
19 
1 
474 
792 
370 
2 
522 
279 
30 
48 
40 
292 
1 
61 
30 
99 
5 
6 
1 
933 
714 
24 
18 
37 
91 
789 
750 
378 
897 
2 
5 
518 
8 
1 
1 
66 
362 
2 
662 
2 
133 
448 
412 
12 
417 
374 
864 
23 
148 
557 
59 
89 
1 
11 
15 
363 
365 
663 
40 
57 
40 
359 
13 
492 
10 
21 
107 
7 
10 
820 
1 
72 
682 
144 
997 
17 
36 
342 
3 
317 
44 
554 
188 
53 
436 
578 
490 
5 
105 
30 
390 
255 
133 
84 
312 
943 
991 
2 
192 
96 
17 
632 
136 
442 
68 
7 
688 
349 
517 
4 
2 
21 
268 
148 
567 
85 
30 
2 
15 
66 
3 
442 
1 
1 
2 
672 
103 
660 
787 
741 
5 
1 
3 
17 
1 
1 
33 
49 
111 
2 
805 
234 
368 
476 
519 
829 
86 
185 
71 
808 
739 
760 
781 
197 
476 
13 
26 
14 
102 
2 
41 
61 
768 
3 
6 
2 
797 
158 
12 
1 
55 
911 
111 
397 
263 
1 
356 
873 
28 
5 
14 
22 
5 
11 
38 
158 
168 
85 
130 
25 
92 
838 
243 
41 
360 
431 
346 
1 
79 
684 
130 
24 
1 
835 
567 
424 
188 
15 
75 
68 
495 
301 
10 
2 
116 
694 
726 
1 
466 
588 
338 
13 
8 
5 
122 
3 
43 
414 
2 
111 
18 
11 
9 
1 
519 
28 
158 
205 
426 
578 
13 
2 
20 
134 
28 
76 
19 
865 
167 
481 
2 
39 
88 
1 
28 
1 
32 
97 
4 
3 
250 
6 
290 
60 
36 
1 
3 
2 
74 
588 
104 
44 
43 
85 
11 
237 
656 
296 
9 
148 
162 
666 
3 
646 
4 
458 
24 
19 
314 
29 
158 
401 
28 
31 
48 
201 
139 
5 
2 
5 
757 
12 
616 
140 
353 
11 
3 
721 
76 
760 
160 
529 
7 
35 
658 
117 
5 
75 
125 
259 
360 
2 
661 
764 
31 
486 
9 
884 
664 
107 
3 
996 
448 
145 
418 
1 
137 
802 
5 
1 
245 
34 
320 
1 
48 
1 
2 
22 
461 
2 
173 
97 
763 
84 
1 
100 
62 
712 
703 
87 
16 
1 
38 
26 
12 
7 
4 
562 
112 
30 
458 
862 
15 
39 
276 
17 
301 
4 
416 
27 
826 
105 
50 
139 
200 
350 
1 
4 
5 
152 
266 
16 
705 
760 
2 
49 
344 
84 
1 
58 
161 
823 
996 
1 
83 
8 
158 
3 
30 
334 
193 
433 
50 
4 
247 
210 
24 
159 
179 
5 
1 
286 
699 
567 
690 
50 
3 
9 
13 
922 
151 
612 
498 
7 
992 
323 
87 
5 
128 
3 
265 
5 
1 
197 
8 
930 
5 
78 
7 
58 
689 
401 
2 
82 
1 
346 
47 
165 
34 
2 
65 
108 
289 
28 
2 
22 
85 
166 
49 
648 
113 
204 
881 
21 
903 
6 
923 
5 
5 
54 
28 
4 
37 
158 
71 
4 
220 
2 
435 
16 
47 
186 
5 
2 
247 
1 
108 
39 
190 
35 
103 
1 
33 
160 
323 
329 
625 
4 
95 
5 
21 
480 
241 
14 
18 
14 
51 
873 
393 
831 
496 
176 
85 
13 
11 
1 
3 
105 
244 
444 
2 
1 
906 
39 
305 
79 
1 
1 
454 
966 
49 
6 
779 
51 
271 
319 
52 
441 
799 
642 
990 
89 
955 
12 
89 
462 
404 
743 
616 
116 
268 
726 
1 
256 
45 
740 
1 
344 
427 
20 
510 
90 
2 
56 
48 
412 
349 
16 
5 
836 
77 
10 
795 
787 
4 
120 
9 
30 
901 
2 
161 
56 
3 
16 
3 
7 
348 
117 
6 
855 
21 
355 
25 
2 
729 
685 
818 
2 
977 
24 
10 
417 
8 
243 
219 
1 
70 
473 
206 
10 
161 
396 
20 
14 
1 
190 
5 
4 
171 
174 
100 
307 
4 
527 
87 
11 
700 
72 
302 
13 
3 
9 
3 
4 
21 
393 
2 
1 
354 
2 
9 
120 
253 
1 
59 
488 
7 
312 
28 
4 
431 
1 
97 
261 
412 
1 
761 
91 
636 
334 
17 
7 
52 
533 
6 
543 
189 
2 
288 
725 
124 
41 
175 
353 
36 
1 
550 
26 
172 
88 
93 
91 
198 
37 
1 
105 
5 
183 
41 
133 
677 
8 
2 
3 
122 
501 
4 
98 
175 
461 
1 
75 
393 
13 
136 
2 
199 
157 
317 
3 
109 
5 
647 
701 
33 
1 
100 
2 
1 
68 
644 
219 
295 
80 
247 
6 
1 
6 
1 
800 
17 
1 
114 
582 
964 
136 
18 
62 
20 
6 
11 
9 
27 
812 
4 
12 
495 
344 
484 
393 
19 
233 
342 
293 
6 
619 
1 
223 
192 
1 
9 
1 
165 
81 
81 
167 
70 
3 
90 
37 
82 
58 
1 
10 
887 
168 
717 
98 
23 
1 
5 
268 
260 
1 
1 
67 
102 
315 
7 
209 
435 
3 
102 
516 
285 
551 
122 
4 
879 
464 
61 
14 
102 
60 
217 
13 
294 
757 
1 
541 
824 
53 
24 
294 
2 
113 
23 
275 
108 
55 
84 
9 
366 
418 
31 
171 
80 
66 
428 
1 
115 
470 
48 
2 
575 
1 
451 
106 
11 
1 
848 
2 
659 
28 
56 
33 
921 
2 
18 
131 
364 
161 
963 
504 
765 
21 
16 
2 
439 
6 
54 
114 
155 
383 
857 
203 
798 
219 
1 
18 
168 
161 
468 
516 
739 
1 
38 
222 
331 
400 
70 
856 
419 
24 
465 
95 
3 
64 
13 
412 
7 
17 
657 
1 
978 
153 
411 
772 
1 
4 
385 
28 
907 
2 
668 
1 
341 
251 
663 
205 
294 
138 
6 
370 
27 
591 
32 
18 
110 
119 
103 
967 
102 
55 
106 
1 
255 
1 
9 
101 
8 
14 
105 
31 
590 
745 
6 
2 
292 
668 
2 
6 
6 
944 
133 
308 
472 
740 
61 
832 
117 
86 
209 
445 
8 
2 
3 
749 
710 
462 
341 
1 
153 
32 
60 
232 
92 
11 
75 
10 
479 
529 
15 
33 
606 
2 
311 
973 
360 
809 
490 
936 
904 
80 
209 
827 
964 
866 
754 
907 
57 
75 
261 
227 
14 
735 
235 
192 
2 
28 
12 
1 
132 
28 
110 
742 
25 
660 
112 
1 
8 
28 
111 
254 
163 
478 
6 
1 
125 
223 
59 
272 
494 
14 
237 
901 
776 
13 
54 
29 
30 
207 
10 
34 
414 
5 
54 
9 
662 
22 
194 
3 
976 
9 
62 
92 
55 
2 
170 
7 
10 
9 
118 
6 
1 
177 
221 
120 
11 
10 
835 
43 
636 
90 
96 
275 
57 
411 
401 
5 
24 
3 
2 
5 
177 
84 
1 
455 
604 
373 
344 
2 
1 
136 
4 
15 
439 
97 
56 
52 
451 
1 
77 
35 
6 
834 
163 
16 
16 
2 
490 
36 
87 
90 
110 
530 
42 
335 
39 
1 
237 
22 
3 
445 
918 
6 
785 
10 
13 
3 
222 
6 
445 
878 
197 
1 
1 
4 
42 
346 
3 
372 
2 
987 
50 
233 
42 
1 
67 
446 
17 
42 
16 
12 
1 
30 
436 
436 
1 
340 
22 
51 
827 
116 
110 
55 
665 
220 
678 
22 
631 
1 
168 
3 
640 
1 
15 
50 
691 
14 
1 
625 
156 
939 
6 
1 
34 
47 
77 
630 
229 
876 
177 
1 
300 
28 
905 
46 
86 
329 
102 
401 
71 
162 
720 
52 
1 
15 
63 
850 
784 
5 
61 
2 
1 
12 
9 
33 
68 
16 
289 
4 
1 
345 
36 
3 
1 
117 
5 
249 
30 
4 
241 
76 
4 
266 
19 
5 
17 
2 
114 
3 
29 
987 
376 
38 
218 
28 
594 
393 
119 
55 
69 
112 
667 
66 
814 
495 
44 
556 
1 
4 
875 
373 
13 
368 
92 
52 
223 
128 
529 
165 
390 
4 
3 
529 
40 
483 
66 
270 
485 
18 
622 
5 
24 
4 
74 
77 
52 
498 
491 
11 
887 
2 
263 
1 
71 
23 
1 
78 
222 
285 
3 
5 
453 
25 
131 
458 
313 
208 
86 
53 
14 
314 
430 
758 
91 
10 
206 
20 
722 
1 
142 
213 
800 
39 
26 
5 
22 
93 
1 
340 
266 
389 
794 
464 
778 
36 
55 
10 
3 
124 
55 
38 
56 
3 
245 
73 
88 
538 
36 
116 
4 
14 
603 
972 
196 
23 
1 
33 
75 
173 
21 
263 
4 
4 
49 
15 
390 
1 
1 
262 
194 
269 
342 
776 
3 
414 
13 
489 
497 
273 
4 
1 
768 
3 
55 
105 
474 
174 
252 
30 
190 
36 
9 
513 
83 
622 
164 
2 
3 
204 
336 
133 
18 
1 
345 
19 
35 
927 
602 
135 
3 
3 
92 
1 
4 
371 
23 
64 
16 
4 
7 
134 
47 
1 
4 
3 
230 
196 
225 
5 
97 
42 
680 
298 
57 
169 
726 
1 
288 
1 
3 
1 
42 
380 
5 
997 
95 
5 
756 
30 
247 
2 
152 
29 
92 
618 
382 
16 
14 
417 
973 
8 
66 
168 
274 
36 
1 
280 
882 
19 
1 
232 
14 
3 
1 
175 
1 
8 
46 
140 
388 
5 
7 
945 
7 
681 
1 
62 
1 
134 
995 
413 
424 
525 
1 
437 
4 
1 
323 
325 
7 
351 
41 
164 
4 
123 
3 
60 
819 
1 
143 
1 
22 
1 
99 
34 
104 
26 
1 
171 
573 
87 
372 
18 
96 
15 
234 
3 
1 
3 
511 
292 
523 
13 
7 
122 
4 
324 
8 
8 
148 
878 
20 
28 
5 
2 
94 
66 
102 
2 
26 
384 
56 
80 
1 
96 
18 
743 
30 
358 
4 
78 
56 
20 
9 
6 
211 
74 
17 
3 
430 
393 
6 
48 
208 
105 
8 
103 
2 
35 
18 
255 
9 
12 
36 
2 
16 
28 
31 
163 
245 
841 
85 
668 
169 
222 
1 
660 
353 
2 
814 
11 
738 
2 
782 
221 
19 
172 
138 
2 
3 
457 
90 
2 
919 
71 
66 
2 
956 
539 
581 
12 
644 
1 
1 
12 
67 
585 
34 
128 
2 
610 
511 
385 
2 
743 
214 
318 
415 
731 
3 
4 
544 
651 
41 
1 
69 
53 
2 
142 
42 
49 
7 
544 
869 
2 
763 
46 
175 
4 
177 
609 
12 
986 
3 
381 
475 
5 
368 
206 
938 
102 
11 
208 
315 
448 
12 
650 
16 
158 
36 
113 
2 
649 
147 
610 
886 
1 
940 
175 
3 
4 
173 
1 
17 
16 
619 
51 
729 
399 
28 
3 
918 
136 
364 
297 
26 
107 
362 
262 
286 
4 
109 
191 
4 
1 
572 
4 
43 
637 
978 
4 
231 
49 
1 
77 
688 
76 
233 
730 
1 
27 
1 
233 
9 
31 
7 
216 
47 
1 
867 
64 
230 
14 
10 
146 
51 
21 
52 
483 
28 
80 
40 
983 
5 
152 
120 
12 
449 
336 
867 
773 
338 
5 
121 
41 
7 
6 
3 
526 
183 
492 
2 
427 
135 
7 
2 
66 
52 
491 
266 
355 
3 
1 
148 
35 
498 
1 
782 
51 
11 
3 
1 
21 
120 
1 
492 
703 
502 
8 
172 
9 
18 
50 
715 
200 
38 
6 
306 
133 
578 
200 
396 
7 
371 
42 
734 
1 
52 
51 
40 
1 
27 
218 
606 
988 
1 
70 
55 
111 
409 
6 
158 
737 
410 
442 
13 
254 
42 
413 
72 
780 
59 
144 
75 
8 
2 
450 
1 
119 
483 
15 
822 
26 
104 
296 
111 
137 
247 
22 
10 
35 
5 
31 
29 
330 
162 
430 
22 
144 
18 
166 
172 
617 
310 
163 
255 
38 
461 
528 
2 
906 
112 
2 
14 
37 
1 
10 
16 
542 
64 
278 
1 
16 
141 
24 
78 
2 
29 
179 
24 
204 
254 
571 
268 
45 
1 
16 
176 
29 
734 
179 
51 
6 
703 
631 
366 
297 
9 
2 
960 
373 
436 
3 
944 
70 
374 
74 
21 
335 
11 
674 
248 
6 
10 
8 
215 
36 
1 
1 
38 
10 
838 
312 
404 
16 
1 
508 
106 
5 
6 
49 
112 
170 
55 
16 
7 
949 
496 
328 
123 
717 
2 
198 
851 
17 
1 
6 
5 
4 
242 
275 
5 
18 
1 
835 
397 
775 
39 
19 
15 
350 
241 
137 
7 
30 
1 
755 
22 
724 
164 
952 
3 
29 
57 
481 
50 
33 
83 
91 
844 
23 
5 
695 
12 
14 
1 
164 
98 
9 
2 
66 
290 
28 
20 
6 
63 
829 
59 
5 
50 
54 
701 
3 
86 
7 
10 
177 
474 
52 
761 
59 
12 
357 
191 
2 
18 
105 
1 
142 
2 
34 
7 
67 
4 
687 
193 
1 
106 
744 
806 
226 
24 
2 
6 
24 
173 
20 
49 
94 
24 
208 
3 
600 
1 
164 
274 
5 
57 
178 
304 
559 
75 
23 
222 
708 
317 
819 
221 
536 
40 
10 
1 
2 
863 
180 
380 
2 
16 
537 
786 
7 
290 
117 
445 
159 
83 
414 
291 
14 
145 
16 
23 
410 
11 
325 
407 
52 
6 
769 
353 
335 
105 
7 
370 
9 
926 
482 
14 
972 
977 
387 
6 
22 
417 
55 
2 
131 
18 
263 
23 
61 
47 
881 
373 
489 
1 
185 
442 
27 
198 
10 
664 
180 
59 
7 
84 
21 
81 
39 
737 
2 
14 
201 
84 
999 
996 
583 
730 
593 
114 
826 
3 
35 
1 
64 
7 
339 
674 
28 
281 
3 
3 
411 
112 
3 
624 
221 
2 
894 
221 
71 
1 
127 
296 
156 
4 
621 
11 
525 
183 
1 
81 
366 
648 
71 
398 
199 
1 
234 
148 
609 
378 
8 
1 
113 
4 
517 
14 
2 
628 
1 
666 
247 
315 
20 
103 
1 
911 
816 
38 
702 
10 
145 
1 
750 
3 
453 
103 
41 
590 
226 
691 
514 
788 
67 
19 
9 
292 
74 
1 
440 
456 
804 
11 
342 
4 
2 
872 
244 
41 
4 
594 
867 
126 
912 
54 
116 
139 
39 
986 
965 
286 
180 
28 
525 
337 
1 
50 
2 
485 
6 
22 
27 
3 
9 
41 
683 
35 
786 
4 
389 
61 
4 
413 
301 
199 
47 
119 
51 
616 
118 
347 
10 
3 
3 
477 
163 
9 
522 
879 
1 
3 
2 
136 
3 
12 
10 
695 
1 
35 
7 
26 
28 
789 
106 
888 
543 
9 
500 
335 
272 
2 
34 
240 
3 
755 
758 
214 
851 
61 
3 
464 
74 
80 
50 
40 
310 
319 
44 
14 
234 
66 
29 
2 
40 
523 
1 
570 
18 
40 
258 
19 
3 
45 
742 
3 
519 
335 
327 
562 
319 
798 
386 
320 
190 
1 
112 
11 
37 
258 
731 
386 
17 
292 
845 
185 
10 
553 
21 
112 
716 
919 
451 
1 
1 
23 
865 
178 
116 
2 
8 
324 
314 
11 
862 
411 
25 
345 
244 
3 
58 
2 
2 
514 
226 
217 
32 
215 
933 
2 
492 
342 
6 
27 
76 
536 
324 
46 
618 
258 
342 
2 
17 
467 
3 
35 
2 
333 
39 
456 
714 
26 
113 
654 
1 
4 
670 
224 
461 
3 
21 
515 
40 
294 
1 
583 
5 
123 
208 
429 
55 
45 
5 
288 
14 
808 
38 
13 
70 
3 
169 
126 
278 
1 
469 
594 
898 
825 
630 
631 
144 
13 
9 
337 
267 
1 
5 
379 
5 
205 
415 
33 
370 
23 
77 
4 
202 
1 
41 
43 
21 
585 
732 
320 
132 
5 
636 
8 
5 
674 
309 
723 
980 
25 
872 
118 
546 
318 
229 
789 
46 
139 
82 
384 
179 
3 
29 
385 
3 
54 
1 
781 
372 
31 
5 
241 
6 
296 
466 
976 
113 
167 
53 
2 
7 
6 
8 
18 
56 
688 
1 
9 
19 
316 
203 
13 
124 
839 
154 
4 
214 
46 
120 
206 
14 
5 
402 
68 
255 
402 
325 
1 
174 
321 
1 
154 
14 
121 
537 
51 
819 
297 
155 
1 
188 
194 
224 
33 
541 
5 
160 
806 
45 
632 
1 
11 
164 
39 
3 
105 
114 
668 
111 
548 
110 
608 
86 
59 
458 
1 
129 
344 
970 
249 
11 
531 
2 
156 
399 
6 
4 
1 
605 
368 
713 
172 
893 
13 
828 
23 
269 
652 
8 
1 
460 
4 
68 
392 
50 
46 
19 
372 
114 
14 
130 
482 
44 
74 
29 
936 
380 
242 
353 
14 
23 
224 
162 
6 
288 
1 
279 
350 
21 
1 
147 
421 
75 
42 
54 
8 
201 
1 
31 
575 
140 
2 
950 
1 
74 
9 
81 
892 
50 
37 
346 
232 
209 
941 
17 
2 
299 
80 
448 
39 
530 
4 
1 
685 
82 
7 
12 
2 
268 
168 
173 
2 
267 
2 
890 
15 
9 
112 
89 
200 
72 
117 
33 
499 
80 
209 
13 
119 
124 
163 
195 
209 
345 
13 
48 
9 
78 
58 
346 
7 
17 
513 
768 
14 
880 
26 
35 
36 
57 
33 
2 
4 
1 
138 
70 
153 
173 
5 
3 
4 
992 
175 
17 
92 
818 
28 
49 
405 
6 
15 
28 
2 
925 
696 
4 
6 
55 
53 
486 
718 
275 
287 
4 
1 
388 
842 
501 
582 
110 
346 
2 
70 
21 
132 
271 
1 
8 
443 
6 
199 
32 
637 
71 
974 
80 
86 
400 
66 
20 
243 
215 
2 
708 
235 
278 
36 
5 
9 
112 
1 
5 
396 
12 
36 
11 
2 
76 
9 
19 
33 
4 
2 
27 
7 
596 
905 
6 
1 
48 
43 
8 
9 
45 
33 
3 
51 
302 
186 
387 
57 
416 
401 
219 
8 
13 
969 
383 
173 
5 
256 
15 
8 
89 
5 
1 
470 
54 
553 
483 
10 
209 
409 
8 
147 
445 
223 
8 
1 
58 
3 
1 
567 
89 
186 
1 
289 
52 
228 
41 
5 
123 
34 
718 
256 
71 
86 
7 
49 
29 
717 
10 
5 
2 
70 
2 
1 
3 
340 
897 
494 
128 
258 
235 
17 
194 
54 
196 
2 
7 
160 
293 
395 
189 
689 
2 
83 
1 
203 
457 
1 
7 
851 
214 
14 
421 
15 
159 
181 
1 
2 
99 
11 
320 
353 
34 
34 
31 
781 
140 
33 
1 
135 
10 
7 
57 
38 
180 
2 
395 
845 
132 
177 
148 
136 
1 
2 
56 
2 
4 
18 
73 
32 
793 
51 
130 
9 
1 
238 
1 
3 
4 
353 
629 
123 
713 
66 
354 
2 
137 
50 
173 
9 
204 
643 
1 
86 
691 
209 
71 
18 
467 
4 
390 
27 
20 
1 
179 
308 
7 
39 
78 
1 
140 
289 
561 
734 
626 
529 
5 
737 
3 
495 
219 
794 
5 
2 
34 
1 
111 
2 
25 
10 
9 
313 
74 
1 
2 
440 
49 
3 
1 
5 
374 
1 
601 
629 
234 
247 
735 
215 
71 
531 
400 
11 
382 
3 
5 
125 
79 
391 
217 
681 
180 
48 
14 
252 
9 
9 
1000 
34 
256 
353 
490 
40 
223 
8 
2 
10 
550 
108 
323 
753 
165 
678 
3 
14 
9 
96 
5 
213 
34 
31 
198 
2 
863 
984 
873 
311 
505 
39 
14 
229 
18 
223 
98 
397 
301 
697 
152 
226 
48 
293 
61 
526 
5 
572 
8 
9 
1 
9 
160 
851 
382 
5 
9 
966 
20 
14 
9 
6 
247 
2 
278 
716 
87 
90 
88 
2 
18 
634 
512 
3 
872 
20 
280 
1 
288 
82 
138 
7 
11 
34 
68 
239 
388 
4 
72 
405 
1 
538 
39 
85 
621 
350 
2 
11 
7 
12 
136 
847 
22 
555 
71 
1 
58 
251 
12 
78 
358 
92 
44 
14 
4 
734 
66 
137 
1 
603 
40 
280 
94 
297 
105 
8 
591 
1 
45 
1 
26 
364 
9 
56 
223 
334 
52 
716 
355 
777 
548 
749 
183 
2 
427 
60 
708 
9 
4 
340 
239 
13 
29 
81 
165 
8 
757 
65 
11 
174 
418 
474 
158 
2 
71 
4 
496 
438 
859 
82 
1 
674 
6 
4 
10 
7 
128 
121 
9 
291 
494 
772 
287 
113 
214 
115 
40 
24 
37 
31 
30 
4 
801 
8 
123 
96 
72 
1 
259 
18 
7 
1 
372 
14 
691 
817 
757 
3 
3 
196 
724 
153 
405 
2 
17 
129 
130 
469 
4 
162 
686 
15 
369 
51 
18 
611 
1 
125 
647 
865 
75 
212 
7 
19 
9 
57 
7 
76 
249 
19 
839 
703 
34 
65 
630 
7 
168 
29 
34 
67 
38 
783 
1 
32 
5 
1 
64 
791 
1 
993 
34 
76 
14 
19 
1 
25 
77 
5 
482 
292 
335 
1 
402 
101 
100 
92 
80 
115 
8 
727 
15 
12 
956 
40 
1 
321 
298 
106 
769 
48 
35 
410 
1 
25 
79 
7 
338 
8 
594 
80 
58 
70 
1 
466 
578 
18 
1 
144 
22 
35 
173 
5 
1 
139 
4 
529 
113 
11 
77 
17 
131 
102 
36 
12 
2 
9 
5 
176 
172 
40 
51 
15 
479 
883 
192 
567 
594 
86 
240 
782 
262 
978 
28 
32 
20 
141 
22 
73 
1 
148 
311 
6 
23 
842 
76 
6 
247 
5 
552 
2 
473 
40 
59 
2 
152 
114 
57 
196 
2 
33 
3 
277 
799 
301 
20 
22 
207 
587 
283 
530 
36 
605 
981 
507 
89 
608 
47 
1 
3 
798 
33 
317 
301 
662 
395 
320 
84 
113 
17 
41 
328 
44 
46 
14 
11 
25 
1 
5 
549 
132 
210 
1 
19 
1 
4 
14 
4 
474 
234 
159 
99 
489 
332 
1 
103 
1 
27 
55 
82 
34 
1 
29 
996 
297 
66 
683 
4 
24 
847 
13 
497 
91 
20 
27 
313 
140 
3 
2 
868 
944 
2 
10 
45 
24 
3 
6 
103 
193 
51 
3 
41 
3 
69 
375 
792 
60 
911 
41 
17 
121 
207 
49 
521 
887 
123 
337 
370 
810 
104 
8 
152 
449 
486 
31 
617 
566 
112 
32 
850 
56 
213 
163 
811 
31 
550 
231 
145 
277 
759 
186 
304 
36 
281 
445 
320 
13 
1 
267 
35 
10 
399 
8 
137 
330 
4 
8 
175 
23 
53 
2 
3 
26 
12 
2 
6 
481 
5 
103 
4 
12 
361 
141 
253 
138 
37 
870 
2 
1 
315 
256 
2 
407 
10 
676 
11 
34 
493 
528 
458 
699 
80 
973 
594 
160 
107 
76 
89 
8 
436 
24 
177 
5 
2 
592 
125 
196 
81 
833 
331 
37 
135 
18 
787 
805 
89 
7 
858 
26 
35 
9 
9 
120 
2 
22 
5 
2 
214 
321 
924 
414 
16 
140 
2 
32 
682 
7 
77 
7 
149 
201 
75 
493 
71 
321 
5 
842 
611 
132 
856 
63 
1 
850 
3 
217 
4 
40 
33 
792 
17 
89 
161 
642 
66 
7 
7 
843 
106 
5 
50 
2 
710 
1 
166 
825 
349 
393 
275 
199 
603 
204 
89 
861 
270 
159 
12 
19 
152 
12 
49 
3 
4 
607 
10 
41 
29 
309 
159 
243 
29 
854 
3 
26 
191 
38 
32 
75 
71 
1 
787 
315 
459 
28 
446 
4 
88 
4 
112 
288 
77 
490 
94 
2 
3 
22 
604 
503 
64 
19 
305 
307 
6 
280 
5 
4 
726 
90 
171 
65 
53 
36 
131 
291 
54 
303 
16 
93 
4 
9 
15 
331 
2 
721 
769 
296 
12 
547 
1 
187 
319 
265 
155 
317 
3 
987 
362 
6 
208 
6 
5 
784 
816 
383 
10 
242 
1 
536 
31 
10 
98 
2 
526 
672 
9 
863 
89 
543 
3 
185 
239 
189 
6 
1 
63 
314 
73 
787 
5 
5 
29 
17 
39 
160 
776 
1 
550 
1 
121 
3 
790 
139 
202 
250 
1 
60 
104 
634 
