1 
4 
329 
2 
318 
856 
27 
2 
2 
24 
33 
152 
40 
11 
41 
270 
1 
1 
33 
95 
254 
3 
10 
18 
104 
232 
386 
536 
235 
11 
4 
464 
17 
27 
110 
783 
172 
343 
648 
9 
5 
421 
48 
292 
474 
134 
162 
819 
34 
678 
577 
10 
2 
39 
6 
46 
19 
1 
4 
64 
2 
62 
127 
495 
520 
32 
21 
362 
58 
142 
49 
34 
45 
5 
271 
3 
37 
33 
448 
694 
33 
2 
2 
4 
357 
144 
111 
57 
975 
986 
2 
254 
3 
106 
12 
103 
189 
78 
27 
227 
404 
5 
85 
97 
20 
2 
5 
10 
348 
42 
92 
222 
955 
1 
109 
81 
30 
632 
29 
3 
367 
38 
1 
214 
6 
20 
30 
3 
113 
459 
914 
488 
15 
2 
38 
43 
46 
13 
9 
100 
11 
93 
1 
13 
438 
156 
8 
1 
8 
22 
3 
130 
2 
324 
501 
142 
2 
468 
90 
5 
5 
9 
48 
389 
7 
2 
411 
8 
57 
171 
3 
857 
390 
35 
122 
9 
8 
5 
1 
2 
2 
1 
8 
20 
478 
715 
2 
3 
7 
240 
6 
68 
23 
16 
333 
3 
73 
173 
783 
26 
4 
12 
533 
87 
140 
96 
407 
114 
690 
210 
4 
548 
810 
75 
376 
30 
4 
16 
153 
3 
873 
209 
3 
86 
26 
22 
1 
2 
321 
6 
315 
1 
568 
7 
1 
596 
725 
1 
418 
116 
700 
798 
4 
7 
9 
594 
959 
19 
152 
65 
1 
1 
809 
65 
499 
258 
2 
2 
432 
57 
19 
35 
441 
223 
509 
144 
667 
657 
215 
47 
76 
57 
50 
27 
5 
70 
958 
1 
332 
62 
237 
2 
211 
437 
4 
19 
5 
84 
24 
89 
34 
26 
555 
11 
2 
632 
875 
193 
7 
3 
7 
285 
1 
180 
50 
20 
1 
489 
10 
1 
473 
222 
925 
9 
839 
12 
9 
34 
17 
232 
12 
1 
131 
424 
5 
254 
322 
9 
141 
513 
13 
13 
61 
1 
9 
44 
52 
184 
13 
9 
1 
1 
111 
70 
43 
48 
3 
35 
563 
2 
134 
775 
104 
33 
516 
15 
1 
1 
507 
185 
36 
2 
37 
304 
633 
7 
22 
216 
5 
91 
6 
2 
16 
4 
32 
17 
18 
686 
6 
267 
664 
7 
52 
300 
62 
1 
35 
202 
37 
2 
1 
203 
679 
1 
7 
144 
95 
570 
49 
735 
38 
123 
692 
20 
434 
55 
14 
15 
3 
312 
1 
703 
166 
914 
930 
46 
118 
31 
52 
151 
34 
10 
2 
157 
1 
15 
78 
48 
7 
4 
2 
903 
53 
526 
525 
1 
185 
7 
22 
23 
4 
131 
2 
383 
12 
2 
259 
173 
3 
57 
37 
2 
880 
85 
5 
63 
272 
13 
7 
367 
12 
1 
4 
428 
7 
1 
18 
947 
1 
538 
1 
660 
1 
84 
21 
542 
233 
4 
19 
56 
2 
259 
8 
206 
32 
668 
23 
7 
6 
657 
47 
234 
1 
2 
350 
13 
1 
974 
1 
502 
66 
14 
1 
2 
512 
45 
175 
30 
28 
799 
2 
63 
16 
87 
5 
3 
14 
46 
37 
42 
875 
150 
756 
86 
925 
318 
5 
815 
1 
167 
434 
63 
15 
34 
161 
10 
116 
2 
225 
30 
138 
752 
79 
11 
358 
746 
26 
4 
431 
378 
58 
10 
47 
25 
33 
7 
453 
2 
104 
3 
240 
317 
7 
99 
744 
755 
5 
239 
1 
279 
4 
23 
18 
31 
214 
2 
2 
3 
26 
1 
21 
910 
384 
159 
149 
4 
3 
52 
62 
34 
79 
2 
116 
86 
29 
50 
61 
830 
5 
164 
24 
18 
19 
594 
69 
151 
17 
922 
417 
330 
10 
16 
33 
16 
23 
23 
340 
1 
668 
5 
244 
319 
1 
11 
195 
9 
289 
12 
23 
836 
1 
388 
507 
116 
538 
181 
134 
343 
337 
13 
892 
252 
5 
20 
5 
14 
502 
3 
29 
49 
21 
22 
18 
1 
950 
489 
147 
4 
1 
192 
132 
1 
118 
9 
4 
212 
1 
2 
91 
8 
9 
974 
26 
8 
49 
6 
5 
468 
27 
174 
11 
13 
17 
503 
68 
41 
8 
25 
52 
152 
25 
33 
300 
3 
35 
296 
9 
1 
511 
720 
46 
1 
34 
2 
10 
861 
16 
54 
83 
9 
36 
177 
538 
11 
4 
829 
32 
837 
18 
47 
25 
759 
106 
19 
442 
8 
146 
19 
12 
21 
344 
44 
32 
54 
13 
282 
31 
2 
204 
19 
1 
9 
2 
21 
239 
1 
9 
2 
7 
474 
1 
27 
40 
214 
50 
77 
72 
2 
241 
12 
681 
851 
568 
578 
859 
2 
151 
366 
1 
885 
47 
3 
17 
374 
1 
273 
294 
27 
11 
6 
35 
29 
54 
14 
5 
27 
780 
363 
191 
469 
283 
63 
13 
1 
8 
2 
688 
61 
3 
9 
5 
179 
250 
45 
381 
9 
48 
11 
217 
35 
292 
5 
232 
676 
1 
185 
166 
38 
624 
135 
21 
620 
6 
345 
32 
245 
486 
1 
1 
12 
594 
665 
199 
1 
601 
19 
1 
22 
31 
4 
2 
169 
9 
10 
19 
2 
54 
297 
138 
2 
3 
7 
219 
3 
464 
140 
43 
16 
1 
46 
145 
22 
180 
11 
950 
206 
247 
151 
2 
146 
47 
296 
3 
269 
1 
3 
819 
8 
569 
11 
30 
22 
479 
14 
1 
802 
9 
110 
125 
18 
2 
17 
1 
12 
246 
366 
336 
4 
22 
5 
49 
1 
6 
10 
110 
1 
167 
396 
10 
26 
1 
9 
30 
129 
2 
19 
106 
48 
2 
192 
30 
2 
21 
23 
333 
968 
2 
3 
1 
92 
229 
537 
115 
38 
81 
1 
4 
16 
33 
143 
373 
2 
42 
334 
69 
120 
115 
5 
24 
10 
12 
3 
130 
47 
132 
34 
1 
17 
222 
287 
3 
730 
938 
47 
6 
677 
410 
3 
9 
246 
190 
187 
50 
40 
11 
59 
51 
721 
79 
304 
2 
356 
887 
618 
375 
906 
7 
44 
74 
1 
235 
57 
141 
981 
223 
377 
17 
17 
835 
4 
39 
18 
2 
5 
902 
267 
37 
56 
26 
99 
66 
1 
56 
418 
1 
1 
1 
1 
138 
1 
3 
9 
3 
174 
14 
778 
4 
62 
179 
52 
917 
86 
383 
1 
694 
15 
10 
5 
20 
2 
1 
617 
4 
388 
13 
33 
56 
4 
81 
9 
2 
132 
196 
794 
1 
1 
33 
122 
278 
3 
6 
3 
26 
53 
592 
65 
226 
1 
2 
1 
46 
41 
55 
41 
4 
2 
69 
397 
350 
120 
4 
766 
170 
6 
1 
38 
986 
5 
3 
25 
113 
55 
1 
1 
124 
893 
5 
1 
707 
10 
50 
2 
123 
62 
19 
58 
332 
137 
942 
246 
2 
41 
382 
803 
658 
600 
10 
17 
784 
22 
14 
2 
12 
669 
63 
27 
500 
16 
510 
66 
4 
4 
3 
293 
1 
2 
9 
3 
218 
1 
1 
556 
2 
31 
708 
908 
3 
5 
1 
63 
76 
42 
583 
3 
1 
40 
7 
3 
210 
3 
937 
92 
30 
16 
300 
644 
3 
2 
60 
8 
118 
180 
26 
938 
8 
50 
169 
394 
39 
2 
17 
4 
16 
2 
381 
250 
121 
2 
147 
2 
287 
3 
218 
166 
18 
1 
9 
46 
24 
63 
37 
8 
5 
1 
89 
21 
572 
42 
512 
11 
205 
9 
864 
275 
336 
1 
50 
2 
33 
11 
1 
1 
1 
1 
166 
22 
4 
108 
20 
223 
2 
42 
930 
104 
535 
327 
13 
6 
530 
491 
293 
1 
21 
1 
1 
6 
8 
530 
15 
897 
221 
7 
606 
171 
79 
5 
33 
219 
12 
3 
70 
1 
289 
6 
14 
5 
233 
103 
18 
4 
23 
137 
1 
1 
499 
6 
2 
4 
51 
161 
138 
9 
223 
220 
12 
39 
35 
155 
1 
47 
4 
175 
4 
1 
130 
2 
6 
28 
269 
483 
204 
6 
89 
41 
105 
49 
2 
550 
116 
136 
1000 
958 
152 
3 
3 
311 
23 
536 
7 
357 
3 
110 
214 
38 
604 
4 
964 
12 
822 
195 
5 
2 
1 
2 
110 
95 
539 
942 
11 
175 
795 
110 
7 
996 
32 
58 
12 
56 
11 
16 
85 
1 
5 
63 
46 
358 
2 
78 
17 
9 
20 
291 
6 
264 
986 
677 
3 
1 
431 
303 
276 
63 
8 
955 
685 
748 
9 
2 
8 
60 
1 
7 
789 
211 
874 
740 
2 
105 
193 
896 
603 
257 
2 
29 
7 
67 
253 
19 
148 
74 
13 
64 
4 
62 
2 
513 
319 
305 
36 
397 
13 
1 
45 
3 
382 
53 
4 
9 
44 
1 
86 
96 
296 
1 
1 
136 
617 
4 
542 
421 
400 
1 
13 
487 
40 
730 
759 
403 
59 
2 
43 
908 
7 
1 
152 
5 
5 
8 
879 
886 
5 
674 
68 
20 
13 
28 
6 
726 
6 
292 
953 
68 
105 
27 
33 
183 
1 
193 
1 
1 
89 
7 
97 
69 
341 
19 
132 
224 
215 
377 
117 
1 
20 
276 
143 
347 
85 
344 
749 
20 
138 
2 
326 
36 
13 
159 
8 
49 
1 
489 
7 
1 
295 
4 
37 
580 
25 
278 
26 
14 
1 
183 
570 
26 
88 
8 
782 
678 
688 
1 
250 
608 
479 
93 
2 
43 
490 
1 
19 
129 
1 
917 
626 
9 
716 
4 
64 
738 
728 
143 
1 
1 
370 
2 
158 
408 
2 
922 
15 
18 
174 
190 
674 
572 
458 
283 
3 
658 
119 
275 
58 
19 
1 
107 
141 
289 
571 
39 
45 
186 
287 
541 
389 
9 
144 
19 
211 
227 
1 
18 
1 
747 
263 
963 
725 
18 
37 
775 
126 
774 
28 
46 
4 
223 
47 
4 
4 
63 
14 
65 
14 
4 
13 
90 
52 
2 
552 
707 
16 
17 
7 
2 
688 
1 
178 
1 
36 
1 
4 
18 
22 
509 
212 
198 
2 
387 
1 
139 
4 
12 
666 
768 
142 
43 
1 
194 
4 
87 
1 
2 
4 
272 
42 
167 
38 
3 
2 
26 
9 
946 
599 
136 
1 
33 
13 
53 
156 
1 
38 
9 
11 
2 
64 
43 
193 
1 
943 
25 
1 
34 
4 
8 
21 
209 
215 
399 
270 
135 
5 
24 
550 
30 
4 
750 
744 
3 
742 
1 
3 
776 
5 
413 
191 
4 
841 
9 
71 
46 
75 
234 
781 
70 
37 
18 
19 
41 
189 
5 
1 
2 
155 
7 
70 
759 
38 
120 
19 
3 
210 
190 
4 
6 
118 
2 
904 
97 
9 
7 
152 
21 
612 
3 
3 
206 
2 
478 
1 
39 
119 
250 
332 
476 
7 
979 
172 
231 
8 
2 
15 
408 
335 
39 
57 
287 
2 
430 
2 
362 
30 
5 
446 
133 
56 
352 
971 
18 
1 
522 
87 
23 
966 
3 
80 
132 
634 
76 
8 
292 
5 
10 
5 
12 
801 
133 
9 
8 
1 
473 
14 
3 
1 
659 
383 
1 
2 
1 
187 
498 
409 
53 
1 
1 
294 
59 
14 
694 
1 
9 
81 
125 
141 
7 
4 
11 
1 
7 
277 
3 
5 
7 
517 
70 
1 
52 
113 
255 
7 
14 
17 
76 
738 
708 
907 
1 
271 
211 
377 
156 
36 
32 
1 
109 
1 
1 
674 
174 
379 
76 
181 
48 
501 
52 
4 
21 
5 
35 
18 
1 
429 
248 
21 
89 
26 
371 
99 
245 
923 
254 
596 
117 
901 
7 
497 
403 
42 
24 
1 
171 
15 
246 
16 
56 
2 
223 
13 
28 
1 
541 
132 
1 
114 
3 
1 
2 
787 
2 
1 
2 
13 
11 
13 
20 
5 
142 
639 
384 
769 
90 
1 
110 
30 
143 
254 
722 
4 
68 
432 
842 
295 
29 
1 
55 
34 
97 
182 
2 
928 
57 
3 
197 
423 
651 
264 
657 
7 
4 
849 
164 
19 
588 
649 
191 
477 
29 
140 
6 
65 
1 
11 
162 
1 
49 
14 
13 
1 
399 
197 
120 
949 
289 
3 
57 
240 
2 
8 
2 
5 
22 
99 
350 
26 
15 
321 
21 
343 
4 
76 
42 
615 
315 
2 
15 
88 
3 
4 
12 
47 
36 
2 
589 
8 
6 
283 
22 
103 
271 
3 
12 
551 
11 
353 
86 
40 
707 
17 
210 
4 
185 
94 
8 
2 
21 
125 
1 
8 
4 
8 
2 
111 
34 
768 
2 
834 
6 
22 
1 
2 
3 
551 
69 
1 
92 
1 
8 
598 
8 
13 
58 
214 
2 
9 
10 
3 
365 
77 
160 
3 
36 
6 
11 
6 
65 
7 
55 
169 
19 
93 
968 
582 
52 
366 
865 
529 
59 
32 
325 
141 
520 
122 
4 
107 
10 
54 
2 
229 
12 
7 
478 
1 
91 
166 
754 
92 
16 
99 
43 
293 
15 
53 
30 
149 
138 
22 
225 
4 
10 
126 
24 
4 
102 
1 
2 
5 
242 
429 
1 
2 
1 
166 
18 
5 
20 
344 
37 
97 
6 
11 
184 
19 
4 
281 
41 
109 
558 
35 
1 
2 
3 
32 
3 
667 
123 
7 
344 
4 
537 
477 
13 
107 
117 
3 
3 
306 
428 
1 
713 
2 
784 
602 
64 
3 
595 
324 
21 
14 
6 
50 
393 
3 
75 
388 
12 
134 
907 
281 
7 
7 
28 
407 
29 
16 
128 
2 
151 
18 
2 
2 
222 
472 
2 
35 
447 
4 
372 
1 
807 
954 
16 
69 
1 
91 
468 
35 
114 
144 
11 
332 
5 
62 
15 
25 
189 
9 
850 
2 
377 
1 
211 
343 
1 
88 
16 
918 
561 
211 
128 
332 
1 
34 
52 
7 
3 
133 
6 
231 
20 
6 
4 
149 
2 
34 
3 
328 
96 
8 
540 
207 
817 
2 
23 
126 
3 
9 
271 
4 
602 
586 
59 
5 
251 
583 
124 
599 
547 
452 
51 
1 
395 
233 
308 
127 
205 
75 
64 
959 
16 
10 
80 
444 
264 
338 
5 
367 
26 
781 
2 
28 
256 
7 
911 
251 
175 
623 
715 
60 
72 
1 
83 
1 
24 
158 
1 
87 
114 
14 
75 
3 
124 
3 
18 
96 
166 
378 
2 
27 
144 
35 
569 
4 
724 
1 
3 
1 
26 
3 
7 
4 
497 
5 
1 
13 
26 
327 
5 
19 
9 
11 
800 
4 
83 
33 
20 
11 
3 
9 
429 
38 
4 
23 
283 
5 
585 
364 
3 
8 
629 
176 
64 
145 
15 
99 
475 
19 
2 
591 
1 
76 
4 
768 
317 
1 
12 
7 
2 
1 
161 
2 
21 
182 
23 
18 
504 
8 
1 
1 
7 
200 
19 
21 
5 
142 
4 
8 
8 
13 
11 
2 
128 
24 
686 
817 
33 
315 
243 
3 
1 
3 
11 
37 
18 
690 
1 
32 
35 
2 
27 
42 
2 
2 
54 
80 
1 
3 
78 
17 
171 
72 
962 
91 
12 
372 
23 
3 
4 
286 
1 
894 
37 
306 
9 
983 
231 
14 
2 
150 
2 
110 
202 
105 
12 
11 
348 
935 
4 
21 
499 
1 
2 
748 
2 
28 
137 
75 
551 
260 
43 
2 
29 
22 
850 
6 
573 
467 
82 
166 
36 
40 
498 
32 
320 
748 
31 
133 
998 
204 
926 
37 
4 
41 
1 
30 
10 
137 
57 
26 
803 
1 
317 
67 
298 
61 
573 
418 
104 
27 
7 
33 
680 
563 
18 
992 
312 
810 
2 
3 
208 
60 
8 
7 
40 
1 
275 
99 
82 
48 
5 
31 
828 
613 
6 
780 
5 
260 
4 
136 
212 
21 
646 
10 
52 
14 
146 
5 
16 
41 
4 
735 
67 
605 
696 
149 
4 
197 
92 
62 
16 
7 
40 
453 
57 
2 
25 
1 
41 
995 
2 
5 
27 
56 
2 
21 
359 
33 
251 
109 
10 
381 
125 
1 
708 
1 
7 
60 
132 
63 
15 
4 
430 
286 
22 
6 
595 
114 
5 
3 
283 
891 
15 
64 
188 
194 
51 
18 
173 
511 
1 
1 
136 
21 
20 
673 
67 
5 
7 
193 
83 
12 
19 
2 
1 
29 
12 
672 
10 
1 
12 
21 
1 
300 
118 
251 
1 
757 
247 
384 
17 
6 
399 
9 
6 
51 
1 
118 
22 
5 
371 
26 
353 
506 
9 
3 
471 
5 
659 
27 
83 
4 
4 
11 
4 
4 
928 
45 
6 
2 
2 
35 
40 
1 
13 
88 
873 
22 
274 
1 
23 
49 
67 
44 
78 
8 
3 
84 
5 
29 
12 
27 
166 
4 
270 
226 
83 
2 
230 
1 
3 
11 
68 
3 
2 
1 
11 
116 
3 
195 
756 
57 
6 
29 
18 
27 
442 
931 
6 
124 
169 
4 
5 
220 
10 
15 
129 
397 
326 
15 
46 
5 
245 
114 
10 
22 
764 
139 
143 
75 
4 
2 
162 
64 
733 
1 
711 
1 
6 
12 
497 
241 
17 
42 
1 
6 
7 
9 
206 
7 
77 
383 
959 
2 
3 
5 
11 
2 
633 
3 
246 
183 
1 
120 
407 
129 
90 
51 
392 
55 
239 
3 
9 
732 
44 
53 
1 
779 
37 
402 
22 
25 
1 
15 
29 
17 
15 
113 
323 
48 
28 
15 
8 
63 
11 
30 
67 
34 
72 
91 
561 
1 
1 
7 
9 
906 
59 
278 
16 
27 
46 
741 
30 
16 
1 
5 
76 
248 
8 
1 
834 
153 
197 
23 
4 
138 
3 
14 
1 
8 
36 
3 
15 
24 
2 
7 
49 
170 
103 
31 
17 
11 
3 
29 
8 
262 
3 
624 
1 
6 
6 
10 
864 
97 
510 
515 
1 
451 
374 
11 
1 
509 
253 
301 
5 
35 
12 
152 
56 
848 
59 
2 
313 
1 
2 
131 
45 
1 
33 
1 
3 
160 
1 
294 
289 
1 
315 
2 
433 
6 
246 
1 
146 
16 
18 
304 
1 
14 
46 
388 
910 
28 
290 
71 
5 
78 
4 
6 
30 
117 
306 
747 
2 
6 
316 
213 
651 
1 
511 
2 
3 
322 
171 
49 
371 
8 
335 
308 
2 
113 
567 
4 
27 
64 
8 
243 
1 
17 
117 
519 
347 
644 
390 
15 
1 
369 
279 
216 
1 
31 
247 
8 
11 
202 
81 
973 
21 
561 
529 
1 
7 
711 
622 
49 
937 
6 
1 
240 
980 
244 
20 
481 
15 
9 
52 
5 
26 
17 
321 
78 
21 
26 
10 
92 
159 
8 
2 
2 
78 
567 
11 
12 
1 
724 
19 
18 
315 
1 
14 
6 
27 
13 
37 
91 
141 
57 
2 
104 
57 
950 
317 
33 
3 
3 
7 
272 
20 
36 
394 
566 
1 
1 
350 
281 
12 
1 
19 
5 
26 
972 
38 
1 
2 
129 
244 
132 
178 
1 
7 
15 
5 
449 
41 
3 
354 
160 
74 
3 
1 
2 
163 
151 
13 
269 
6 
38 
920 
231 
101 
42 
40 
900 
202 
15 
1 
476 
291 
440 
459 
430 
1 
354 
1 
7 
775 
2 
1 
3 
844 
362 
145 
1 
35 
451 
134 
991 
277 
17 
1 
18 
322 
556 
956 
37 
2 
5 
399 
81 
416 
6 
4 
348 
370 
497 
125 
66 
805 
902 
2 
776 
1 
1 
743 
383 
336 
1 
307 
88 
17 
4 
33 
568 
7 
3 
326 
16 
2 
945 
938 
12 
877 
11 
43 
992 
10 
5 
1 
13 
212 
4 
2 
1 
3 
248 
63 
1 
97 
39 
3 
56 
600 
158 
28 
15 
1 
552 
32 
133 
207 
117 
49 
15 
18 
506 
83 
105 
192 
25 
10 
5 
15 
396 
74 
14 
475 
146 
91 
14 
47 
243 
47 
555 
284 
3 
1 
58 
10 
1 
467 
2 
514 
4 
5 
145 
918 
369 
89 
2 
10 
118 
5 
1 
2 
2 
19 
102 
1 
1 
39 
14 
5 
238 
154 
10 
295 
84 
3 
503 
115 
1 
130 
2 
208 
3 
348 
110 
1 
734 
3 
1 
123 
640 
175 
253 
11 
20 
17 
19 
9 
295 
27 
2 
138 
452 
193 
995 
2 
6 
38 
1 
882 
446 
84 
16 
176 
22 
12 
85 
202 
101 
9 
878 
112 
135 
31 
118 
150 
3 
390 
204 
94 
13 
1 
1 
3 
188 
87 
320 
6 
12 
784 
315 
3 
53 
14 
666 
2 
121 
124 
388 
14 
2 
1 
173 
33 
1 
95 
1 
42 
22 
453 
7 
418 
3 
563 
16 
9 
8 
2 
2 
219 
741 
27 
3 
209 
44 
234 
591 
61 
47 
13 
333 
859 
4 
14 
38 
3 
282 
9 
138 
726 
176 
320 
854 
40 
1 
222 
950 
870 
1 
430 
199 
946 
1 
245 
45 
701 
177 
794 
13 
1 
1 
867 
33 
27 
109 
14 
89 
1 
2 
160 
451 
24 
11 
5 
338 
261 
196 
6 
10 
463 
377 
86 
209 
97 
5 
1 
4 
85 
16 
943 
17 
4 
663 
186 
414 
1 
394 
94 
398 
2 
916 
88 
139 
768 
481 
3 
2 
235 
1 
19 
13 
27 
147 
525 
917 
2 
58 
247 
40 
726 
785 
4 
3 
8 
508 
19 
170 
45 
1 
417 
3 
2 
186 
2 
1 
2 
749 
9 
423 
340 
5 
13 
8 
288 
274 
4 
9 
147 
35 
39 
24 
1 
59 
1 
1 
220 
91 
146 
9 
76 
8 
186 
531 
1 
52 
5 
61 
85 
616 
121 
12 
66 
10 
542 
264 
29 
3 
26 
33 
5 
409 
1 
107 
1 
3 
591 
1 
2 
2 
6 
8 
38 
3 
709 
303 
47 
443 
1 
741 
509 
154 
12 
263 
657 
33 
68 
1 
8 
219 
104 
164 
1 
5 
60 
3 
361 
2 
36 
492 
246 
46 
977 
121 
24 
964 
1 
251 
2 
68 
2 
38 
3 
197 
11 
10 
41 
1 
535 
17 
140 
545 
849 
1 
9 
5 
350 
248 
2 
8 
1 
737 
106 
6 
2 
5 
770 
34 
4 
961 
395 
2 
1 
23 
6 
899 
5 
1 
11 
740 
79 
535 
33 
5 
11 
25 
76 
27 
908 
500 
320 
170 
220 
60 
309 
40 
1 
8 
7 
266 
659 
14 
57 
2 
3 
36 
114 
25 
894 
39 
21 
767 
11 
1 
338 
1 
21 
2 
3 
8 
1 
563 
811 
40 
1 
4 
2 
17 
127 
559 
58 
2 
359 
52 
66 
2 
847 
3 
25 
552 
768 
190 
34 
1 
24 
990 
743 
357 
72 
3 
47 
1 
708 
498 
86 
150 
3 
13 
9 
660 
796 
46 
26 
496 
4 
56 
41 
88 
768 
1 
601 
499 
7 
927 
18 
1 
240 
47 
3 
33 
678 
846 
1 
475 
81 
10 
14 
272 
1 
52 
9 
7 
650 
1 
215 
463 
255 
364 
262 
975 
4 
168 
333 
389 
40 
813 
1 
72 
104 
93 
45 
112 
142 
213 
20 
232 
1 
269 
357 
28 
2 
29 
92 
404 
50 
2 
22 
149 
1 
968 
94 
250 
52 
16 
187 
23 
1 
16 
413 
77 
15 
147 
761 
1 
2 
73 
1 
955 
6 
48 
655 
91 
765 
479 
416 
529 
174 
27 
145 
3 
613 
630 
33 
304 
66 
6 
21 
1 
460 
6 
1 
81 
56 
74 
24 
3 
7 
1 
43 
998 
64 
286 
8 
8 
9 
1 
825 
159 
3 
214 
232 
11 
225 
434 
122 
68 
41 
628 
3 
173 
4 
2 
20 
405 
700 
145 
12 
15 
3 
1 
13 
173 
166 
168 
11 
3 
717 
76 
112 
223 
9 
309 
123 
454 
5 
1 
154 
704 
17 
105 
456 
936 
71 
14 
9 
129 
4 
5 
95 
820 
34 
746 
504 
2 
48 
173 
1 
156 
19 
112 
270 
41 
332 
2 
58 
78 
24 
2 
255 
2 
447 
90 
26 
24 
1 
3 
995 
38 
686 
77 
1 
8 
169 
4 
282 
389 
3 
1 
1 
243 
52 
124 
3 
30 
229 
160 
8 
3 
72 
3 
2 
113 
608 
226 
1 
1 
280 
32 
36 
21 
144 
15 
5 
8 
1 
37 
57 
118 
376 
10 
5 
210 
1 
359 
539 
151 
453 
3 
541 
4 
490 
1 
55 
508 
622 
472 
6 
160 
2 
29 
9 
45 
174 
208 
10 
42 
72 
3 
21 
3 
15 
34 
5 
190 
9 
1 
89 
2 
88 
237 
190 
392 
2 
508 
807 
10 
29 
967 
1 
220 
1 
89 
246 
14 
5 
1 
104 
19 
8 
73 
119 
289 
58 
297 
46 
20 
22 
850 
11 
916 
27 
79 
17 
346 
13 
75 
24 
133 
194 
3 
66 
39 
80 
84 
613 
1 
19 
862 
667 
174 
30 
1 
17 
1 
1 
119 
700 
124 
10 
88 
61 
2 
81 
4 
144 
1 
22 
33 
35 
1 
33 
379 
36 
632 
684 
42 
3 
8 
165 
54 
2 
1 
190 
12 
20 
956 
608 
6 
85 
3 
53 
485 
209 
282 
597 
368 
244 
152 
27 
11 
13 
4 
72 
584 
818 
158 
206 
452 
17 
466 
5 
1 
664 
115 
965 
233 
27 
20 
585 
763 
98 
451 
3 
116 
106 
2 
116 
40 
677 
2 
25 
205 
3 
690 
194 
139 
174 
8 
24 
433 
35 
297 
15 
130 
960 
677 
226 
1 
40 
139 
33 
18 
1 
12 
282 
3 
2 
15 
29 
776 
3 
1 
3 
105 
41 
256 
26 
3 
2 
62 
112 
9 
119 
896 
1 
33 
1 
5 
2 
1 
755 
16 
43 
731 
813 
754 
3 
2 
31 
8 
147 
22 
51 
663 
673 
4 
127 
687 
128 
42 
14 
826 
164 
753 
3 
6 
62 
13 
1 
1 
418 
17 
5 
36 
310 
539 
71 
18 
220 
157 
245 
528 
19 
158 
94 
30 
93 
167 
3 
13 
80 
10 
82 
4 
259 
11 
2 
18 
436 
112 
18 
238 
21 
9 
654 
16 
465 
1 
205 
3 
102 
14 
4 
3 
10 
30 
29 
105 
338 
247 
20 
50 
357 
48 
14 
174 
856 
985 
540 
133 
16 
389 
659 
67 
666 
557 
214 
8 
1 
13 
513 
1 
520 
109 
5 
37 
31 
1 
57 
656 
34 
85 
12 
18 
10 
772 
63 
7 
646 
9 
306 
7 
85 
100 
5 
303 
413 
339 
26 
552 
3 
2 
805 
23 
988 
708 
971 
26 
172 
61 
825 
2 
40 
244 
1 
197 
500 
18 
5 
9 
14 
167 
18 
2 
56 
704 
101 
123 
18 
83 
66 
122 
21 
5 
19 
30 
102 
62 
6 
33 
769 
1 
60 
513 
11 
12 
8 
8 
40 
135 
113 
157 
14 
1 
297 
687 
516 
296 
77 
33 
2 
35 
1 
47 
1 
11 
909 
1 
2 
20 
4 
269 
1 
423 
379 
2 
509 
48 
47 
237 
3 
554 
34 
101 
1 
43 
563 
3 
3 
68 
3 
58 
906 
709 
4 
2 
4 
1 
11 
15 
121 
22 
221 
8 
197 
655 
13 
591 
25 
2 
99 
42 
650 
1 
356 
205 
309 
21 
52 
18 
27 
36 
450 
802 
1 
1 
9 
393 
956 
1 
192 
102 
13 
51 
9 
14 
246 
61 
17 
48 
314 
2 
163 
12 
127 
69 
336 
21 
5 
204 
6 
119 
1 
59 
389 
1 
5 
39 
51 
13 
2 
80 
62 
1 
545 
491 
44 
11 
656 
43 
106 
16 
1 
334 
435 
8 
6 
231 
7 
6 
54 
267 
453 
34 
2 
213 
359 
48 
50 
15 
1 
44 
2 
16 
23 
14 
26 
47 
6 
26 
26 
508 
8 
15 
4 
112 
470 
301 
470 
125 
478 
2 
45 
6 
101 
1 
7 
253 
632 
8 
3 
850 
1 
617 
27 
328 
167 
678 
3 
2 
38 
21 
552 
1 
44 
48 
13 
44 
556 
139 
523 
37 
37 
14 
39 
330 
63 
742 
1 
338 
1 
2 
92 
1 
324 
624 
77 
329 
85 
2 
8 
3 
261 
54 
163 
516 
588 
13 
799 
2 
12 
1 
8 
4 
236 
100 
571 
522 
1 
251 
5 
1 
26 
70 
294 
8 
13 
957 
107 
338 
398 
91 
255 
815 
112 
1 
122 
2 
195 
1 
51 
70 
109 
4 
9 
157 
1 
18 
4 
349 
7 
100 
6 
39 
344 
24 
2 
2 
295 
39 
307 
240 
1 
5 
127 
1 
2 
698 
1 
61 
1 
1 
465 
12 
692 
110 
19 
1 
2 
284 
10 
11 
1 
67 
111 
12 
373 
150 
163 
499 
1 
10 
1 
3 
451 
84 
277 
35 
453 
21 
568 
69 
49 
600 
18 
176 
669 
2 
65 
495 
385 
223 
927 
20 
11 
10 
22 
1 
186 
874 
4 
1 
54 
346 
1 
618 
2 
203 
9 
203 
1 
1 
584 
14 
5 
492 
24 
68 
3 
274 
63 
747 
2 
180 
32 
37 
10 
284 
2 
1 
51 
319 
381 
5 
315 
587 
84 
161 
1 
1 
3 
1 
420 
2 
180 
486 
231 
1 
5 
219 
835 
555 
393 
57 
23 
63 
116 
156 
1 
540 
4 
9 
30 
365 
451 
277 
1 
1 
1 
1 
163 
10 
118 
4 
475 
1 
78 
1 
76 
10 
18 
69 
681 
26 
28 
215 
66 
52 
213 
177 
126 
12 
185 
326 
28 
231 
619 
51 
18 
224 
102 
686 
7 
6 
33 
1 
25 
307 
150 
322 
8 
30 
5 
89 
1 
35 
5 
230 
9 
3 
2 
44 
117 
33 
29 
209 
181 
6 
9 
22 
33 
392 
47 
10 
4 
84 
15 
687 
520 
74 
794 
648 
10 
1 
52 
261 
13 
984 
79 
1 
25 
441 
124 
35 
1 
1 
23 
155 
412 
1 
70 
250 
418 
3 
925 
689 
268 
8 
208 
87 
112 
1 
37 
21 
718 
32 
306 
412 
5 
10 
45 
19 
81 
530 
59 
1 
336 
504 
29 
20 
925 
62 
18 
316 
309 
415 
37 
9 
209 
2 
1 
287 
11 
51 
600 
10 
343 
147 
22 
56 
275 
25 
24 
974 
1 
27 
96 
1 
65 
15 
501 
8 
880 
79 
1 
716 
71 
765 
129 
314 
157 
366 
118 
10 
3 
44 
19 
162 
2 
23 
555 
48 
22 
579 
12 
5 
13 
114 
30 
64 
65 
5 
14 
22 
11 
26 
279 
512 
100 
2 
215 
182 
270 
639 
1 
16 
206 
579 
807 
58 
7 
1 
864 
246 
1 
149 
4 
728 
138 
33 
2 
385 
294 
35 
164 
96 
1 
353 
3 
120 
283 
4 
11 
74 
52 
2 
390 
753 
27 
1 
27 
21 
119 
29 
23 
15 
2 
114 
25 
465 
195 
216 
177 
2 
502 
19 
5 
30 
70 
789 
184 
479 
417 
39 
419 
764 
968 
362 
1 
536 
774 
899 
32 
3 
627 
1 
5 
5 
28 
242 
69 
700 
283 
501 
152 
329 
1 
10 
1 
390 
42 
23 
143 
1 
318 
373 
710 
111 
549 
388 
6 
1 
686 
9 
620 
12 
11 
2 
2 
103 
74 
324 
938 
634 
352 
29 
52 
15 
643 
79 
84 
39 
4 
885 
42 
34 
601 
1 
2 
50 
20 
214 
166 
100 
1 
1 
6 
75 
2 
1 
203 
21 
47 
5 
464 
845 
33 
57 
69 
126 
155 
1 
24 
733 
97 
3 
157 
4 
1 
391 
33 
2 
457 
382 
93 
34 
85 
7 
181 
90 
291 
49 
763 
16 
169 
28 
377 
3 
288 
27 
122 
39 
355 
1 
18 
8 
765 
7 
24 
6 
1 
280 
631 
343 
86 
695 
986 
5 
570 
1 
37 
594 
86 
52 
104 
218 
495 
924 
1 
5 
20 
12 
5 
9 
1 
184 
118 
947 
68 
22 
18 
550 
26 
5 
565 
6 
7 
5 
1 
8 
113 
221 
19 
70 
180 
64 
20 
49 
96 
1 
14 
102 
33 
1 
840 
22 
163 
5 
22 
1 
13 
5 
17 
87 
145 
52 
27 
11 
10 
91 
6 
984 
6 
816 
256 
31 
108 
45 
211 
1 
879 
1 
1 
5 
4 
2 
31 
2 
56 
2 
179 
19 
41 
415 
428 
3 
402 
224 
1 
635 
1 
9 
52 
1 
480 
2 
301 
149 
603 
1 
98 
564 
3 
157 
29 
804 
17 
11 
1 
2 
249 
208 
838 
182 
49 
6 
240 
378 
7 
46 
107 
601 
262 
434 
27 
4 
728 
253 
184 
2 
126 
2 
429 
7 
29 
5 
705 
114 
356 
329 
56 
234 
235 
11 
781 
4 
695 
499 
9 
26 
60 
509 
2 
1 
157 
1 
15 
3 
722 
37 
55 
190 
129 
12 
26 
148 
350 
33 
257 
138 
536 
9 
4 
327 
580 
25 
390 
73 
5 
58 
236 
5 
149 
91 
3 
2 
1 
128 
65 
417 
712 
50 
22 
18 
3 
437 
6 
12 
6 
12 
170 
28 
1 
3 
5 
48 
17 
217 
7 
239 
7 
1 
5 
176 
56 
73 
3 
201 
23 
131 
52 
81 
434 
906 
198 
185 
269 
230 
233 
53 
2 
72 
17 
1 
512 
4 
126 
41 
50 
9 
227 
4 
40 
171 
2 
6 
972 
160 
424 
1 
2 
1 
14 
485 
2 
1 
733 
680 
368 
575 
310 
126 
805 
524 
51 
21 
1 
2 
335 
334 
3 
1 
236 
391 
244 
333 
341 
44 
14 
42 
530 
130 
484 
513 
86 
10 
1 
142 
77 
29 
13 
997 
4 
936 
1 
12 
26 
11 
573 
15 
138 
31 
4 
21 
121 
597 
26 
27 
319 
22 
34 
111 
191 
48 
1 
4 
2 
375 
436 
42 
52 
4 
432 
178 
23 
895 
990 
10 
265 
18 
44 
3 
13 
6 
25 
175 
113 
23 
530 
309 
594 
2 
3 
8 
313 
54 
3 
1 
74 
11 
1 
26 
648 
76 
471 
64 
71 
1 
2 
454 
295 
412 
4 
21 
3 
15 
8 
19 
464 
100 
17 
17 
226 
264 
16 
11 
4 
2 
1 
545 
3 
536 
113 
4 
2 
13 
1 
35 
1 
66 
269 
1 
2 
142 
4 
326 
26 
70 
1 
65 
4 
729 
30 
52 
557 
2 
144 
5 
457 
6 
5 
586 
347 
555 
133 
2 
713 
77 
21 
97 
181 
80 
297 
50 
71 
768 
12 
22 
15 
2 
4 
8 
440 
946 
1 
291 
45 
26 
308 
3 
399 
4 
16 
639 
243 
287 
461 
59 
223 
359 
1 
5 
3 
203 
55 
53 
118 
2 
111 
27 
1 
91 
27 
1 
5 
57 
245 
119 
86 
43 
177 
1 
143 
200 
523 
8 
39 
145 
67 
47 
168 
4 
246 
103 
621 
45 
768 
239 
107 
400 
19 
29 
1 
161 
316 
3 
99 
1 
83 
22 
20 
6 
294 
37 
166 
126 
464 
461 
30 
283 
258 
195 
2 
1 
5 
6 
2 
3 
141 
32 
713 
1 
4 
96 
1 
3 
2 
1 
4 
247 
41 
74 
226 
110 
479 
151 
25 
1 
41 
50 
738 
6 
1 
1 
2 
13 
52 
16 
55 
1 
42 
696 
107 
6 
1 
89 
7 
10 
4 
44 
263 
51 
46 
3 
33 
11 
109 
31 
199 
30 
70 
648 
208 
493 
466 
766 
2 
234 
9 
126 
435 
21 
159 
8 
246 
77 
4 
16 
377 
6 
1 
236 
1 
488 
378 
839 
1 
44 
113 
1 
15 
28 
765 
840 
74 
592 
81 
351 
88 
58 
92 
1 
81 
52 
86 
1 
85 
228 
13 
120 
12 
5 
3 
1 
8 
358 
1 
326 
2 
103 
791 
527 
999 
8 
41 
790 
2 
782 
58 
1 
13 
4 
86 
8 
397 
84 
229 
533 
805 
9 
91 
76 
5 
272 
9 
120 
73 
32 
39 
402 
4 
27 
1 
12 
1 
536 
90 
1 
1 
517 
13 
15 
22 
161 
40 
107 
7 
965 
615 
1 
11 
151 
106 
79 
91 
1 
570 
3 
8 
467 
99 
3 
72 
383 
18 
429 
5 
1 
21 
81 
1 
22 
13 
170 
68 
3 
237 
21 
683 
70 
15 
372 
581 
607 
71 
1 
2 
1 
37 
82 
105 
984 
589 
169 
96 
41 
2 
244 
3 
1 
6 
3 
8 
164 
187 
54 
1 
22 
37 
517 
119 
288 
52 
32 
1 
84 
8 
946 
480 
265 
27 
238 
209 
48 
8 
20 
329 
24 
913 
969 
92 
20 
426 
1 
37 
4 
2 
222 
78 
2 
2 
39 
24 
173 
7 
52 
3 
212 
664 
791 
1 
1 
13 
1 
2 
7 
4 
49 
11 
10 
692 
61 
6 
225 
72 
1 
3 
274 
312 
143 
78 
87 
59 
6 
1 
873 
52 
718 
2 
13 
1 
85 
2 
26 
5 
33 
1 
121 
820 
38 
286 
8 
258 
4 
973 
476 
8 
52 
103 
262 
67 
1 
114 
5 
828 
20 
2 
146 
510 
53 
769 
1 
178 
152 
10 
18 
84 
70 
859 
2 
777 
5 
79 
250 
3 
18 
13 
172 
34 
105 
20 
35 
6 
55 
131 
1 
1 
5 
501 
9 
186 
4 
13 
548 
131 
1 
428 
136 
1 
511 
894 
66 
288 
6 
10 
993 
23 
10 
147 
27 
25 
2 
5 
11 
158 
112 
10 
782 
135 
24 
1 
705 
80 
106 
610 
1 
6 
82 
9 
387 
3 
24 
22 
1 
1 
387 
39 
14 
2 
121 
3 
45 
878 
16 
919 
276 
108 
100 
124 
672 
52 
263 
159 
10 
40 
1 
19 
13 
3 
74 
1 
2 
82 
3 
15 
1 
786 
11 
236 
57 
97 
643 
2 
1 
42 
74 
515 
353 
53 
981 
95 
402 
490 
150 
4 
1 
215 
271 
1 
472 
105 
366 
772 
33 
151 
446 
613 
73 
151 
796 
211 
83 
151 
696 
20 
70 
5 
2 
2 
691 
18 
1 
14 
1 
133 
21 
116 
58 
17 
7 
106 
80 
10 
20 
226 
6 
1 
1 
28 
154 
15 
8 
31 
20 
1 
193 
1 
3 
412 
717 
111 
7 
399 
96 
107 
3 
814 
81 
174 
197 
60 
53 
1 
541 
61 
8 
759 
205 
82 
27 
26 
196 
16 
295 
714 
19 
49 
96 
3 
498 
679 
129 
364 
76 
36 
862 
496 
14 
25 
59 
1 
126 
598 
5 
86 
164 
112 
491 
8 
80 
563 
186 
87 
352 
11 
963 
6 
1 
401 
234 
1 
5 
1 
10 
1 
21 
1 
271 
134 
1 
2 
85 
74 
48 
191 
286 
152 
71 
943 
2 
376 
151 
565 
836 
164 
1 
55 
19 
8 
5 
11 
11 
28 
900 
135 
933 
4 
3 
178 
160 
64 
45 
37 
5 
317 
1 
2 
683 
531 
53 
16 
397 
1 
13 
54 
24 
1 
128 
270 
6 
800 
2 
3 
36 
18 
4 
25 
259 
3 
221 
6 
51 
29 
2 
167 
909 
24 
11 
1 
92 
5 
5 
7 
739 
22 
136 
8 
60 
503 
11 
3 
5 
107 
33 
385 
14 
412 
219 
8 
208 
11 
73 
15 
571 
509 
1 
273 
29 
1 
2 
2 
102 
200 
1 
167 
240 
3 
294 
280 
14 
275 
440 
371 
623 
5 
432 
143 
25 
14 
350 
571 
923 
69 
2 
18 
9 
157 
741 
221 
52 
203 
50 
28 
25 
346 
342 
244 
30 
31 
57 
9 
5 
463 
458 
166 
534 
935 
669 
175 
372 
356 
809 
23 
4 
9 
10 
338 
5 
10 
24 
243 
25 
425 
457 
31 
7 
153 
20 
364 
86 
4 
28 
23 
52 
227 
434 
16 
2 
3 
589 
214 
85 
7 
71 
3 
39 
1 
2 
3 
68 
1 
72 
21 
495 
765 
379 
561 
31 
218 
284 
206 
305 
1 
125 
52 
102 
23 
376 
202 
8 
1 
28 
9 
578 
11 
729 
526 
13 
17 
1 
9 
279 
3 
449 
14 
59 
2 
709 
248 
110 
768 
21 
5 
6 
1 
122 
6 
21 
4 
261 
334 
457 
279 
873 
600 
5 
14 
54 
1 
26 
190 
1 
357 
678 
16 
163 
364 
60 
20 
1 
135 
191 
584 
53 
581 
371 
695 
48 
660 
544 
122 
79 
9 
214 
92 
81 
4 
29 
563 
262 
529 
713 
17 
1 
29 
1 
19 
517 
277 
144 
934 
390 
767 
52 
10 
2 
2 
280 
830 
5 
57 
322 
2 
3 
65 
567 
2 
3 
95 
1 
268 
24 
145 
26 
28 
80 
428 
643 
2 
493 
65 
142 
7 
136 
6 
12 
258 
665 
22 
28 
233 
87 
1 
447 
44 
18 
3 
9 
21 
148 
22 
1 
652 
75 
126 
306 
787 
529 
5 
7 
80 
2 
9 
466 
753 
404 
3 
71 
1 
88 
2 
3 
285 
168 
356 
18 
11 
509 
283 
1 
24 
420 
17 
54 
9 
4 
338 
72 
1 
1 
729 
54 
124 
248 
4 
39 
5 
593 
211 
879 
69 
9 
1 
3 
9 
160 
588 
324 
186 
14 
38 
71 
30 
2 
694 
744 
46 
3 
692 
217 
28 
17 
570 
36 
37 
8 
39 
1 
22 
17 
227 
157 
1 
4 
1 
337 
56 
850 
3 
434 
18 
952 
299 
443 
1 
2 
164 
837 
109 
13 
31 
3 
542 
123 
3 
690 
3 
2 
2 
449 
1 
1 
813 
238 
276 
7 
33 
3 
8 
867 
816 
11 
9 
192 
122 
2 
341 
120 
390 
2 
29 
165 
38 
1 
17 
901 
36 
206 
15 
757 
444 
11 
4 
223 
257 
61 
67 
1 
23 
299 
496 
13 
57 
72 
194 
816 
659 
37 
3 
666 
215 
70 
88 
26 
5 
510 
618 
3 
796 
192 
236 
127 
1 
28 
38 
1 
2 
26 
32 
640 
15 
85 
113 
374 
72 
767 
1 
1 
543 
293 
51 
5 
21 
59 
220 
26 
91 
70 
76 
66 
169 
31 
1 
229 
426 
4 
28 
5 
9 
13 
446 
603 
72 
2 
985 
369 
6 
3 
740 
63 
20 
3 
231 
233 
1 
3 
68 
291 
4 
62 
7 
92 
8 
14 
1 
752 
909 
6 
36 
21 
208 
11 
160 
78 
10 
19 
71 
342 
8 
6 
6 
8 
427 
17 
29 
6 
2 
1 
51 
417 
874 
493 
11 
1 
38 
16 
986 
32 
302 
563 
12 
1 
6 
957 
1 
2 
16 
21 
18 
699 
57 
27 
458 
504 
11 
49 
36 
317 
65 
88 
28 
9 
31 
1 
88 
4 
8 
12 
359 
7 
284 
59 
4 
3 
505 
2 
239 
24 
1 
516 
14 
529 
96 
16 
6 
506 
57 
141 
990 
28 
2 
12 
20 
8 
130 
1 
402 
24 
7 
151 
27 
763 
998 
14 
31 
13 
445 
13 
32 
35 
87 
1 
339 
24 
19 
11 
376 
445 
3 
614 
36 
996 
173 
735 
181 
375 
208 
669 
152 
2 
1 
797 
11 
274 
268 
6 
43 
235 
19 
1 
9 
1 
177 
145 
271 
629 
1 
24 
8 
78 
879 
10 
387 
17 
456 
3 
2 
8 
24 
1 
1 
424 
3 
1 
7 
18 
1 
672 
8 
4 
598 
12 
160 
712 
748 
23 
43 
883 
17 
22 
181 
1 
35 
30 
123 
103 
525 
1 
25 
3 
348 
91 
1 
19 
801 
117 
38 
11 
11 
6 
4 
504 
422 
1 
106 
4 
4 
332 
27 
356 
590 
45 
77 
10 
69 
45 
361 
251 
37 
359 
3 
14 
16 
709 
1 
3 
297 
1 
246 
55 
5 
80 
201 
926 
287 
263 
424 
746 
680 
36 
7 
309 
86 
646 
7 
25 
423 
1 
488 
1 
708 
10 
9 
396 
368 
16 
6 
708 
432 
43 
100 
148 
215 
469 
4 
494 
16 
1 
8 
1 
1 
562 
22 
8 
232 
323 
36 
2 
15 
2 
303 
2 
120 
1 
386 
795 
2 
119 
17 
24 
882 
79 
12 
268 
222 
28 
6 
4 
27 
201 
1 
823 
1 
31 
465 
6 
1 
108 
1 
452 
4 
493 
703 
4 
11 
160 
10 
1 
309 
20 
1 
46 
36 
2 
286 
82 
1 
101 
317 
34 
522 
20 
608 
7 
14 
750 
1 
1 
17 
322 
2 
27 
3 
568 
2 
1 
431 
38 
51 
75 
425 
130 
1 
98 
163 
585 
176 
43 
7 
5 
23 
80 
221 
109 
205 
2 
846 
17 
95 
557 
288 
21 
17 
14 
442 
657 
5 
3 
899 
313 
4 
398 
4 
543 
13 
781 
388 
460 
125 
371 
1 
3 
250 
32 
491 
73 
6 
137 
5 
85 
20 
26 
23 
642 
90 
1 
65 
3 
7 
1 
179 
122 
62 
1 
1 
181 
69 
138 
225 
91 
32 
484 
911 
168 
29 
904 
15 
154 
101 
371 
2 
400 
3 
205 
971 
3 
59 
19 
10 
3 
51 
844 
93 
119 
55 
542 
21 
7 
219 
3 
485 
117 
224 
3 
93 
7 
924 
23 
4 
67 
11 
49 
2 
6 
7 
26 
71 
3 
544 
14 
28 
608 
463 
548 
274 
99 
251 
9 
21 
148 
100 
956 
259 
884 
91 
2 
486 
964 
49 
12 
941 
204 
4 
405 
256 
467 
2 
4 
21 
12 
2 
47 
2 
7 
32 
381 
505 
78 
35 
651 
18 
52 
116 
4 
6 
47 
13 
3 
12 
163 
4 
1 
929 
2 
431 
33 
28 
579 
308 
3 
8 
35 
17 
213 
3 
61 
3 
1 
363 
12 
71 
72 
11 
12 
1 
1 
4 
372 
16 
775 
76 
88 
72 
2 
7 
94 
6 
59 
209 
12 
693 
18 
136 
265 
109 
4 
611 
409 
5 
312 
363 
1 
76 
434 
250 
478 
95 
495 
5 
20 
76 
8 
54 
613 
4 
173 
1 
1 
12 
3 
57 
288 
274 
201 
877 
442 
1 
6 
42 
102 
540 
238 
53 
39 
498 
113 
11 
2 
245 
725 
28 
2 
3 
3 
1 
6 
67 
16 
744 
709 
620 
14 
1 
108 
251 
408 
1 
47 
168 
534 
859 
190 
73 
406 
426 
7 
8 
70 
24 
887 
1 
1 
537 
4 
3 
3 
249 
86 
127 
1 
6 
9 
1 
73 
1 
25 
265 
15 
66 
2 
61 
969 
343 
55 
8 
602 
21 
9 
304 
141 
4 
28 
74 
13 
948 
1 
53 
46 
485 
10 
970 
539 
456 
1 
2 
101 
285 
928 
7 
123 
31 
4 
1 
196 
11 
9 
1 
2 
616 
102 
382 
15 
243 
2 
1 
1 
7 
601 
2 
1 
4 
156 
2 
1 
157 
764 
17 
11 
2 
278 
3 
10 
2 
164 
344 
20 
415 
93 
301 
4 
294 
926 
11 
26 
6 
156 
6 
346 
625 
979 
21 
634 
1 
16 
166 
98 
646 
381 
3 
10 
4 
47 
458 
5 
611 
22 
3 
17 
712 
346 
6 
10 
16 
13 
11 
848 
61 
2 
29 
646 
336 
651 
227 
111 
52 
520 
226 
683 
6 
50 
1 
24 
31 
394 
10 
234 
26 
9 
467 
957 
861 
460 
27 
295 
1 
175 
38 
139 
302 
302 
421 
156 
245 
21 
3 
1 
2 
62 
5 
156 
112 
52 
23 
70 
72 
645 
305 
593 
669 
114 
17 
2 
27 
1 
56 
1 
197 
149 
937 
172 
698 
17 
163 
15 
981 
16 
198 
274 
79 
19 
38 
398 
648 
213 
16 
1 
7 
239 
12 
9 
590 
103 
16 
261 
4 
23 
202 
570 
405 
1 
630 
1 
253 
205 
47 
64 
13 
4 
53 
355 
18 
31 
615 
549 
339 
3 
21 
635 
368 
18 
340 
6 
34 
11 
65 
3 
22 
40 
149 
2 
179 
105 
108 
705 
1 
21 
44 
99 
2 
4 
64 
1 
338 
1 
87 
81 
53 
117 
62 
2 
553 
32 
10 
2 
5 
8 
110 
10 
404 
16 
14 
21 
1 
1 
3 
8 
993 
1 
571 
12 
287 
23 
624 
357 
794 
399 
13 
15 
171 
1 
1 
2 
116 
19 
12 
7 
608 
4 
41 
69 
36 
143 
2 
18 
256 
1 
433 
169 
229 
12 
13 
678 
20 
8 
654 
6 
4 
11 
32 
138 
85 
248 
139 
798 
432 
875 
143 
409 
88 
2 
155 
413 
82 
21 
846 
833 
47 
18 
104 
1 
70 
188 
12 
63 
22 
16 
56 
3 
953 
14 
2 
766 
102 
61 
727 
115 
283 
516 
179 
836 
924 
209 
5 
92 
35 
145 
781 
593 
44 
8 
65 
88 
11 
259 
8 
347 
126 
12 
1 
51 
361 
46 
249 
258 
5 
469 
75 
7 
9 
1 
69 
239 
84 
12 
8 
103 
2 
62 
1 
1 
94 
3 
123 
93 
933 
1 
2 
573 
48 
49 
1 
56 
1 
5 
305 
1 
2 
474 
364 
109 
2 
312 
104 
183 
1 
622 
123 
23 
400 
19 
11 
139 
282 
5 
4 
3 
77 
5 
87 
400 
402 
2 
27 
1 
4 
3 
1 
474 
1 
979 
48 
237 
1 
671 
938 
98 
41 
38 
21 
2 
80 
301 
8 
1 
160 
10 
653 
102 
854 
114 
62 
475 
88 
48 
98 
12 
541 
1 
4 
172 
367 
72 
6 
94 
9 
115 
533 
18 
39 
1 
6 
11 
2 
5 
461 
615 
28 
3 
218 
838 
2 
10 
15 
1 
1 
110 
487 
1 
7 
848 
1 
10 
2 
635 
7 
3 
141 
2 
68 
1 
101 
280 
1 
963 
5 
515 
189 
20 
525 
323 
49 
304 
5 
2 
96 
3 
1 
67 
73 
45 
713 
148 
47 
55 
24 
88 
1 
27 
1 
334 
2 
31 
396 
13 
51 
179 
399 
29 
1 
280 
1 
37 
6 
21 
41 
699 
9 
5 
2 
606 
1 
3 
711 
153 
158 
883 
126 
2 
289 
862 
998 
535 
344 
285 
356 
6 
31 
949 
80 
869 
293 
15 
10 
34 
12 
21 
15 
15 
1 
828 
44 
76 
1 
69 
2 
39 
722 
122 
1 
974 
101 
18 
1 
3 
101 
922 
263 
750 
682 
1 
20 
59 
1 
8 
4 
550 
23 
337 
18 
1 
25 
462 
177 
61 
3 
994 
3 
3 
367 
2 
432 
1 
464 
584 
8 
15 
510 
64 
1 
56 
1 
14 
161 
1 
440 
24 
33 
718 
76 
957 
12 
71 
290 
10 
25 
4 
4 
2 
6 
2 
318 
672 
1 
500 
29 
398 
120 
1 
20 
344 
1 
6 
657 
853 
546 
388 
955 
905 
132 
91 
25 
786 
1 
11 
179 
21 
626 
13 
876 
369 
8 
2 
101 
354 
934 
467 
43 
6 
23 
1 
220 
133 
482 
61 
91 
37 
21 
1 
574 
75 
48 
454 
2 
26 
60 
21 
10 
257 
4 
32 
20 
1 
3 
361 
15 
66 
80 
14 
43 
4 
2 
1 
85 
923 
29 
191 
48 
604 
1 
5 
782 
729 
28 
4 
152 
60 
1 
3 
69 
12 
589 
760 
522 
1 
71 
190 
1 
2 
555 
1 
425 
124 
1 
65 
40 
299 
29 
42 
2 
546 
45 
28 
2 
24 
161 
78 
80 
919 
149 
280 
57 
66 
697 
29 
193 
2 
1 
53 
160 
7 
198 
78 
532 
752 
110 
720 
868 
100 
284 
8 
73 
402 
1 
769 
10 
97 
151 
1 
1 
41 
89 
37 
1 
208 
12 
136 
868 
623 
84 
54 
126 
1 
90 
359 
15 
9 
1 
7 
226 
215 
388 
102 
1 
37 
853 
82 
227 
221 
18 
221 
1 
1 
318 
160 
2 
384 
31 
37 
1 
16 
502 
57 
81 
4 
6 
4 
1 
19 
749 
33 
83 
13 
236 
210 
11 
185 
70 
14 
29 
969 
24 
337 
698 
2 
29 
62 
618 
4 
223 
264 
53 
84 
2 
97 
178 
330 
40 
1 
15 
14 
17 
107 
15 
334 
26 
44 
233 
2 
168 
5 
2 
43 
89 
1 
33 
616 
99 
7 
36 
195 
17 
4 
7 
13 
1 
116 
874 
2 
539 
783 
1 
1 
11 
204 
3 
705 
62 
1 
648 
95 
705 
243 
6 
886 
24 
906 
945 
32 
2 
64 
312 
264 
4 
90 
2 
257 
669 
8 
1 
265 
101 
2 
6 
46 
91 
5 
6 
8 
368 
118 
352 
27 
1 
106 
51 
32 
399 
161 
332 
16 
7 
23 
2 
15 
137 
535 
143 
473 
2 
456 
1 
473 
1 
174 
9 
446 
6 
1 
7 
8 
80 
414 
38 
637 
2 
170 
692 
285 
49 
61 
2 
1 
105 
306 
91 
31 
41 
2 
8 
31 
11 
8 
1 
467 
162 
9 
126 
135 
1 
4 
52 
203 
25 
43 
13 
8 
1 
592 
217 
13 
2 
15 
16 
106 
1 
11 
18 
477 
28 
13 
259 
32 
419 
47 
2 
2 
69 
170 
94 
19 
1 
43 
31 
2 
63 
1 
280 
111 
7 
145 
1 
360 
209 
36 
6 
884 
104 
108 
39 
48 
485 
975 
27 
1 
986 
376 
5 
525 
52 
2 
281 
233 
8 
7 
8 
134 
648 
1 
2 
50 
1 
211 
197 
84 
6 
11 
1 
26 
85 
1 
267 
18 
26 
65 
229 
81 
1 
234 
9 
141 
1 
38 
11 
78 
1 
783 
64 
2 
2 
1 
933 
11 
177 
9 
429 
178 
29 
23 
34 
119 
4 
3 
1 
373 
197 
807 
14 
13 
350 
6 
13 
14 
11 
101 
1 
1 
3 
621 
2 
76 
4 
384 
1 
19 
86 
843 
6 
59 
94 
304 
7 
2 
16 
84 
4 
17 
936 
2 
34 
4 
50 
187 
52 
108 
92 
273 
116 
6 
204 
35 
31 
48 
106 
57 
44 
5 
81 
11 
428 
4 
49 
3 
392 
187 
35 
17 
293 
855 
199 
31 
64 
528 
64 
916 
1 
71 
9 
601 
2 
475 
527 
731 
22 
264 
18 
145 
115 
91 
369 
1 
4 
4 
40 
684 
113 
42 
129 
2 
786 
1 
28 
1 
74 
156 
58 
589 
19 
75 
1 
324 
732 
149 
218 
201 
77 
498 
6 
300 
295 
491 
837 
3 
29 
1 
235 
342 
2 
21 
298 
476 
908 
1 
60 
894 
288 
725 
79 
1 
95 
24 
34 
8 
157 
504 
455 
27 
550 
4 
612 
970 
18 
13 
108 
85 
781 
1 
1 
85 
8 
158 
109 
81 
7 
7 
18 
981 
2 
73 
338 
950 
283 
1 
555 
32 
165 
26 
486 
17 
167 
41 
102 
199 
169 
15 
12 
481 
567 
126 
6 
183 
1 
450 
612 
49 
766 
3 
305 
2 
35 
18 
98 
148 
4 
117 
128 
133 
1 
800 
123 
78 
82 
291 
66 
647 
2 
1 
438 
738 
73 
27 
670 
5 
853 
1 
3 
1 
355 
339 
720 
184 
2 
22 
7 
29 
4 
2 
439 
6 
1 
466 
35 
2 
471 
355 
18 
9 
4 
52 
38 
481 
8 
20 
182 
5 
1 
2 
12 
3 
3 
2 
43 
134 
371 
14 
9 
4 
99 
25 
7 
97 
74 
638 
585 
55 
514 
93 
84 
395 
229 
17 
3 
7 
1 
387 
1 
53 
97 
107 
21 
95 
25 
223 
7 
11 
31 
28 
636 
27 
5 
844 
333 
143 
21 
143 
77 
42 
216 
40 
8 
3 
868 
8 
33 
465 
10 
61 
6 
68 
14 
434 
327 
5 
7 
467 
6 
4 
786 
723 
10 
24 
11 
4 
3 
575 
21 
685 
34 
128 
5 
143 
729 
373 
16 
308 
100 
837 
154 
966 
2 
31 
39 
296 
6 
61 
72 
27 
223 
614 
240 
19 
1 
5 
16 
15 
59 
5 
17 
10 
18 
15 
194 
12 
172 
10 
146 
36 
18 
64 
1 
968 
1 
776 
619 
9 
8 
289 
655 
1 
26 
1 
129 
2 
178 
31 
380 
75 
7 
89 
259 
744 
1 
51 
2 
888 
1 
145 
1 
943 
99 
3 
605 
319 
28 
616 
77 
1 
33 
717 
15 
16 
434 
450 
57 
91 
8 
145 
355 
918 
59 
30 
878 
134 
505 
290 
105 
67 
73 
49 
124 
1 
21 
17 
34 
593 
2 
66 
66 
3 
6 
931 
10 
349 
2 
3 
66 
1 
14 
9 
6 
85 
1 
126 
764 
114 
5 
2 
430 
175 
135 
14 
177 
2 
494 
185 
59 
967 
872 
170 
406 
2 
6 
8 
20 
18 
445 
3 
953 
108 
4 
704 
58 
1 
92 
31 
658 
175 
657 
461 
410 
28 
7 
16 
120 
217 
25 
137 
999 
436 
273 
107 
1 
11 
425 
12 
5 
703 
159 
896 
2 
1 
349 
1 
303 
605 
291 
597 
356 
1 
2 
266 
604 
240 
649 
5 
288 
34 
156 
18 
5 
423 
11 
119 
58 
118 
368 
851 
2 
5 
5 
793 
69 
11 
2 
87 
569 
94 
1 
9 
5 
25 
1 
90 
13 
17 
309 
566 
327 
337 
13 
167 
1 
14 
556 
82 
40 
62 
61 
8 
686 
134 
9 
168 
1 
49 
90 
106 
159 
4 
417 
2 
181 
8 
4 
62 
22 
1 
5 
104 
2 
9 
382 
9 
23 
4 
5 
1 
230 
260 
121 
251 
7 
3 
40 
497 
2 
599 
53 
5 
448 
1 
38 
32 
44 
5 
112 
27 
73 
3 
42 
58 
12 
3 
605 
7 
19 
415 
304 
4 
371 
37 
698 
26 
331 
58 
159 
88 
25 
2 
33 
3 
62 
957 
348 
494 
11 
324 
225 
25 
26 
466 
5 
232 
244 
17 
32 
25 
32 
5 
601 
1 
494 
3 
67 
231 
172 
100 
46 
7 
3 
3 
104 
3 
386 
2 
265 
982 
7 
4 
116 
325 
1 
2 
8 
13 
416 
9 
3 
230 
2 
243 
62 
23 
213 
160 
721 
1000 
6 
99 
2 
192 
96 
13 
10 
1 
21 
19 
26 
6 
34 
10 
478 
9 
131 
39 
938 
188 
236 
13 
177 
168 
11 
26 
522 
13 
47 
14 
252 
74 
22 
319 
248 
14 
11 
19 
179 
1 
205 
5 
17 
160 
6 
1 
13 
6 
720 
103 
948 
14 
3 
983 
1 
22 
6 
151 
9 
730 
4 
31 
5 
32 
2 
4 
480 
85 
88 
1 
688 
1 
337 
3 
91 
1 
620 
22 
20 
1 
308 
59 
7 
8 
34 
702 
11 
6 
209 
13 
268 
400 
130 
129 
777 
447 
14 
1 
313 
18 
3 
8 
1 
904 
179 
182 
319 
8 
61 
53 
1 
12 
926 
73 
1 
786 
716 
208 
2 
16 
62 
184 
3 
500 
923 
109 
2 
110 
196 
95 
135 
5 
335 
35 
64 
397 
85 
280 
248 
23 
18 
1 
37 
1 
9 
20 
10 
1 
40 
656 
554 
1 
4 
8 
326 
682 
6 
596 
3 
349 
291 
1 
684 
560 
551 
781 
288 
2 
203 
51 
2 
17 
1 
4 
331 
686 
6 
44 
105 
712 
949 
27 
8 
566 
3 
165 
206 
48 
1 
1 
11 
136 
771 
417 
545 
17 
9 
572 
12 
3 
20 
1 
2 
60 
149 
1 
1 
1 
265 
52 
65 
54 
344 
566 
668 
17 
440 
1 
6 
366 
1 
1 
4 
143 
43 
14 
796 
499 
484 
1 
145 
281 
13 
79 
1 
1 
21 
6 
186 
74 
1 
61 
126 
335 
690 
113 
23 
65 
291 
262 
71 
2 
499 
3 
9 
144 
34 
348 
45 
26 
69 
334 
1 
415 
77 
531 
37 
37 
4 
67 
2 
2 
3 
1 
592 
225 
4 
329 
185 
11 
443 
671 
832 
317 
7 
11 
107 
10 
841 
421 
212 
2 
3 
6 
286 
2 
148 
2 
32 
10 
3 
93 
147 
32 
11 
585 
592 
132 
772 
43 
264 
10 
372 
1 
425 
3 
580 
434 
489 
10 
1 
77 
715 
40 
157 
154 
195 
842 
90 
6 
4 
52 
3 
9 
45 
20 
290 
88 
293 
15 
3 
23 
9 
376 
172 
97 
180 
312 
181 
277 
26 
14 
81 
151 
30 
989 
14 
3 
478 
491 
2 
101 
60 
18 
26 
351 
1 
1 
437 
16 
892 
331 
80 
660 
469 
45 
74 
12 
2 
193 
24 
48 
29 
24 
4 
74 
536 
250 
1 
11 
102 
750 
75 
5 
13 
800 
1 
1 
17 
32 
68 
35 
53 
17 
2 
82 
1 
3 
146 
8 
3 
7 
10 
196 
694 
5 
25 
429 
3 
250 
937 
158 
1 
622 
21 
2 
4 
125 
8 
572 
225 
13 
24 
709 
12 
418 
115 
4 
8 
255 
375 
13 
220 
839 
2 
34 
951 
256 
11 
92 
14 
443 
522 
4 
111 
130 
484 
71 
7 
5 
1 
32 
2 
99 
37 
4 
88 
19 
199 
103 
168 
868 
910 
10 
301 
3 
589 
17 
90 
467 
133 
13 
6 
44 
29 
11 
131 
86 
2 
139 
323 
3 
816 
31 
3 
10 
24 
82 
9 
1 
308 
3 
7 
2 
5 
22 
86 
24 
5 
177 
6 
907 
185 
6 
245 
286 
390 
12 
333 
66 
2 
135 
283 
6 
135 
23 
56 
154 
13 
5 
23 
12 
23 
90 
119 
6 
21 
552 
24 
11 
180 
62 
581 
1 
232 
16 
69 
95 
3 
12 
42 
8 
226 
12 
354 
5 
453 
1 
15 
10 
1 
14 
1 
277 
375 
11 
166 
748 
13 
394 
244 
62 
46 
2 
243 
5 
214 
4 
86 
2 
393 
40 
268 
704 
3 
925 
8 
271 
83 
315 
14 
312 
15 
9 
11 
58 
82 
681 
33 
476 
559 
13 
534 
12 
4 
7 
234 
642 
165 
1 
162 
12 
369 
696 
2 
271 
34 
35 
1 
2 
3 
435 
5 
133 
702 
166 
1 
2 
1 
320 
209 
42 
16 
12 
187 
144 
1 
133 
13 
64 
8 
38 
113 
590 
225 
502 
725 
21 
754 
157 
271 
120 
82 
19 
242 
37 
159 
8 
311 
602 
11 
695 
4 
636 
255 
24 
141 
171 
624 
101 
28 
26 
28 
389 
43 
257 
94 
929 
721 
119 
5 
31 
747 
13 
327 
151 
307 
1 
32 
31 
121 
218 
651 
555 
71 
42 
12 
159 
4 
1 
226 
157 
820 
6 
1 
1 
714 
56 
13 
24 
14 
1 
9 
667 
33 
247 
2 
2 
82 
465 
377 
11 
691 
11 
2 
514 
1 
282 
787 
132 
18 
86 
82 
1 
265 
2 
799 
747 
35 
245 
809 
21 
5 
1 
3 
7 
768 
3 
70 
150 
655 
270 
4 
71 
158 
3 
1 
407 
2 
19 
21 
11 
3 
214 
1 
271 
513 
5 
18 
