1 
8 
3 
1 
236 
6 
14 
10 
10 
3 
2 
63 
1 
5 
23 
172 
5 
1 
2 
76 
24 
18 
10 
2 
3 
130 
1 
2 
21 
63 
1 
5 
306 
14 
1 
27 
641 
4 
354 
1 
65 
145 
578 
3 
1 
134 
570 
74 
998 
135 
7 
2 
28 
1 
594 
180 
4 
270 
1 
43 
590 
17 
47 
13 
220 
8 
461 
979 
7 
149 
13 
2 
1 
1 
173 
1 
4 
17 
5 
10 
1 
5 
1 
21 
17 
449 
1 
799 
937 
107 
19 
5 
238 
36 
12 
3 
15 
2 
665 
20 
387 
1 
1 
659 
52 
3 
171 
5 
283 
11 
13 
2 
1 
132 
268 
2 
92 
4 
240 
8 
1 
1 
1 
18 
3 
145 
4 
34 
894 
11 
91 
1 
38 
12 
2 
3 
12 
30 
9 
3 
11 
13 
1 
32 
156 
12 
19 
2 
106 
5 
1 
20 
5 
2 
13 
435 
6 
1 
191 
184 
70 
2 
3 
2 
3 
420 
52 
19 
7 
13 
8 
80 
1 
116 
114 
1 
116 
11 
28 
1 
204 
763 
343 
2 
1 
5 
10 
980 
87 
10 
2 
19 
26 
928 
3 
1 
9 
648 
182 
1 
21 
69 
232 
12 
5 
2 
392 
40 
1 
18 
4 
35 
195 
1 
19 
265 
144 
104 
1 
2 
83 
107 
1 
65 
209 
5 
4 
12 
2 
1 
14 
123 
834 
15 
606 
294 
5 
371 
10 
41 
55 
189 
1 
267 
1 
4 
899 
52 
500 
112 
1 
1 
13 
1 
13 
24 
13 
11 
2 
2 
132 
1 
1 
346 
6 
450 
4 
4 
321 
3 
10 
7 
3 
657 
28 
1 
17 
30 
37 
1 
1 
1 
1 
155 
49 
1 
12 
5 
28 
557 
1 
76 
253 
175 
20 
1 
7 
820 
39 
81 
40 
3 
5 
703 
30 
22 
12 
13 
55 
3 
6 
120 
1 
10 
31 
74 
21 
111 
4 
9 
558 
1 
1 
10 
11 
153 
7 
10 
56 
78 
208 
1 
4 
408 
2 
3 
1 
237 
1 
126 
6 
8 
38 
1 
465 
6 
1 
4 
16 
1 
51 
3 
7 
41 
217 
39 
5 
114 
639 
87 
1 
1 
1 
1 
1 
1 
486 
44 
63 
3 
33 
1 
877 
2 
101 
109 
118 
138 
6 
3 
373 
38 
1 
3 
294 
1 
9 
283 
127 
505 
28 
2 
135 
1 
8 
58 
76 
841 
3 
5 
2 
333 
2 
137 
450 
1 
763 
1 
17 
7 
1 
1 
73 
15 
7 
27 
109 
96 
657 
3 
18 
2 
1 
66 
391 
38 
1 
1 
38 
4 
11 
35 
32 
226 
693 
1 
7 
4 
1 
5 
4 
1 
10 
345 
6 
4 
60 
1 
246 
90 
49 
5 
1 
12 
455 
2 
65 
212 
100 
43 
544 
278 
52 
5 
35 
723 
348 
4 
3 
3 
2 
1 
1 
502 
24 
87 
376 
19 
1 
2 
5 
60 
4 
297 
8 
9 
3 
87 
622 
9 
12 
2 
6 
12 
4 
6 
16 
8 
2 
1 
115 
1 
10 
20 
2 
169 
2 
92 
14 
3 
5 
8 
4 
180 
1 
2 
15 
528 
9 
23 
231 
62 
11 
66 
261 
85 
1 
29 
367 
1 
2 
301 
1 
4 
28 
140 
106 
5 
122 
95 
54 
1 
2 
1 
41 
25 
212 
4 
24 
4 
2 
55 
3 
3 
41 
829 
496 
1 
7 
36 
401 
34 
2 
2 
1 
5 
165 
137 
5 
12 
48 
173 
350 
2 
319 
1 
19 
85 
6 
1 
460 
3 
47 
1 
25 
10 
89 
6 
294 
43 
57 
165 
2 
26 
1 
1 
904 
30 
166 
579 
12 
9 
50 
8 
47 
62 
2 
7 
2 
794 
55 
104 
8 
285 
173 
1 
2 
18 
131 
1 
10 
86 
315 
5 
95 
4 
3 
13 
1 
31 
18 
355 
77 
8 
237 
33 
5 
16 
7 
32 
749 
1 
1 
2 
25 
717 
626 
3 
87 
6 
1 
61 
9 
112 
2 
1 
59 
2 
1 
7 
50 
7 
1 
49 
2 
1 
5 
140 
72 
17 
1 
8 
2 
8 
195 
3 
26 
5 
215 
215 
11 
2 
2 
76 
19 
1 
1 
29 
663 
63 
6 
108 
77 
4 
1 
205 
49 
4 
1 
1 
65 
4 
8 
3 
10 
223 
42 
14 
1 
4 
20 
81 
15 
5 
55 
1 
2 
1 
20 
68 
3 
11 
36 
4 
1 
43 
11 
4 
3 
154 
275 
1 
41 
1 
77 
186 
4 
23 
17 
20 
28 
1 
12 
1 
136 
15 
22 
331 
99 
1 
1 
3 
1 
8 
1 
10 
21 
4 
22 
71 
136 
2 
7 
1 
222 
123 
3 
4 
69 
34 
28 
3 
4 
2 
2 
65 
13 
6 
1 
222 
116 
90 
33 
35 
1 
2 
67 
42 
15 
1 
6 
41 
638 
270 
1 
399 
10 
282 
3 
4 
187 
82 
10 
1 
19 
9 
3 
477 
115 
4 
30 
5 
2 
51 
66 
1 
1 
378 
44 
136 
149 
44 
602 
880 
104 
22 
1 
7 
2 
544 
41 
9 
869 
239 
41 
4 
2 
1 
2 
19 
4 
204 
21 
2 
128 
29 
3 
75 
411 
11 
953 
861 
9 
77 
65 
145 
11 
4 
634 
12 
1 
2 
3 
27 
2 
296 
55 
11 
30 
24 
1 
1 
7 
1 
73 
4 
200 
8 
95 
1 
2 
26 
69 
34 
5 
579 
47 
7 
4 
1 
71 
1 
1 
3 
1 
1 
1 
122 
1 
495 
3 
47 
32 
24 
2 
4 
6 
9 
23 
31 
1 
1 
2 
48 
122 
368 
2 
1 
5 
810 
16 
1 
1 
64 
3 
4 
1 
81 
1 
1 
20 
15 
41 
388 
2 
17 
1 
1 
17 
150 
2 
2 
1 
37 
2 
2 
927 
487 
3 
11 
1 
1 
371 
6 
9 
18 
326 
18 
2 
13 
8 
1 
4 
1 
6 
2 
137 
2 
1 
1 
36 
89 
1 
417 
12 
2 
2 
2 
1 
1 
204 
296 
3 
18 
19 
250 
1 
1 
10 
3 
21 
2 
23 
41 
120 
333 
991 
2 
3 
46 
4 
19 
6 
65 
89 
1 
126 
2 
31 
226 
2 
6 
3 
22 
4 
3 
1 
8 
411 
1 
4 
4 
248 
6 
1 
3 
4 
40 
2 
1 
256 
528 
1 
259 
412 
16 
5 
25 
5 
2 
220 
112 
21 
2 
3 
966 
7 
51 
11 
2 
6 
21 
7 
6 
1 
27 
18 
19 
1 
3 
13 
7 
1 
14 
2 
18 
124 
3 
491 
5 
1 
2 
3 
1 
45 
5 
1 
1 
2 
4 
2 
1 
1 
726 
21 
390 
4 
6 
242 
72 
2 
236 
9 
5 
9 
87 
5 
94 
147 
54 
1 
62 
4 
1 
390 
258 
256 
141 
858 
2 
4 
148 
46 
12 
4 
106 
5 
2 
1 
469 
3 
67 
182 
4 
1 
2 
3 
2 
6 
114 
4 
425 
860 
1 
2 
57 
48 
2 
2 
2 
203 
2 
140 
2 
5 
36 
2 
1 
35 
4 
1 
1 
39 
7 
110 
5 
840 
266 
307 
3 
16 
3 
7 
901 
1 
122 
273 
196 
1 
1 
308 
2 
74 
16 
104 
74 
6 
9 
53 
5 
1 
9 
287 
5 
2 
2 
113 
1 
24 
22 
1 
14 
330 
6 
47 
4 
350 
5 
12 
41 
1 
18 
151 
12 
6 
24 
2 
24 
214 
500 
17 
4 
2 
66 
16 
5 
1 
30 
304 
11 
8 
12 
1 
454 
13 
2 
2 
37 
1 
9 
74 
58 
37 
245 
2 
1 
215 
3 
230 
3 
1 
1 
1 
4 
525 
13 
8 
710 
4 
88 
340 
881 
1 
3 
2 
1 
1 
45 
559 
109 
2 
503 
1 
33 
747 
1 
1 
7 
2 
1 
1 
53 
12 
322 
203 
13 
1 
22 
1 
12 
1 
4 
4 
1 
553 
1 
333 
12 
33 
554 
4 
664 
117 
1 
369 
148 
2 
7 
170 
12 
8 
14 
6 
2 
3 
29 
1 
7 
2 
22 
1000 
896 
1 
209 
96 
2 
27 
729 
101 
2 
4 
38 
2 
51 
303 
115 
1 
28 
1 
95 
61 
3 
47 
9 
96 
3 
34 
38 
25 
2 
3 
7 
8 
1 
8 
94 
1 
89 
162 
8 
174 
111 
3 
301 
65 
41 
2 
1 
1 
1 
1 
599 
7 
25 
2 
21 
16 
2 
23 
215 
66 
41 
2 
2 
401 
1 
50 
6 
2 
38 
336 
1 
185 
8 
712 
1 
5 
3 
1 
3 
2 
59 
1 
88 
15 
1 
57 
21 
5 
53 
2 
8 
1 
1 
1 
78 
15 
2 
2 
4 
624 
6 
511 
14 
9 
221 
20 
1 
167 
1 
521 
645 
1 
4 
7 
53 
18 
1 
15 
1 
21 
336 
31 
1 
5 
59 
3 
2 
269 
1 
161 
2 
745 
1 
26 
56 
2 
4 
85 
86 
1 
1 
343 
5 
638 
3 
7 
1 
2 
3 
39 
338 
35 
2 
1 
34 
1 
3 
1 
128 
3 
89 
1 
2 
38 
126 
9 
122 
113 
1 
8 
26 
396 
6 
1 
4 
173 
1 
25 
55 
1 
1 
247 
119 
2 
12 
4 
195 
2 
194 
16 
44 
6 
340 
124 
17 
1 
1 
31 
7 
50 
236 
842 
6 
1 
112 
181 
2 
22 
1 
56 
1 
12 
13 
198 
161 
195 
3 
9 
20 
34 
7 
1 
135 
151 
45 
1 
1 
59 
5 
5 
1 
4 
435 
6 
5 
21 
813 
270 
1 
3 
2 
386 
7 
64 
1 
1 
1 
1 
12 
16 
2 
281 
2 
429 
72 
844 
1 
26 
1 
71 
7 
20 
4 
58 
1 
43 
1 
13 
20 
239 
1 
485 
17 
11 
125 
20 
66 
120 
531 
714 
12 
19 
2 
6 
23 
1 
296 
710 
1 
3 
1 
76 
6 
220 
460 
3 
1 
1 
331 
269 
24 
2 
52 
81 
818 
46 
4 
2 
1 
1 
646 
43 
2 
70 
4 
853 
10 
50 
69 
4 
3 
10 
1 
107 
3 
20 
12 
19 
451 
2 
65 
24 
13 
133 
91 
1 
30 
1 
2 
948 
139 
1 
2 
3 
3 
12 
1 
4 
51 
11 
1 
1 
2 
2 
2 
1 
610 
3 
110 
339 
320 
440 
1 
18 
1 
171 
136 
1 
1 
1 
7 
9 
5 
163 
299 
482 
152 
213 
178 
158 
139 
3 
4 
1 
21 
20 
12 
1 
380 
6 
356 
2 
1 
378 
149 
7 
56 
172 
58 
26 
92 
1 
1 
377 
43 
4 
261 
8 
15 
2 
1 
18 
2 
775 
6 
9 
259 
11 
10 
998 
7 
4 
41 
12 
3 
2 
1 
2 
5 
92 
184 
7 
41 
77 
371 
301 
12 
16 
2 
2 
138 
1 
1 
69 
23 
48 
981 
94 
65 
5 
51 
3 
17 
40 
19 
22 
222 
12 
1 
17 
17 
2 
378 
9 
5 
8 
30 
158 
2 
25 
581 
1 
2 
9 
2 
300 
67 
233 
1 
1 
2 
1 
2 
10 
4 
2 
1 
137 
1 
27 
1 
614 
38 
2 
5 
24 
123 
1 
1 
2 
2 
1 
1 
147 
92 
3 
14 
1 
2 
3 
20 
274 
2 
17 
58 
1 
33 
321 
5 
11 
10 
15 
992 
26 
995 
1 
1 
1 
931 
22 
843 
4 
42 
387 
214 
45 
2 
713 
6 
75 
6 
116 
1 
64 
1 
9 
13 
1 
10 
10 
12 
1 
19 
32 
2 
814 
24 
4 
8 
2 
826 
1 
2 
2 
1 
320 
30 
874 
23 
914 
757 
1 
20 
14 
34 
4 
239 
1 
1 
286 
7 
229 
9 
28 
26 
691 
11 
208 
26 
81 
23 
25 
148 
46 
2 
5 
1 
35 
16 
259 
1 
1 
5 
2 
2 
5 
6 
30 
783 
8 
2 
18 
216 
725 
1 
2 
782 
2 
16 
426 
1 
1 
127 
3 
43 
32 
584 
1 
906 
9 
255 
6 
15 
1 
1 
2 
68 
1 
6 
39 
1 
707 
77 
277 
21 
16 
1 
1 
195 
237 
787 
53 
23 
17 
28 
157 
1 
6 
17 
31 
7 
3 
5 
98 
377 
1 
155 
43 
7 
9 
39 
1 
751 
2 
13 
6 
1 
2 
4 
4 
6 
1 
59 
87 
5 
4 
1 
3 
5 
4 
65 
1 
10 
1 
4 
344 
34 
204 
46 
151 
56 
46 
2 
41 
21 
298 
1 
1 
112 
26 
1 
208 
236 
3 
2 
2 
4 
249 
1 
2 
29 
314 
2 
945 
8 
33 
819 
112 
131 
9 
5 
984 
4 
23 
12 
1 
120 
31 
5 
30 
312 
92 
7 
1 
1 
1 
40 
2 
2 
43 
225 
83 
37 
2 
1 
55 
3 
1 
21 
36 
1 
14 
5 
20 
556 
4 
559 
3 
1 
597 
1 
29 
107 
33 
475 
74 
93 
6 
2 
482 
1 
5 
4 
18 
57 
4 
6 
141 
733 
571 
21 
2 
140 
23 
71 
1 
7 
1 
19 
467 
1 
39 
20 
3 
14 
1 
7 
1 
2 
69 
1 
1 
1 
1 
26 
1 
104 
40 
2 
1 
332 
4 
7 
4 
15 
1 
628 
1 
1 
18 
7 
3 
10 
1 
1 
3 
68 
4 
110 
38 
41 
764 
1 
15 
198 
3 
1 
108 
53 
123 
13 
21 
36 
12 
92 
2 
84 
21 
241 
8 
125 
52 
1 
9 
29 
13 
1 
1 
121 
1 
11 
2 
114 
13 
3 
8 
2 
47 
37 
1 
1 
2 
923 
1 
176 
256 
3 
1 
4 
3 
36 
9 
79 
137 
19 
1 
1 
7 
11 
27 
972 
7 
810 
1 
1 
1 
177 
8 
1 
15 
258 
1 
31 
370 
10 
688 
49 
3 
3 
2 
240 
15 
2 
1 
15 
2 
3 
74 
3 
46 
83 
348 
5 
5 
18 
1 
38 
24 
1 
100 
46 
17 
764 
166 
76 
1 
127 
131 
1 
352 
1 
1 
311 
284 
2 
23 
5 
25 
1 
4 
153 
18 
1 
27 
3 
33 
457 
243 
2 
23 
2 
19 
2 
16 
21 
296 
491 
834 
571 
12 
1 
12 
17 
3 
410 
16 
45 
738 
19 
6 
1 
117 
140 
2 
24 
1 
1 
9 
1 
35 
77 
22 
2 
239 
16 
46 
1 
3 
4 
81 
206 
776 
5 
2 
9 
11 
574 
4 
62 
976 
1 
168 
30 
405 
149 
1 
10 
11 
1 
5 
2 
309 
240 
1 
45 
220 
308 
5 
4 
14 
1 
21 
4 
103 
4 
5 
10 
3 
34 
6 
188 
2 
3 
23 
1 
19 
55 
721 
27 
4 
1 
4 
108 
33 
1 
17 
2 
449 
56 
10 
135 
19 
9 
14 
474 
11 
48 
1 
2 
1 
2 
3 
1 
6 
1 
3 
66 
49 
362 
10 
3 
2 
19 
4 
14 
151 
75 
137 
1 
2 
9 
7 
23 
309 
3 
1 
2 
29 
28 
114 
1 
728 
19 
6 
11 
3 
127 
2 
51 
2 
370 
7 
6 
1 
21 
4 
8 
2 
1 
3 
2 
4 
23 
10 
6 
12 
1 
62 
24 
237 
1 
53 
36 
1 
25 
3 
3 
3 
79 
624 
16 
529 
480 
29 
123 
424 
201 
103 
1 
3 
4 
133 
18 
1 
262 
9 
8 
10 
85 
2 
1 
409 
793 
3 
12 
1 
15 
19 
31 
4 
2 
417 
243 
2 
2 
4 
10 
7 
353 
18 
699 
3 
2 
939 
4 
39 
18 
2 
410 
1 
3 
225 
61 
69 
26 
7 
625 
8 
6 
12 
3 
5 
1 
22 
18 
57 
4 
1 
2 
15 
1 
5 
916 
23 
1 
11 
4 
108 
22 
3 
1 
4 
29 
102 
40 
93 
5 
167 
15 
393 
6 
1 
1 
985 
523 
3 
14 
35 
448 
56 
301 
4 
5 
2 
1 
1 
19 
344 
2 
405 
7 
8 
50 
17 
1 
19 
442 
29 
11 
197 
1 
17 
5 
15 
1 
2 
788 
42 
773 
95 
208 
1 
2 
2 
5 
3 
1 
24 
2 
4 
45 
5 
913 
37 
492 
605 
390 
543 
2 
15 
3 
383 
54 
3 
565 
5 
1 
2 
109 
23 
1 
1 
55 
47 
18 
1 
9 
5 
194 
77 
12 
8 
491 
1 
2 
1 
1 
208 
9 
38 
67 
26 
4 
696 
11 
2 
315 
3 
10 
19 
7 
1 
12 
2 
13 
336 
415 
32 
223 
6 
711 
60 
1 
3 
65 
1 
45 
1 
148 
8 
261 
11 
552 
7 
27 
684 
72 
5 
11 
4 
11 
1 
9 
10 
801 
160 
9 
36 
427 
3 
1 
41 
2 
16 
26 
1 
7 
1 
2 
3 
25 
2 
1 
45 
6 
10 
12 
1 
22 
92 
366 
21 
15 
267 
67 
3 
143 
17 
1 
3 
1 
23 
2 
1 
4 
1 
1 
304 
11 
1 
1 
47 
3 
3 
6 
53 
4 
1 
31 
13 
4 
1 
8 
885 
1 
1 
39 
143 
34 
11 
483 
147 
1 
938 
1 
85 
18 
43 
2 
1 
70 
13 
126 
15 
136 
307 
1 
24 
1 
80 
717 
540 
9 
21 
2 
1 
361 
7 
751 
114 
38 
17 
15 
70 
3 
810 
1 
8 
5 
2 
329 
1 
1 
1 
811 
17 
1 
16 
4 
2 
96 
1 
41 
80 
65 
1 
2 
17 
819 
23 
1 
5 
19 
285 
2 
504 
38 
26 
9 
413 
6 
2 
160 
4 
46 
15 
7 
27 
19 
276 
195 
3 
87 
96 
4 
532 
13 
7 
18 
162 
814 
114 
16 
1 
76 
419 
6 
2 
2 
3 
11 
11 
1 
1 
1 
31 
10 
2 
26 
8 
184 
63 
7 
2 
1 
2 
2 
2 
430 
4 
64 
1 
1 
10 
2 
6 
127 
1 
1 
1 
14 
24 
1 
76 
10 
538 
59 
17 
4 
3 
1 
248 
177 
20 
1 
1 
72 
20 
24 
150 
23 
3 
826 
969 
32 
490 
21 
13 
34 
1 
1 
87 
78 
11 
1 
7 
635 
3 
4 
2 
37 
1 
2 
100 
95 
1 
33 
107 
2 
54 
17 
43 
41 
80 
100 
349 
48 
869 
5 
319 
1 
4 
26 
4 
1 
4 
25 
4 
1 
41 
5 
258 
7 
327 
3 
2 
2 
194 
2 
74 
19 
138 
298 
142 
54 
1 
15 
21 
2 
1 
31 
114 
2 
56 
5 
1 
57 
3 
12 
105 
372 
25 
442 
7 
1 
615 
1 
1 
4 
9 
231 
27 
15 
1 
80 
6 
363 
29 
10 
36 
1 
89 
36 
2 
85 
2 
37 
2 
782 
26 
1 
4 
9 
829 
45 
241 
1 
186 
1 
11 
50 
1 
13 
8 
50 
11 
2 
1 
22 
1 
687 
22 
40 
7 
58 
487 
1 
1 
1 
28 
1 
932 
49 
3 
29 
25 
13 
1 
3 
9 
1 
2 
2 
2 
10 
246 
4 
2 
1 
12 
3 
157 
64 
1 
1 
17 
806 
2 
178 
129 
6 
2 
1 
8 
11 
27 
9 
492 
2 
1 
12 
1 
45 
45 
15 
254 
2 
1 
1 
5 
21 
158 
1 
202 
1 
100 
4 
3 
4 
329 
583 
3 
149 
12 
16 
1 
1 
9 
827 
1 
2 
6 
2 
9 
8 
1 
891 
4 
3 
1 
11 
2 
269 
1 
1 
1 
474 
4 
54 
3 
32 
206 
8 
9 
52 
4 
1 
2 
18 
1 
32 
52 
2 
1 
106 
1 
3 
2 
20 
90 
8 
133 
297 
303 
6 
7 
118 
76 
25 
7 
258 
591 
1 
66 
1 
20 
402 
3 
1 
156 
12 
247 
3 
1 
67 
253 
1 
4 
948 
258 
1 
1 
5 
123 
1 
1 
28 
24 
7 
1 
557 
563 
441 
4 
60 
1 
2 
1 
394 
34 
390 
326 
22 
1 
1 
136 
512 
5 
75 
63 
309 
628 
4 
543 
20 
1 
8 
2 
17 
4 
1 
1 
308 
1 
333 
2 
2 
1 
172 
23 
4 
9 
20 
3 
6 
490 
2 
25 
37 
2 
3 
14 
377 
610 
15 
25 
1 
102 
14 
1 
559 
3 
101 
7 
9 
233 
1 
1 
855 
18 
1 
18 
48 
17 
3 
6 
2 
125 
15 
15 
1 
15 
79 
68 
3 
33 
2 
82 
3 
21 
5 
44 
9 
47 
3 
55 
43 
6 
17 
1 
6 
1 
57 
1 
62 
739 
54 
106 
1 
4 
2 
2 
2 
1 
333 
25 
2 
39 
969 
5 
1 
103 
39 
68 
13 
16 
81 
117 
704 
21 
86 
561 
20 
10 
5 
219 
7 
14 
54 
17 
46 
1 
83 
2 
5 
871 
7 
10 
22 
12 
1 
2 
187 
2 
25 
3 
14 
1 
14 
16 
772 
563 
1 
4 
183 
492 
551 
27 
5 
95 
1 
269 
1 
23 
5 
19 
27 
18 
14 
12 
21 
120 
12 
40 
1 
318 
1 
9 
15 
1 
1 
49 
1 
1 
60 
3 
183 
2 
1 
188 
15 
26 
2 
1 
20 
1 
1 
1 
3 
3 
383 
94 
5 
413 
24 
12 
1 
7 
17 
3 
1 
6 
1 
43 
22 
14 
46 
2 
21 
19 
2 
11 
1 
146 
96 
1 
659 
42 
13 
27 
1 
4 
467 
9 
1 
552 
2 
16 
22 
1 
118 
1 
458 
362 
55 
314 
15 
711 
4 
14 
528 
8 
26 
18 
323 
1 
8 
2 
87 
165 
15 
6 
213 
968 
10 
5 
44 
3 
752 
14 
4 
81 
1 
3 
194 
1 
131 
3 
433 
655 
3 
1 
93 
162 
3 
11 
562 
1 
127 
17 
1 
11 
998 
4 
35 
1 
74 
67 
2 
95 
306 
1 
2 
196 
422 
177 
2 
1 
565 
102 
1 
2 
344 
1 
387 
131 
33 
2 
475 
418 
1 
3 
85 
2 
1 
7 
6 
60 
10 
6 
17 
1 
12 
8 
437 
473 
783 
31 
3 
154 
175 
1 
1 
285 
49 
73 
51 
63 
1 
3 
10 
19 
27 
25 
11 
725 
2 
11 
1 
1 
1 
81 
1 
204 
15 
30 
1 
272 
14 
2 
10 
326 
1 
498 
1 
250 
1 
498 
93 
1 
2 
13 
7 
2 
2 
12 
5 
13 
267 
72 
23 
13 
1 
2 
1 
3 
13 
54 
423 
1 
2 
325 
2 
7 
37 
71 
301 
214 
2 
62 
1 
87 
593 
36 
65 
3 
1 
757 
28 
108 
61 
17 
21 
912 
1 
20 
10 
6 
520 
25 
284 
225 
49 
9 
567 
1 
31 
607 
10 
15 
2 
6 
5 
69 
300 
203 
16 
262 
1 
2 
10 
6 
899 
976 
21 
657 
1 
1 
473 
1 
7 
12 
5 
668 
48 
3 
356 
350 
4 
1 
11 
995 
479 
104 
1 
3 
93 
1 
10 
29 
6 
1 
7 
605 
5 
281 
149 
43 
52 
130 
19 
1 
299 
3 
29 
1 
73 
1 
13 
3 
11 
61 
476 
290 
618 
435 
80 
17 
89 
1 
4 
1 
404 
56 
98 
59 
64 
307 
615 
21 
113 
2 
1 
29 
1 
1 
517 
3 
5 
228 
3 
32 
5 
34 
4 
9 
4 
662 
8 
1 
59 
439 
1 
81 
632 
3 
763 
22 
566 
33 
2 
7 
1 
993 
8 
29 
8 
2 
10 
5 
1 
550 
15 
4 
2 
65 
9 
11 
1 
1 
1 
2 
222 
651 
2 
5 
5 
1 
23 
2 
1 
37 
4 
31 
628 
648 
13 
1 
163 
1 
2 
22 
99 
9 
2 
6 
4 
499 
555 
13 
11 
426 
18 
250 
26 
2 
49 
90 
21 
9 
117 
154 
641 
30 
43 
62 
1 
3 
29 
77 
129 
1 
136 
39 
512 
1 
3 
1 
7 
23 
1 
6 
24 
504 
61 
12 
13 
571 
655 
6 
2 
9 
10 
430 
33 
308 
75 
51 
1 
2 
3 
114 
1 
2 
79 
45 
983 
265 
9 
557 
2 
7 
1 
2 
1 
893 
1 
123 
15 
70 
553 
4 
20 
5 
1 
4 
489 
9 
93 
9 
251 
2 
116 
5 
1 
8 
10 
301 
15 
5 
5 
212 
7 
20 
593 
2 
3 
13 
323 
67 
74 
68 
2 
247 
128 
1 
656 
1 
2 
5 
379 
852 
1 
660 
91 
43 
5 
3 
20 
2 
6 
19 
12 
10 
3 
1 
199 
6 
587 
455 
36 
916 
30 
1 
7 
3 
2 
3 
63 
20 
15 
20 
18 
51 
43 
196 
7 
629 
67 
2 
11 
6 
506 
7 
224 
5 
4 
100 
1 
22 
563 
9 
7 
7 
322 
1 
1 
26 
313 
284 
134 
32 
377 
1 
819 
130 
316 
228 
205 
1 
1 
1 
1 
6 
2 
1 
1 
4 
24 
165 
162 
2 
46 
17 
4 
4 
1 
9 
1 
2 
3 
984 
3 
33 
6 
1 
15 
1 
53 
2 
109 
198 
1 
18 
222 
29 
108 
1 
1 
8 
1 
1 
14 
3 
77 
8 
379 
8 
13 
12 
2 
3 
1 
1 
525 
1 
1 
2 
2 
131 
2 
1 
4 
514 
2 
62 
36 
1 
36 
1 
105 
54 
1 
1 
3 
4 
627 
140 
7 
1 
3 
295 
1 
2 
46 
30 
1 
127 
8 
21 
2 
52 
1 
1 
301 
1 
1 
74 
560 
978 
371 
15 
35 
178 
2 
38 
1 
2 
10 
1 
3 
3 
56 
17 
100 
1 
2 
243 
183 
4 
7 
3 
142 
1 
1 
2 
161 
11 
13 
26 
251 
12 
100 
2 
466 
60 
1 
2 
385 
1 
20 
22 
48 
11 
707 
1 
6 
3 
269 
33 
40 
30 
499 
639 
416 
18 
5 
9 
6 
237 
4 
19 
4 
178 
22 
7 
128 
1 
3 
37 
202 
1 
3 
208 
5 
23 
11 
5 
24 
177 
72 
1 
2 
8 
342 
393 
5 
4 
362 
906 
526 
2 
2 
6 
34 
1 
51 
651 
440 
2 
2 
775 
2 
55 
2 
629 
106 
577 
3 
78 
1 
1 
2 
133 
41 
1 
49 
2 
376 
2 
112 
952 
27 
76 
1 
36 
3 
4 
61 
4 
98 
1 
7 
1 
4 
509 
70 
1 
5 
1 
957 
16 
122 
5 
669 
2 
12 
229 
152 
657 
139 
96 
1 
15 
877 
65 
584 
12 
1 
56 
8 
74 
13 
1 
619 
1 
22 
1 
11 
4 
30 
47 
162 
133 
34 
13 
4 
4 
7 
5 
7 
9 
1 
1 
4 
1 
5 
165 
21 
832 
735 
921 
220 
8 
12 
3 
4 
1 
1 
27 
18 
18 
5 
5 
285 
12 
2 
21 
629 
1 
6 
205 
146 
305 
5 
1 
2 
185 
44 
12 
7 
8 
25 
55 
129 
1 
4 
1 
4 
55 
3 
579 
27 
1 
30 
2 
8 
84 
26 
25 
93 
89 
743 
19 
831 
1 
779 
1 
1 
5 
126 
13 
5 
16 
2 
5 
2 
17 
2 
2 
77 
917 
6 
20 
33 
11 
124 
1 
8 
294 
688 
1 
79 
46 
1 
20 
3 
29 
6 
132 
1 
4 
2 
59 
259 
2 
75 
6 
1 
34 
421 
101 
2 
1 
712 
131 
3 
3 
122 
47 
94 
2 
25 
40 
31 
1 
15 
16 
48 
29 
5 
1 
77 
205 
140 
24 
4 
8 
3 
13 
495 
5 
1 
160 
1 
4 
723 
818 
24 
2 
3 
129 
1 
224 
3 
1 
495 
999 
3 
1 
301 
6 
625 
38 
1 
62 
1 
2 
529 
1 
213 
27 
79 
30 
206 
31 
335 
1 
18 
4 
1 
77 
179 
9 
1 
193 
26 
1 
14 
674 
17 
1 
117 
4 
1 
3 
52 
18 
2 
1 
6 
2 
3 
9 
2 
1 
780 
153 
25 
6 
1 
1 
36 
10 
14 
1 
20 
729 
22 
15 
4 
5 
42 
16 
429 
5 
6 
3 
7 
19 
1 
36 
3 
3 
4 
15 
475 
710 
3 
79 
286 
3 
1 
378 
12 
406 
343 
9 
9 
2 
846 
3 
5 
10 
1 
1 
1 
2 
613 
331 
3 
892 
811 
1 
21 
29 
456 
198 
4 
60 
1 
19 
7 
1 
31 
1 
1 
19 
379 
1 
1 
120 
9 
40 
7 
14 
71 
391 
4 
189 
5 
10 
75 
52 
3 
402 
35 
12 
122 
113 
10 
2 
16 
286 
558 
228 
5 
12 
5 
38 
131 
1 
199 
1 
5 
5 
26 
2 
1 
12 
2 
489 
71 
1 
1 
141 
2 
75 
25 
63 
6 
9 
3 
10 
2 
47 
1 
17 
1 
1 
9 
2 
4 
13 
1 
4 
2 
5 
3 
2 
1 
25 
35 
712 
1 
1 
33 
17 
1 
4 
2 
102 
50 
289 
2 
46 
100 
233 
472 
72 
3 
1 
2 
27 
2 
489 
1 
33 
102 
2 
24 
28 
12 
12 
646 
3 
9 
510 
84 
2 
63 
28 
4 
1 
3 
54 
2 
5 
33 
582 
9 
75 
1 
9 
76 
3 
49 
7 
12 
2 
41 
1 
38 
7 
49 
9 
93 
18 
165 
543 
9 
2 
52 
46 
70 
57 
42 
344 
6 
10 
434 
18 
144 
1 
1 
348 
52 
3 
235 
1 
1 
80 
111 
221 
20 
71 
240 
7 
7 
2 
44 
13 
124 
121 
34 
1 
820 
3 
4 
4 
1 
14 
5 
15 
8 
3 
27 
28 
2 
1 
27 
49 
2 
40 
1 
11 
970 
8 
87 
2 
14 
611 
138 
3 
8 
1 
6 
1 
4 
26 
859 
404 
678 
10 
1 
2 
151 
13 
31 
1 
654 
301 
10 
250 
6 
11 
1 
1 
1 
216 
26 
12 
2 
9 
4 
23 
22 
3 
16 
1 
1 
2 
107 
67 
1 
30 
2 
10 
1 
1 
14 
22 
6 
1 
174 
1 
159 
2 
836 
599 
2 
1 
250 
1 
16 
17 
348 
1 
6 
22 
49 
1 
305 
127 
8 
6 
65 
213 
41 
1 
98 
2 
3 
88 
533 
6 
12 
8 
322 
1 
14 
1 
1 
2 
3 
19 
7 
152 
121 
10 
129 
26 
9 
14 
177 
1 
1 
24 
4 
5 
9 
187 
125 
12 
790 
70 
3 
1 
1 
182 
2 
8 
258 
42 
43 
1 
7 
5 
1 
3 
68 
14 
229 
61 
1 
85 
64 
2 
12 
18 
1 
39 
6 
16 
17 
1 
14 
23 
16 
482 
43 
1 
414 
8 
22 
20 
30 
4 
71 
77 
5 
291 
107 
2 
12 
54 
11 
1 
3 
6 
9 
5 
6 
158 
81 
57 
18 
3 
5 
95 
5 
17 
201 
27 
3 
114 
222 
432 
625 
367 
1 
37 
1 
6 
742 
6 
1 
53 
54 
1 
8 
979 
113 
235 
12 
1 
2 
7 
4 
395 
24 
11 
233 
10 
1 
5 
1 
6 
501 
91 
57 
22 
414 
1 
2 
533 
10 
112 
15 
1 
435 
277 
35 
9 
3 
1 
10 
4 
18 
575 
1 
1 
1 
746 
10 
15 
38 
1 
8 
751 
2 
2 
121 
5 
5 
10 
1 
237 
10 
113 
41 
6 
21 
6 
1 
18 
1 
2 
14 
112 
31 
2 
61 
1 
102 
1 
1 
1 
175 
31 
109 
15 
1 
346 
519 
3 
1 
1 
1 
2 
1 
10 
10 
4 
8 
3 
506 
1 
13 
1 
26 
102 
231 
574 
1 
3 
64 
8 
6 
1 
4 
2 
586 
6 
114 
395 
8 
252 
47 
1 
5 
15 
1 
1 
1 
12 
19 
98 
3 
10 
8 
5 
7 
1 
1 
1 
176 
1 
2 
19 
1 
816 
22 
476 
22 
1 
1 
2 
24 
1 
305 
7 
120 
1 
9 
773 
31 
1 
7 
83 
90 
1 
2 
1 
2 
2 
9 
20 
14 
4 
5 
72 
3 
184 
14 
1 
972 
27 
6 
1 
28 
477 
11 
82 
650 
26 
18 
1 
5 
14 
6 
63 
1 
1 
664 
2 
6 
29 
59 
17 
94 
26 
4 
2 
7 
47 
17 
5 
1 
13 
96 
5 
3 
12 
2 
2 
1 
408 
1 
4 
51 
20 
2 
1 
1 
1 
214 
2 
187 
24 
3 
25 
1 
327 
80 
16 
2 
3 
3 
29 
109 
5 
3 
1 
23 
106 
77 
84 
6 
579 
22 
9 
4 
1 
805 
958 
25 
153 
3 
132 
1 
1 
15 
27 
1 
27 
5 
7 
3 
12 
5 
909 
1 
790 
35 
131 
9 
11 
12 
5 
2 
30 
52 
205 
8 
3 
10 
8 
177 
762 
93 
18 
452 
1 
234 
254 
4 
3 
1 
60 
17 
4 
461 
141 
2 
52 
9 
90 
1 
1 
1 
9 
24 
93 
2 
63 
11 
71 
630 
5 
214 
4 
110 
5 
149 
204 
3 
125 
1 
1 
15 
1 
1 
12 
206 
15 
6 
39 
1 
192 
983 
2 
35 
52 
16 
1 
25 
80 
35 
387 
788 
39 
1 
9 
674 
2 
450 
7 
273 
3 
26 
127 
130 
81 
5 
50 
8 
10 
31 
2 
121 
10 
1 
1 
4 
333 
1 
1 
5 
13 
8 
554 
5 
6 
118 
454 
15 
1 
6 
83 
2 
135 
43 
859 
33 
9 
13 
33 
31 
441 
2 
134 
822 
1 
1 
628 
51 
1 
414 
2 
16 
1 
1 
11 
2 
9 
12 
1 
27 
2 
4 
5 
5 
7 
645 
1 
1 
843 
46 
12 
30 
176 
16 
4 
1 
38 
43 
1 
320 
17 
650 
79 
734 
25 
43 
4 
36 
188 
894 
2 
2 
330 
1 
5 
31 
131 
5 
82 
511 
7 
18 
2 
166 
345 
11 
927 
14 
3 
196 
3 
100 
176 
3 
14 
293 
21 
34 
291 
228 
1 
2 
11 
10 
1 
277 
3 
354 
142 
1 
8 
49 
1 
25 
1 
1 
53 
2 
2 
268 
37 
2 
9 
27 
14 
116 
18 
9 
3 
4 
5 
1 
5 
20 
7 
31 
2 
2 
139 
350 
6 
170 
1 
32 
19 
64 
192 
24 
10 
1 
247 
75 
9 
1 
319 
53 
156 
2 
3 
15 
1 
1 
497 
1 
628 
12 
901 
100 
2 
21 
544 
2 
1 
58 
1 
1 
11 
628 
3 
370 
521 
3 
2 
15 
6 
5 
2 
11 
98 
5 
73 
26 
14 
14 
42 
50 
22 
948 
9 
2 
29 
26 
4 
1 
962 
2 
3 
3 
102 
7 
226 
1 
9 
1 
6 
9 
3 
14 
64 
24 
36 
10 
110 
27 
5 
2 
6 
150 
100 
6 
8 
400 
2 
1 
3 
3 
1 
55 
3 
44 
1 
522 
136 
2 
130 
4 
243 
553 
558 
3 
6 
82 
646 
61 
5 
140 
80 
30 
2 
29 
349 
522 
3 
261 
1 
1 
16 
5 
912 
28 
586 
1 
3 
428 
292 
23 
690 
4 
31 
1 
663 
1 
92 
366 
1 
1 
22 
9 
38 
1 
3 
6 
1 
148 
75 
1 
71 
8 
2 
12 
6 
1 
944 
241 
1 
10 
22 
93 
6 
3 
1 
38 
426 
20 
1 
5 
644 
3 
37 
4 
507 
265 
871 
98 
3 
48 
353 
4 
3 
1 
174 
11 
21 
379 
120 
24 
23 
1 
2 
23 
1 
21 
879 
9 
1 
74 
4 
1 
1 
19 
77 
8 
63 
17 
8 
2 
1 
26 
211 
1 
2 
1 
8 
182 
257 
1 
28 
11 
3 
1 
8 
3 
125 
688 
4 
12 
6 
1 
48 
8 
1 
2 
15 
10 
15 
560 
33 
996 
948 
151 
3 
1 
27 
7 
4 
650 
22 
3 
9 
1 
3 
48 
232 
71 
10 
192 
142 
69 
26 
1 
1 
390 
4 
2 
1 
4 
2 
10 
1 
18 
235 
12 
10 
2 
1 
31 
263 
5 
1 
1 
2 
38 
102 
8 
18 
5 
11 
36 
152 
6 
1 
2 
17 
331 
530 
6 
1 
50 
1 
4 
23 
63 
139 
23 
159 
57 
468 
212 
30 
19 
16 
21 
11 
137 
1 
816 
19 
8 
306 
4 
162 
1 
53 
4 
160 
7 
2 
912 
618 
31 
5 
1 
10 
2 
9 
198 
1 
8 
1 
35 
3 
1 
487 
126 
2 
43 
29 
213 
104 
6 
504 
967 
98 
6 
1 
14 
1 
107 
3 
8 
2 
2 
70 
2 
2 
601 
10 
5 
16 
4 
19 
467 
19 
10 
3 
12 
2 
12 
647 
86 
32 
260 
18 
50 
1 
112 
16 
6 
13 
3 
99 
408 
72 
164 
470 
140 
17 
614 
9 
379 
7 
7 
1 
228 
1 
433 
3 
38 
6 
518 
2 
3 
10 
1 
3 
1 
510 
1 
634 
28 
42 
523 
44 
74 
50 
3 
4 
24 
111 
104 
6 
2 
1 
35 
479 
9 
1 
4 
23 
1 
2 
4 
1 
3 
1 
523 
144 
2 
3 
2 
1 
170 
125 
32 
48 
27 
174 
24 
5 
209 
1 
1 
31 
114 
15 
137 
1 
85 
749 
4 
1 
4 
5 
623 
353 
15 
145 
81 
2 
4 
91 
10 
1 
60 
31 
3 
44 
29 
7 
2 
4 
3 
2 
159 
6 
201 
1 
2 
166 
67 
4 
154 
6 
395 
6 
63 
23 
155 
252 
1 
29 
204 
1 
1 
4 
35 
181 
1 
498 
18 
20 
22 
7 
156 
114 
42 
64 
14 
283 
92 
178 
16 
1 
119 
4 
6 
61 
28 
437 
10 
2 
130 
14 
772 
52 
1 
3 
25 
884 
2 
216 
1 
5 
9 
2 
14 
1 
1 
1 
5 
53 
79 
40 
82 
2 
31 
1 
3 
1 
117 
58 
8 
3 
61 
6 
15 
2 
1 
4 
496 
479 
18 
1 
3 
188 
2 
164 
5 
142 
5 
48 
1 
27 
364 
1 
19 
4 
88 
46 
51 
1 
1 
16 
4 
2 
15 
59 
158 
1 
9 
1 
3 
109 
34 
3 
7 
17 
38 
2 
7 
37 
577 
14 
22 
1 
7 
7 
1 
2 
16 
264 
599 
159 
31 
854 
16 
698 
196 
1 
285 
299 
11 
2 
1 
14 
1 
38 
4 
30 
23 
9 
6 
31 
8 
1 
393 
48 
2 
141 
9 
2 
1 
3 
29 
845 
35 
121 
1 
25 
1 
13 
2 
1 
17 
456 
93 
7 
27 
290 
25 
17 
6 
52 
132 
50 
2 
70 
509 
2 
10 
456 
2 
517 
1 
1 
64 
11 
52 
569 
15 
3 
5 
128 
7 
1 
116 
25 
824 
1 
3 
78 
15 
2 
1 
24 
25 
27 
2 
766 
1 
4 
1 
105 
1 
1 
108 
507 
9 
10 
1 
15 
366 
52 
33 
32 
17 
4 
2 
219 
7 
28 
9 
9 
64 
2 
575 
51 
3 
48 
2 
20 
1 
159 
903 
46 
1 
76 
15 
10 
3 
7 
68 
3 
18 
1 
28 
3 
3 
477 
1 
1 
939 
7 
30 
5 
98 
1 
36 
304 
47 
3 
2 
4 
2 
8 
3 
4 
838 
845 
1 
57 
1 
3 
92 
4 
5 
34 
279 
2 
13 
10 
3 
74 
6 
33 
12 
1 
113 
8 
11 
446 
23 
1 
3 
8 
844 
93 
1 
13 
357 
2 
532 
61 
1 
79 
1 
75 
7 
6 
1 
4 
1 
95 
2 
15 
1 
169 
12 
5 
1 
3 
7 
1 
6 
19 
8 
29 
3 
46 
1 
1 
16 
5 
2 
68 
22 
72 
10 
5 
16 
250 
1 
397 
1 
27 
44 
1 
65 
14 
4 
24 
945 
171 
1 
40 
44 
173 
1 
4 
854 
136 
196 
567 
106 
9 
712 
50 
1 
604 
173 
19 
3 
16 
45 
70 
41 
3 
1 
1 
6 
2 
1 
19 
8 
2 
976 
85 
385 
98 
3 
5 
2 
209 
1 
2 
1 
3 
271 
164 
15 
1 
352 
10 
1 
38 
1 
23 
12 
29 
38 
8 
3 
1 
376 
25 
2 
3 
68 
2 
2 
12 
7 
7 
4 
3 
15 
4 
2 
1 
295 
3 
8 
16 
10 
1 
2 
1 
8 
3 
4 
1 
5 
28 
1 
35 
44 
24 
376 
8 
73 
466 
133 
3 
2 
483 
228 
5 
43 
517 
1 
2 
365 
218 
1 
5 
4 
359 
5 
218 
58 
176 
67 
28 
1 
6 
7 
1 
1 
2 
111 
2 
23 
3 
3 
20 
1 
6 
1 
6 
1 
1 
1 
1 
27 
13 
4 
1 
36 
22 
1 
201 
11 
374 
11 
34 
131 
180 
2 
11 
3 
1 
241 
49 
24 
471 
1 
3 
9 
22 
20 
32 
6 
33 
162 
96 
24 
47 
2 
5 
26 
9 
39 
49 
1 
67 
12 
33 
12 
1 
296 
1 
1 
644 
187 
278 
535 
144 
979 
230 
2 
55 
267 
375 
68 
33 
5 
3 
4 
23 
49 
5 
176 
17 
310 
7 
20 
21 
204 
4 
9 
12 
286 
15 
759 
2 
384 
49 
2 
11 
22 
484 
12 
6 
141 
115 
1 
328 
843 
354 
1 
2 
22 
143 
159 
108 
20 
179 
844 
2 
1 
834 
88 
2 
30 
58 
348 
17 
209 
25 
540 
22 
6 
13 
264 
14 
4 
2 
15 
45 
1 
10 
7 
1 
384 
25 
224 
1 
13 
5 
12 
2 
2 
18 
116 
7 
1 
63 
1 
805 
1 
2 
856 
2 
4 
48 
3 
195 
21 
2 
987 
35 
9 
17 
1 
11 
25 
26 
2 
4 
24 
4 
332 
610 
3 
1 
3 
208 
789 
1 
3 
29 
9 
2 
1 
50 
1 
362 
12 
13 
26 
31 
1 
4 
6 
37 
9 
47 
2 
722 
130 
13 
1 
78 
103 
2 
2 
173 
4 
19 
1 
26 
2 
25 
2 
3 
3 
27 
154 
844 
1 
1 
195 
360 
2 
44 
617 
2 
11 
2 
56 
2 
7 
179 
10 
13 
61 
1 
131 
25 
960 
8 
75 
697 
162 
967 
22 
37 
9 
1 
64 
34 
19 
600 
145 
104 
90 
3 
2 
7 
15 
167 
90 
210 
20 
23 
42 
5 
68 
151 
408 
52 
129 
16 
19 
34 
3 
1 
23 
310 
1 
215 
1 
33 
3 
1 
7 
13 
27 
4 
131 
17 
4 
2 
14 
261 
1 
1 
80 
4 
18 
196 
41 
152 
119 
55 
36 
32 
3 
2 
60 
588 
124 
234 
18 
12 
743 
20 
1 
786 
68 
1 
19 
3 
8 
4 
12 
38 
1 
755 
6 
423 
1 
553 
44 
1 
248 
33 
3 
293 
3 
13 
2 
434 
1 
34 
329 
13 
10 
19 
4 
1 
9 
183 
2 
493 
6 
172 
2 
15 
96 
33 
60 
3 
916 
44 
12 
1 
845 
6 
1 
1 
2 
1 
100 
43 
46 
4 
212 
159 
1 
8 
301 
1 
500 
2 
186 
28 
1 
1 
11 
3 
2 
1 
1 
14 
21 
2 
222 
5 
3 
116 
8 
66 
43 
23 
34 
57 
1 
329 
11 
2 
26 
1 
12 
1 
2 
5 
6 
1 
767 
119 
80 
132 
8 
2 
41 
29 
555 
438 
3 
1 
5 
2 
1 
1 
14 
1 
119 
822 
9 
7 
693 
3 
601 
625 
100 
3 
13 
21 
3 
18 
377 
11 
27 
669 
9 
3 
2 
1 
7 
9 
4 
7 
3 
2 
102 
3 
55 
1 
47 
26 
4 
149 
9 
2 
33 
699 
8 
56 
186 
1 
626 
1 
2 
34 
25 
2 
100 
37 
71 
1 
10 
1 
5 
46 
35 
1 
177 
1 
251 
73 
10 
1 
3 
25 
5 
1 
137 
128 
18 
2 
1 
5 
5 
5 
2 
25 
1 
67 
18 
1 
18 
10 
1 
746 
1 
93 
25 
112 
1 
88 
20 
1 
3 
5 
78 
2 
8 
1 
20 
70 
27 
2 
2 
12 
727 
24 
6 
1 
46 
1 
77 
343 
6 
17 
31 
74 
11 
858 
65 
31 
577 
3 
4 
3 
45 
3 
55 
1 
66 
184 
2 
15 
14 
1 
6 
1 
344 
174 
6 
162 
10 
2 
85 
4 
6 
2 
2 
2 
33 
3 
2 
1 
1 
2 
189 
6 
8 
7 
158 
4 
23 
2 
77 
22 
1 
20 
2 
14 
29 
17 
80 
478 
1 
570 
11 
1 
1 
96 
1 
5 
215 
2 
76 
36 
590 
1 
44 
748 
1 
2 
27 
77 
2 
14 
2 
4 
1 
242 
218 
12 
1 
26 
119 
1 
12 
36 
5 
8 
13 
52 
6 
5 
3 
26 
399 
6 
5 
1 
3 
1 
8 
81 
246 
47 
1 
8 
40 
19 
13 
7 
1 
2 
9 
29 
290 
28 
7 
1 
34 
775 
1 
1 
14 
18 
5 
21 
38 
2 
1 
15 
2 
129 
5 
36 
2 
31 
30 
2 
1 
34 
1 
1 
1 
37 
577 
1 
1 
7 
6 
1 
261 
170 
4 
1 
27 
13 
3 
7 
239 
202 
1 
867 
3 
1 
7 
2 
65 
767 
27 
14 
150 
1 
23 
60 
710 
17 
11 
3 
12 
1 
29 
17 
29 
598 
1 
925 
4 
1 
155 
1 
2 
2 
1 
74 
1 
6 
538 
3 
8 
46 
208 
56 
4 
4 
2 
660 
4 
2 
1 
3 
223 
2 
73 
1 
8 
11 
2 
144 
1 
2 
2 
16 
1 
940 
2 
4 
2 
4 
246 
17 
16 
6 
1 
1 
9 
1 
5 
195 
13 
6 
19 
8 
930 
1 
422 
3 
375 
6 
7 
1 
14 
850 
2 
28 
411 
48 
10 
1 
16 
2 
1 
22 
5 
3 
4 
140 
420 
1 
1 
1 
31 
30 
175 
138 
415 
119 
33 
1 
1 
3 
33 
23 
188 
76 
799 
72 
3 
39 
3 
60 
3 
32 
5 
726 
238 
394 
81 
140 
202 
284 
66 
1 
10 
58 
85 
9 
30 
806 
1 
692 
9 
1 
11 
56 
1 
2 
1 
1 
439 
21 
817 
12 
30 
723 
682 
3 
51 
1 
10 
2 
339 
9 
6 
1 
1 
29 
85 
53 
42 
2 
5 
27 
354 
23 
3 
1 
1 
1 
76 
592 
3 
16 
320 
1 
17 
290 
1 
2 
1 
8 
149 
391 
1 
23 
1 
738 
1 
205 
276 
136 
221 
12 
1 
1 
40 
738 
169 
8 
2 
722 
6 
263 
869 
1 
7 
324 
7 
7 
166 
20 
4 
145 
2 
3 
9 
2 
412 
3 
16 
680 
2 
8 
1 
16 
115 
5 
13 
65 
6 
3 
4 
26 
53 
1 
15 
406 
9 
6 
98 
54 
22 
30 
649 
9 
6 
3 
180 
3 
7 
27 
13 
1 
1 
4 
1 
1 
92 
105 
1 
675 
2 
1 
214 
1 
21 
1 
3 
1 
310 
1 
3 
111 
437 
39 
1 
23 
8 
618 
175 
6 
2 
162 
7 
1 
16 
1 
4 
7 
3 
14 
4 
1 
216 
3 
52 
3 
4 
127 
1 
1 
619 
4 
177 
893 
32 
512 
2 
30 
1 
216 
129 
23 
1 
1 
55 
12 
54 
1 
7 
61 
1 
2 
1 
1 
39 
675 
66 
1 
1 
4 
1 
40 
380 
40 
2 
2 
32 
780 
2 
5 
271 
3 
16 
6 
143 
4 
190 
261 
106 
101 
38 
1 
1 
1 
387 
374 
1 
2 
4 
412 
16 
1 
597 
129 
8 
3 
8 
5 
1 
502 
101 
16 
51 
1 
9 
122 
445 
292 
1 
4 
688 
127 
81 
937 
2 
1 
315 
35 
843 
7 
439 
46 
43 
19 
1 
85 
4 
25 
111 
75 
159 
2 
161 
69 
1 
1 
3 
2 
27 
24 
11 
6 
13 
4 
2 
6 
4 
71 
179 
1 
14 
18 
1 
1 
36 
1 
155 
341 
151 
46 
4 
24 
1 
1 
34 
5 
1 
1 
8 
42 
981 
9 
1 
3 
3 
26 
8 
4 
6 
1 
32 
16 
3 
663 
151 
3 
41 
2 
1 
96 
18 
9 
145 
20 
4 
2 
2 
9 
2 
748 
152 
1 
49 
6 
673 
2 
139 
17 
48 
14 
357 
11 
40 
10 
5 
1 
54 
6 
1 
14 
151 
22 
1 
67 
65 
5 
61 
2 
215 
76 
185 
20 
755 
1 
20 
1 
6 
105 
11 
17 
3 
16 
1 
7 
404 
12 
15 
39 
2 
41 
70 
1 
82 
1 
37 
1 
3 
72 
2 
2 
3 
4 
1 
4 
315 
27 
5 
24 
1 
2 
19 
1 
2 
77 
2 
1 
2 
11 
1 
6 
139 
4 
1 
1 
122 
398 
1 
70 
44 
34 
1 
932 
2 
1 
204 
14 
1 
30 
837 
17 
20 
2 
70 
13 
1 
1 
1 
552 
32 
358 
1 
182 
110 
4 
1 
14 
15 
34 
9 
323 
45 
517 
130 
4 
1 
419 
6 
190 
10 
3 
427 
166 
5 
131 
21 
1 
6 
8 
4 
2 
814 
182 
23 
947 
3 
51 
12 
9 
7 
14 
10 
4 
57 
1 
2 
77 
4 
2 
12 
58 
1 
86 
80 
1 
8 
183 
181 
12 
220 
72 
7 
140 
4 
640 
315 
1 
669 
624 
1 
4 
719 
362 
10 
419 
1 
11 
61 
28 
1 
4 
231 
2 
1 
31 
1 
144 
3 
137 
7 
1 
29 
159 
7 
1 
1 
408 
30 
118 
7 
35 
429 
65 
19 
47 
7 
28 
316 
40 
155 
32 
2 
2 
3 
243 
1 
2 
182 
45 
646 
302 
4 
45 
386 
11 
10 
159 
6 
1 
28 
3 
4 
6 
112 
1 
3 
16 
1 
30 
3 
7 
2 
35 
1 
68 
410 
1 
13 
2 
23 
1 
9 
1 
1 
42 
514 
96 
1 
504 
1 
1 
9 
1 
3 
3 
310 
34 
99 
12 
105 
3 
1 
16 
1 
1 
13 
96 
1 
1000 
12 
1 
3 
96 
8 
13 
482 
423 
3 
20 
9 
22 
1 
325 
4 
41 
1 
1 
1 
14 
723 
259 
61 
11 
22 
3 
23 
833 
24 
9 
128 
1 
3 
16 
2 
480 
3 
1 
677 
884 
7 
307 
300 
984 
18 
59 
10 
81 
12 
17 
8 
7 
2 
304 
205 
246 
4 
14 
186 
10 
464 
1 
106 
24 
10 
2 
12 
9 
596 
1 
30 
396 
10 
4 
30 
1 
235 
1 
1 
1 
90 
129 
1 
69 
1 
276 
458 
1 
127 
80 
760 
2 
4 
35 
21 
1 
194 
1 
1 
5 
225 
10 
328 
75 
1 
1 
1 
24 
3 
930 
16 
5 
11 
2 
26 
112 
2 
1 
1 
40 
1 
357 
57 
2 
4 
5 
1 
1 
1 
13 
16 
1 
1 
156 
51 
293 
22 
31 
7 
108 
855 
4 
5 
2 
5 
4 
10 
31 
5 
815 
35 
36 
6 
304 
1 
5 
544 
2 
2 
2 
63 
4 
51 
1 
4 
6 
40 
510 
1 
3 
371 
15 
30 
122 
3 
428 
1 
2 
1 
110 
142 
13 
1 
11 
1 
759 
26 
33 
9 
12 
1 
56 
155 
3 
61 
12 
1 
1 
54 
1 
1 
424 
1 
32 
28 
1 
16 
5 
84 
496 
853 
10 
1 
710 
12 
17 
51 
1 
18 
27 
2 
657 
1 
1 
23 
429 
12 
2 
37 
1 
187 
139 
82 
1 
5 
33 
47 
2 
12 
4 
843 
1 
3 
7 
20 
1 
1 
2 
776 
125 
1 
60 
20 
340 
339 
9 
1 
674 
728 
68 
10 
2 
273 
48 
1 
8 
3 
91 
2 
48 
7 
416 
7 
49 
62 
2 
167 
76 
51 
984 
5 
7 
125 
35 
240 
290 
27 
2 
143 
192 
241 
1 
18 
1 
19 
62 
1 
3 
183 
656 
82 
15 
414 
109 
835 
34 
18 
7 
1 
93 
75 
11 
2 
159 
74 
1 
196 
24 
28 
381 
106 
4 
2 
252 
19 
2 
18 
313 
88 
81 
11 
2 
33 
527 
237 
27 
1 
293 
496 
17 
17 
1 
103 
1 
2 
13 
146 
2 
85 
2 
6 
2 
274 
8 
1 
306 
3 
5 
2 
3 
28 
24 
4 
17 
111 
62 
84 
1 
686 
1 
29 
61 
7 
345 
4 
108 
917 
1 
158 
1 
1 
41 
2 
560 
7 
18 
785 
3 
173 
96 
410 
3 
151 
182 
150 
1 
1 
12 
139 
6 
5 
5 
702 
1 
866 
8 
2 
406 
4 
46 
4 
2 
1 
12 
1 
8 
6 
3 
36 
80 
72 
16 
55 
1 
986 
39 
1 
303 
39 
1 
28 
368 
347 
5 
11 
46 
1 
40 
612 
3 
1 
8 
7 
8 
8 
1 
3 
1 
2 
91 
443 
1 
1 
28 
230 
76 
25 
41 
1 
12 
9 
1 
1 
75 
2 
10 
128 
1 
16 
29 
296 
3 
1 
4 
248 
58 
9 
966 
304 
19 
33 
1 
1 
94 
395 
1 
6 
104 
32 
654 
18 
116 
59 
33 
3 
1 
1 
1 
4 
3 
1 
390 
1 
325 
59 
205 
3 
1 
2 
1 
3 
3 
109 
203 
26 
5 
500 
350 
6 
111 
366 
160 
1 
1 
2 
1 
1 
21 
1 
2 
97 
1 
1 
1 
13 
4 
95 
1 
6 
132 
150 
14 
15 
177 
109 
43 
141 
37 
122 
114 
38 
6 
3 
13 
17 
2 
13 
86 
160 
84 
21 
6 
1 
323 
158 
1 
1 
20 
928 
50 
1 
3 
30 
94 
205 
79 
89 
5 
8 
168 
5 
1 
96 
378 
324 
1 
1 
2 
657 
2 
3 
525 
41 
224 
917 
2 
39 
1 
15 
252 
1 
70 
24 
3 
1 
2 
194 
16 
125 
35 
19 
4 
610 
6 
871 
98 
997 
7 
304 
92 
108 
366 
2 
299 
61 
12 
226 
59 
467 
11 
125 
5 
41 
1 
112 
7 
1 
9 
53 
10 
102 
1 
4 
10 
1 
216 
235 
27 
136 
3 
1 
102 
375 
10 
349 
761 
59 
5 
8 
2 
144 
202 
713 
2 
203 
1 
6 
1 
2 
218 
51 
1 
1 
23 
31 
1 
3 
1 
4 
35 
3 
1 
445 
44 
1 
6 
312 
41 
66 
207 
1 
658 
248 
1 
312 
924 
9 
1 
94 
1 
6 
45 
3 
509 
45 
1 
3 
11 
17 
1 
20 
106 
10 
21 
16 
7 
28 
198 
3 
932 
29 
30 
29 
1000 
199 
23 
34 
99 
75 
38 
6 
70 
265 
350 
3 
15 
95 
3 
2 
6 
518 
4 
1 
1 
19 
1 
14 
11 
2 
4 
1 
21 
9 
6 
329 
10 
3 
3 
8 
2 
3 
16 
59 
475 
2 
1 
50 
5 
32 
43 
87 
17 
1 
2 
449 
3 
24 
1 
4 
1 
113 
1 
11 
31 
2 
12 
45 
2 
180 
8 
2 
2 
9 
6 
386 
28 
8 
53 
7 
12 
583 
173 
29 
2 
6 
22 
468 
1 
2 
1 
4 
49 
2 
196 
799 
6 
22 
1 
8 
34 
1 
606 
501 
368 
49 
1 
821 
40 
13 
47 
1 
222 
218 
3 
152 
3 
72 
19 
7 
62 
866 
235 
46 
217 
1 
3 
3 
150 
24 
1 
431 
24 
114 
1 
108 
79 
2 
46 
2 
27 
141 
39 
3 
46 
1 
58 
36 
1 
7 
3 
72 
1 
68 
5 
446 
28 
1 
401 
2 
38 
5 
138 
1 
9 
11 
23 
24 
2 
300 
679 
33 
641 
11 
17 
2 
4 
1 
6 
33 
279 
1 
3 
345 
2 
1 
1 
657 
5 
106 
16 
1 
160 
45 
415 
2 
16 
94 
6 
6 
1 
11 
9 
9 
303 
6 
1 
5 
66 
8 
127 
44 
6 
20 
776 
635 
114 
48 
5 
223 
97 
9 
141 
1 
565 
60 
11 
29 
210 
1 
741 
2 
58 
234 
1 
683 
306 
304 
734 
233 
8 
23 
8 
8 
1 
4 
930 
1 
5 
36 
1 
41 
24 
4 
16 
841 
827 
34 
2 
208 
6 
249 
45 
51 
604 
1 
42 
152 
114 
2 
291 
1 
2 
322 
2 
3 
265 
143 
1 
170 
631 
322 
21 
227 
394 
3 
1 
5 
46 
64 
2 
3 
21 
23 
79 
393 
2 
3 
343 
1 
3 
271 
103 
1 
30 
2 
160 
223 
2 
22 
119 
1 
719 
884 
3 
4 
10 
2 
29 
6 
4 
9 
665 
1 
64 
137 
33 
3 
107 
4 
115 
1 
5 
43 
1 
3 
807 
136 
168 
147 
554 
5 
55 
27 
1 
1 
7 
1 
328 
31 
304 
603 
105 
8 
284 
8 
26 
303 
138 
9 
11 
6 
2 
527 
339 
1 
23 
3 
110 
2 
18 
317 
32 
10 
5 
11 
12 
9 
11 
169 
12 
266 
30 
2 
136 
6 
29 
1 
6 
1 
113 
223 
1 
249 
2 
77 
607 
1 
712 
2 
3 
413 
287 
281 
1 
403 
135 
1 
613 
407 
1 
6 
792 
3 
5 
5 
169 
2 
41 
5 
8 
1 
1 
11 
757 
1 
21 
342 
359 
12 
44 
180 
374 
127 
3 
18 
2 
17 
2 
415 
201 
3 
298 
32 
1 
5 
426 
21 
1 
1 
6 
1 
2 
51 
30 
1 
37 
6 
272 
8 
2 
9 
409 
3 
5 
1 
1 
1 
3 
3 
7 
27 
1 
6 
24 
42 
2 
103 
100 
101 
3 
1 
1 
1 
13 
1 
12 
12 
21 
142 
44 
293 
3 
2 
12 
1 
8 
6 
6 
4 
49 
645 
1 
65 
7 
1 
36 
15 
14 
122 
175 
166 
8 
16 
2 
106 
7 
8 
1 
938 
76 
54 
5 
1 
127 
399 
2 
288 
173 
43 
6 
1 
43 
3 
33 
526 
7 
78 
14 
1 
680 
5 
380 
78 
3 
4 
22 
3 
1 
2 
1 
96 
2 
2 
1 
32 
6 
1 
78 
3 
6 
1 
699 
57 
2 
5 
2 
427 
2 
11 
2 
7 
207 
8 
3 
45 
551 
3 
629 
1 
2 
10 
7 
872 
7 
846 
17 
232 
158 
13 
25 
1 
157 
21 
4 
11 
103 
24 
360 
6 
172 
1 
71 
53 
76 
7 
3 
6 
21 
1 
3 
146 
8 
1 
37 
2 
113 
43 
1 
500 
677 
42 
205 
169 
1 
9 
126 
536 
482 
3 
1 
3 
2 
1 
4 
1 
7 
1 
3 
238 
18 
101 
33 
421 
182 
2 
391 
71 
183 
5 
1 
358 
4 
17 
3 
7 
621 
7 
7 
10 
16 
38 
639 
1 
1 
16 
45 
108 
2 
26 
68 
5 
5 
45 
145 
372 
50 
4 
10 
455 
684 
1 
363 
91 
21 
4 
2 
89 
22 
12 
104 
2 
101 
73 
4 
137 
37 
249 
12 
1 
480 
102 
6 
3 
45 
78 
322 
16 
5 
31 
1 
89 
1 
4 
14 
1 
827 
2 
1 
104 
6 
2 
1 
162 
22 
3 
1 
35 
18 
4 
269 
1 
39 
422 
111 
1 
97 
163 
9 
1 
33 
1 
6 
1 
3 
2 
263 
2 
18 
59 
37 
640 
4 
340 
2 
56 
1 
1 
34 
3 
1 
70 
308 
1 
557 
6 
153 
2 
5 
2 
709 
88 
10 
4 
282 
1 
37 
407 
284 
11 
4 
3 
5 
127 
6 
30 
89 
398 
10 
110 
4 
171 
3 
4 
93 
78 
1 
23 
1 
4 
4 
21 
45 
2 
387 
35 
29 
2 
2 
117 
3 
35 
12 
11 
383 
1 
34 
2 
165 
2 
429 
13 
1 
110 
21 
17 
231 
6 
5 
5 
20 
103 
145 
3 
1 
2 
1 
25 
39 
17 
50 
1 
5 
165 
406 
324 
384 
10 
97 
2 
5 
1 
23 
803 
10 
1 
22 
12 
5 
2 
31 
1 
580 
19 
2 
42 
9 
11 
10 
29 
1 
1 
7 
15 
1 
51 
1 
77 
2 
2 
7 
83 
539 
642 
3 
24 
5 
16 
1 
235 
4 
12 
72 
1 
34 
273 
350 
212 
17 
84 
41 
458 
105 
2 
799 
1 
1 
178 
11 
1 
557 
22 
3 
1 
3 
7 
12 
1 
2 
235 
56 
98 
495 
85 
3 
412 
1 
1 
1 
27 
21 
8 
2 
4 
46 
6 
108 
5 
1 
1 
2 
11 
18 
285 
7 
59 
1 
1 
1 
1 
10 
7 
23 
1 
1 
5 
44 
10 
5 
1 
1 
945 
7 
20 
1 
69 
1 
589 
416 
2 
1 
45 
1 
4 
1 
2 
77 
473 
18 
4 
1 
27 
72 
89 
60 
6 
121 
39 
1 
1 
127 
246 
65 
7 
101 
3 
14 
20 
379 
182 
1 
39 
3 
1 
227 
15 
54 
77 
307 
911 
4 
1 
12 
2 
1 
216 
1 
1 
1 
2 
1 
1 
144 
758 
39 
29 
273 
100 
10 
27 
3 
4 
1 
680 
94 
3 
174 
3 
1 
3 
569 
3 
222 
1 
1 
750 
14 
23 
192 
4 
28 
93 
4 
2 
52 
188 
1 
135 
169 
7 
3 
1 
11 
1 
13 
173 
28 
4 
3 
5 
2 
12 
3 
7 
935 
279 
1 
2 
4 
9 
77 
16 
553 
1 
2 
20 
73 
1 
12 
167 
344 
92 
448 
3 
14 
6 
1 
330 
1 
1 
165 
31 
20 
22 
295 
1 
408 
1 
11 
18 
2 
27 
1 
1 
10 
63 
2 
3 
94 
1 
12 
5 
7 
33 
2 
97 
388 
3 
37 
3 
10 
8 
184 
16 
1 
84 
187 
53 
17 
381 
9 
3 
5 
1 
6 
8 
22 
25 
5 
1 
1 
3 
2 
2 
58 
12 
1 
55 
197 
3 
122 
8 
741 
305 
58 
100 
563 
2 
24 
621 
9 
6 
8 
4 
21 
40 
8 
9 
1 
1 
10 
5 
177 
518 
2 
161 
383 
22 
1 
3 
1 
6 
106 
173 
415 
1 
1 
24 
27 
55 
1 
8 
84 
235 
3 
34 
9 
2 
1 
1 
2 
1 
1 
1 
274 
5 
30 
776 
62 
1 
3 
4 
1 
1 
4 
1 
15 
2 
24 
12 
12 
22 
142 
124 
12 
6 
13 
2 
3 
5 
1 
3 
1 
83 
97 
9 
21 
306 
1 
5 
134 
5 
3 
1 
26 
409 
1 
156 
2 
51 
3 
1 
2 
48 
66 
25 
16 
11 
439 
574 
164 
45 
1 
29 
146 
5 
235 
8 
271 
5 
15 
125 
61 
9 
26 
1 
372 
180 
41 
1 
135 
5 
1 
444 
1 
3 
319 
55 
3 
78 
26 
4 
