1 
11 
1 
7 
4 
16 
10 
1 
1 
1 
13 
2 
627 
4 
18 
3 
1 
1 
13 
74 
1 
2 
1 
1 
1 
2 
1 
120 
873 
4 
311 
1 
1 
11 
103 
384 
12 
1 
206 
3 
561 
66 
23 
1 
88 
161 
11 
15 
2 
2 
1 
38 
129 
2 
2 
968 
109 
55 
260 
36 
133 
1 
1 
98 
111 
328 
1 
1 
3 
188 
1 
14 
2 
573 
3 
11 
2 
13 
1 
2 
358 
7 
1 
2 
4 
9 
105 
30 
895 
21 
71 
23 
1 
1 
1 
1 
419 
1 
2 
774 
5 
15 
5 
1 
117 
139 
16 
4 
4 
737 
5 
711 
20 
26 
7 
1 
285 
9 
11 
10 
1 
2 
1 
626 
2 
7 
2 
175 
1 
81 
18 
94 
76 
1 
16 
19 
949 
54 
1 
1 
1 
5 
23 
58 
72 
243 
29 
59 
1 
143 
10 
8 
7 
4 
100 
9 
8 
85 
5 
17 
652 
33 
23 
5 
3 
89 
1 
30 
3 
311 
11 
16 
1 
428 
128 
3 
1 
15 
4 
5 
1 
4 
30 
1 
89 
12 
1 
249 
1 
2 
20 
1 
1 
81 
1 
9 
4 
12 
2 
217 
2 
4 
118 
5 
1 
6 
5 
1 
2 
596 
298 
7 
2 
48 
4 
12 
14 
6 
229 
1 
17 
2 
10 
61 
10 
152 
1 
1 
4 
994 
3 
24 
8 
22 
4 
161 
12 
3 
65 
1 
11 
2 
14 
24 
3 
9 
836 
115 
10 
4 
1 
1 
2 
36 
100 
1 
1 
1 
5 
1 
7 
416 
1 
726 
1 
10 
10 
10 
638 
22 
4 
3 
24 
1 
2 
4 
2 
4 
1 
3 
2 
1 
2 
72 
333 
107 
17 
58 
1 
1 
392 
207 
132 
1 
75 
1 
17 
15 
3 
8 
3 
1 
1 
13 
24 
1 
35 
95 
4 
4 
1 
2 
19 
1 
493 
4 
33 
392 
93 
2 
49 
25 
153 
67 
16 
3 
37 
1 
1 
1 
1 
5 
33 
3 
31 
20 
3 
386 
5 
1 
1 
1 
1 
42 
19 
3 
8 
2 
137 
8 
1 
370 
91 
2 
109 
76 
1 
1 
7 
2 
457 
1 
2 
33 
9 
1 
1 
18 
530 
1 
2 
5 
76 
2 
334 
6 
6 
2 
831 
1 
222 
3 
3 
1 
1 
1 
440 
516 
501 
110 
4 
525 
2 
1 
1 
1 
74 
8 
24 
12 
16 
8 
254 
7 
5 
3 
66 
5 
2 
35 
1 
2 
2 
2 
19 
21 
121 
309 
25 
10 
14 
38 
6 
2 
3 
75 
4 
1 
3 
355 
1 
652 
26 
114 
7 
1 
2 
3 
8 
168 
273 
152 
1 
4 
4 
6 
24 
2 
1 
3 
2 
7 
17 
5 
2 
1 
27 
1 
1 
1 
47 
56 
364 
1 
3 
4 
1 
791 
4 
7 
3 
10 
1 
1 
1 
1 
845 
2 
7 
1 
6 
24 
3 
559 
343 
2 
1 
1 
2 
1 
991 
859 
1 
1 
1 
4 
52 
21 
45 
101 
4 
5 
28 
76 
106 
860 
335 
284 
11 
413 
7 
3 
80 
5 
595 
1 
1 
21 
516 
18 
2 
1 
2 
62 
2 
36 
14 
443 
3 
293 
5 
1 
6 
2 
11 
1 
116 
6 
2 
300 
1 
2 
1 
4 
1 
324 
10 
301 
5 
1 
1 
4 
22 
1 
2 
3 
6 
5 
90 
189 
951 
1 
22 
6 
2 
13 
16 
2 
1 
3 
316 
9 
1 
13 
631 
7 
68 
9 
216 
1 
1 
675 
1 
2 
10 
14 
9 
3 
1 
2 
52 
1 
7 
1 
259 
1 
33 
473 
16 
11 
9 
7 
111 
1 
41 
2 
1 
18 
5 
1 
4 
6 
366 
1 
9 
9 
4 
66 
2 
17 
3 
36 
3 
4 
2 
3 
1 
1 
166 
486 
62 
5 
1 
115 
121 
13 
1 
4 
40 
60 
623 
23 
15 
1 
2 
62 
7 
164 
261 
3 
133 
148 
6 
1 
2 
1 
1 
2 
40 
2 
1 
1 
119 
3 
2 
2 
1 
1 
69 
26 
1 
21 
10 
1 
1 
2 
2 
1 
10 
329 
1 
1 
1 
1 
1 
662 
1 
1 
25 
2 
200 
374 
32 
206 
2 
3 
3 
1 
1 
12 
2 
1 
399 
138 
1 
2 
84 
1 
57 
3 
15 
2 
121 
4 
400 
2 
13 
15 
1 
3 
1 
2 
1 
111 
74 
3 
201 
114 
48 
8 
4 
2 
2 
3 
5 
3 
2 
94 
540 
1 
4 
1 
1 
130 
2 
50 
35 
68 
1 
88 
1 
2 
2 
2 
3 
4 
1 
6 
962 
4 
2 
2 
1 
1 
2 
1 
10 
1 
1 
603 
22 
173 
93 
4 
3 
27 
3 
233 
4 
20 
428 
276 
27 
66 
15 
10 
14 
1 
432 
85 
29 
35 
55 
55 
1 
84 
2 
1 
155 
3 
18 
2 
3 
2 
4 
1 
22 
42 
2 
2 
1 
511 
841 
11 
1 
2 
286 
16 
9 
165 
8 
9 
2 
1 
350 
1 
1 
1 
45 
47 
9 
2 
15 
48 
9 
108 
3 
8 
12 
2 
5 
303 
34 
38 
7 
133 
27 
31 
9 
1 
240 
3 
2 
8 
1 
181 
759 
77 
4 
932 
198 
1 
13 
46 
2 
556 
22 
222 
141 
10 
1 
3 
9 
3 
1 
252 
2 
1 
1 
4 
12 
1 
1 
63 
1 
418 
3 
103 
1 
104 
8 
6 
1 
48 
22 
48 
40 
12 
8 
2 
23 
1 
2 
40 
7 
1 
2 
57 
37 
1 
1 
1 
12 
1 
1 
1 
6 
1 
6 
15 
12 
6 
8 
158 
1 
868 
1 
9 
37 
5 
800 
120 
1 
16 
1 
61 
11 
6 
13 
191 
4 
68 
697 
1 
1 
7 
1 
2 
1 
1 
4 
10 
8 
3 
156 
14 
3 
1 
713 
3 
11 
2 
761 
1 
666 
236 
62 
1 
1 
3 
14 
2 
3 
17 
1 
1 
1 
290 
51 
33 
1 
4 
609 
179 
4 
2 
1 
2 
4 
4 
874 
1 
9 
921 
2 
4 
87 
1 
484 
291 
2 
1 
7 
554 
18 
3 
490 
1 
1 
6 
1 
1 
28 
5 
1 
3 
1 
1 
9 
5 
206 
3 
1 
2 
5 
375 
284 
34 
357 
3 
2 
1 
1 
52 
255 
1 
4 
2 
119 
102 
44 
1 
2 
5 
60 
2 
3 
347 
5 
35 
8 
8 
2 
14 
1 
3 
14 
8 
28 
179 
18 
9 
214 
1 
158 
1 
2 
4 
107 
1 
2 
18 
28 
642 
280 
6 
41 
58 
4 
1 
2 
2 
2 
3 
3 
16 
940 
627 
1 
190 
7 
1 
25 
1 
135 
17 
467 
1 
2 
4 
1 
7 
1 
3 
1 
1 
4 
173 
775 
1 
5 
663 
1 
2 
10 
1 
4 
1 
2 
1 
62 
7 
1 
10 
3 
10 
7 
1 
1 
4 
259 
2 
211 
3 
3 
6 
3 
1 
668 
3 
40 
132 
1 
12 
11 
667 
1 
635 
4 
34 
49 
701 
8 
10 
1 
2 
3 
1 
591 
144 
2 
1 
294 
79 
32 
1 
1 
1 
3 
1 
7 
363 
201 
2 
1 
3 
2 
57 
2 
7 
6 
13 
1 
7 
4 
1 
126 
7 
10 
86 
3 
1 
671 
2 
100 
5 
31 
2 
9 
35 
498 
27 
14 
37 
66 
1 
143 
18 
107 
44 
548 
3 
2 
27 
4 
1 
1 
137 
13 
1 
22 
38 
1 
3 
285 
1 
2 
1 
7 
2 
8 
2 
736 
6 
119 
38 
1 
2 
117 
6 
31 
35 
8 
5 
3 
19 
1 
7 
75 
18 
707 
3 
1 
12 
1 
494 
364 
18 
49 
11 
1 
3 
30 
2 
65 
15 
2 
88 
1 
14 
9 
1 
38 
66 
100 
18 
7 
2 
3 
263 
175 
3 
19 
2 
48 
2 
14 
238 
4 
22 
315 
13 
12 
1 
8 
1 
21 
247 
3 
92 
2 
20 
65 
18 
1 
23 
6 
1 
7 
9 
1000 
832 
225 
1 
10 
3 
1 
7 
1 
4 
250 
1 
635 
2 
168 
11 
20 
49 
2 
2 
490 
139 
1 
1 
102 
1 
7 
776 
42 
334 
406 
103 
1 
22 
336 
3 
1 
3 
1 
6 
5 
1 
2 
1 
2 
1 
90 
51 
6 
3 
7 
1 
957 
1 
2 
236 
1 
53 
5 
3 
27 
35 
30 
2 
246 
13 
3 
8 
29 
32 
3 
1 
2 
2 
575 
12 
6 
1 
2 
632 
167 
24 
6 
266 
22 
4 
23 
1 
1 
47 
1 
3 
13 
3 
8 
1 
4 
3 
15 
1 
54 
1 
20 
1 
53 
1 
2 
1 
833 
1 
1 
1 
3 
1 
1 
1 
179 
13 
124 
1 
5 
3 
56 
94 
2 
12 
344 
5 
1 
1 
777 
2 
3 
38 
10 
425 
2 
3 
17 
17 
514 
10 
1 
117 
55 
2 
946 
12 
21 
1 
813 
1 
1 
10 
379 
14 
1 
15 
5 
25 
1 
1 
78 
1 
1 
7 
158 
2 
2 
1 
116 
3 
1 
27 
1 
1 
5 
42 
329 
125 
1 
5 
4 
446 
1 
254 
3 
1 
60 
94 
25 
1 
31 
2 
482 
149 
10 
28 
1 
5 
1 
382 
8 
209 
5 
1 
2 
237 
248 
1 
23 
1 
90 
5 
1 
776 
95 
4 
7 
8 
4 
18 
1 
1 
2 
281 
3 
12 
12 
1 
1 
27 
1 
93 
2 
1 
78 
711 
1 
7 
13 
427 
233 
1 
1 
29 
10 
1 
1 
3 
1 
1 
57 
6 
9 
30 
8 
593 
20 
2 
29 
1 
5 
3 
1 
7 
17 
2 
42 
1 
48 
12 
1 
2 
2 
7 
16 
13 
139 
368 
2 
955 
2 
731 
3 
2 
398 
1 
62 
4 
61 
340 
5 
67 
1 
99 
8 
11 
6 
1 
24 
99 
248 
1 
2 
4 
2 
1 
2 
100 
8 
7 
17 
489 
8 
1 
5 
179 
342 
4 
10 
359 
187 
2 
1 
15 
2 
5 
3 
97 
2 
26 
18 
294 
545 
9 
1 
1 
1 
2 
9 
169 
24 
13 
58 
27 
239 
31 
2 
3 
1 
1 
4 
19 
448 
64 
19 
1 
4 
387 
2 
29 
1 
2 
645 
58 
3 
165 
18 
9 
1 
292 
12 
13 
2 
2 
319 
30 
1 
2 
15 
63 
15 
294 
15 
34 
1 
967 
47 
861 
14 
1 
15 
6 
1 
674 
2 
420 
34 
6 
11 
1 
4 
13 
16 
1 
108 
1 
2 
429 
2 
820 
7 
93 
657 
77 
1 
23 
223 
8 
9 
10 
217 
16 
1 
6 
52 
594 
7 
23 
39 
88 
1 
909 
2 
827 
27 
1 
1 
5 
4 
585 
3 
3 
7 
5 
6 
1 
296 
560 
1 
1 
29 
4 
878 
1 
3 
112 
5 
164 
2 
2 
1 
8 
1 
49 
1 
1 
15 
38 
2 
51 
14 
8 
1 
27 
62 
1 
1 
10 
1 
218 
1 
44 
1 
1 
408 
99 
62 
3 
4 
1 
1 
31 
1 
11 
3 
1 
5 
136 
9 
24 
294 
1 
29 
1 
1 
1 
15 
26 
7 
1 
56 
1 
7 
24 
1 
62 
1 
48 
2 
2 
2 
5 
1 
17 
51 
239 
478 
2 
3 
1 
5 
5 
234 
325 
1 
1 
13 
3 
1 
3 
12 
8 
536 
416 
7 
42 
1 
3 
8 
5 
202 
4 
1 
1 
712 
1 
9 
117 
2 
3 
1 
5 
18 
183 
66 
12 
76 
1 
80 
29 
7 
731 
1 
2 
1 
123 
155 
1 
7 
10 
46 
1 
390 
113 
4 
1 
1 
45 
5 
1 
2 
187 
10 
4 
13 
66 
4 
7 
12 
190 
3 
12 
2 
1 
1 
16 
1 
2 
1 
1 
14 
6 
13 
6 
2 
29 
1 
479 
5 
1 
25 
1 
3 
258 
515 
11 
7 
8 
1 
434 
1 
11 
1 
18 
1 
1 
4 
2 
5 
3 
61 
5 
56 
5 
477 
1 
20 
3 
1 
29 
21 
93 
26 
128 
15 
152 
82 
4 
1 
5 
1 
128 
42 
2 
48 
723 
9 
35 
1 
76 
5 
178 
2 
1 
3 
465 
87 
8 
3 
782 
29 
140 
88 
26 
204 
4 
8 
4 
1 
61 
2 
2 
6 
17 
2 
14 
5 
3 
1 
129 
1 
63 
3 
2 
27 
7 
103 
399 
359 
1 
2 
22 
1 
50 
76 
251 
129 
41 
3 
1 
3 
28 
9 
1 
60 
30 
2 
1 
1 
4 
250 
1 
1 
258 
10 
454 
2 
4 
2 
1 
1 
3 
300 
112 
5 
868 
151 
1 
1 
2 
1 
31 
13 
38 
1 
7 
130 
2 
1 
4 
1 
6 
804 
48 
3 
6 
3 
69 
12 
13 
1 
6 
1 
19 
31 
5 
3 
12 
10 
1 
148 
19 
2 
4 
1 
184 
14 
1 
4 
79 
2 
3 
5 
1 
7 
1 
2 
1 
2 
126 
1 
15 
1 
21 
1 
2 
113 
2 
28 
2 
101 
1 
442 
3 
1 
10 
2 
1 
10 
8 
3 
42 
314 
121 
89 
55 
97 
117 
2 
10 
1 
68 
1 
2 
102 
14 
9 
4 
204 
9 
1 
8 
1 
18 
24 
56 
11 
47 
54 
1 
9 
665 
3 
1 
23 
246 
5 
11 
6 
146 
6 
1 
6 
130 
1 
2 
86 
1 
2 
76 
2 
50 
41 
426 
20 
1 
41 
4 
5 
85 
15 
1 
195 
1 
4 
2 
3 
76 
1 
14 
1 
16 
1 
4 
1 
2 
42 
31 
1 
85 
18 
8 
2 
1 
39 
35 
386 
3 
22 
1 
1 
2 
819 
7 
2 
331 
10 
122 
14 
1 
4 
6 
1 
123 
568 
447 
8 
1 
1 
9 
31 
26 
368 
166 
1 
31 
2 
3 
1 
1 
164 
7 
78 
3 
1 
57 
2 
34 
8 
2 
4 
1 
2 
1 
37 
53 
5 
3 
1 
15 
4 
203 
380 
126 
2 
1 
22 
2 
1 
336 
184 
281 
1 
1 
61 
1 
5 
1 
248 
5 
5 
7 
64 
1 
1 
1 
174 
1 
76 
287 
51 
1 
10 
10 
443 
1 
12 
2 
4 
8 
3 
10 
1 
24 
297 
1 
2 
5 
5 
10 
1 
485 
1 
1 
1 
413 
284 
57 
2 
7 
1 
142 
36 
69 
2 
14 
8 
29 
422 
153 
4 
1 
1 
9 
341 
1 
1 
73 
6 
1 
1 
6 
1 
5 
49 
14 
359 
1 
1 
1 
24 
110 
3 
2 
69 
128 
13 
1 
96 
1 
3 
1 
4 
1 
507 
1 
1 
422 
188 
13 
29 
1 
1 
41 
1 
1 
175 
247 
15 
13 
1 
3 
8 
33 
152 
4 
2 
1 
2 
4 
13 
14 
6 
10 
689 
8 
1 
3 
1 
24 
10 
1 
1 
12 
4 
2 
1 
49 
50 
154 
171 
2 
29 
32 
629 
497 
3 
3 
2 
819 
5 
8 
1 
80 
1 
2 
6 
4 
42 
4 
751 
2 
8 
1 
38 
1 
13 
96 
11 
1 
47 
8 
24 
19 
114 
2 
1 
16 
2 
144 
6 
1 
12 
469 
18 
99 
348 
36 
327 
2 
160 
3 
2 
2 
505 
11 
646 
1 
12 
4 
9 
30 
1 
2 
1 
3 
1 
1 
33 
144 
5 
6 
10 
24 
2 
2 
1 
1 
3 
1 
432 
68 
235 
17 
32 
29 
25 
17 
1 
1 
6 
56 
3 
2 
303 
470 
1 
739 
2 
2 
24 
13 
9 
613 
135 
10 
4 
1 
1 
1 
485 
80 
18 
14 
2 
38 
1 
259 
10 
339 
15 
1 
3 
79 
1 
2 
78 
1 
83 
184 
1 
2 
975 
115 
2 
10 
29 
96 
129 
4 
2 
23 
7 
4 
1 
8 
3 
273 
3 
1 
3 
1 
1 
5 
2 
5 
1 
8 
18 
1 
7 
551 
1 
29 
2 
69 
36 
14 
2 
1 
6 
321 
106 
1 
3 
170 
1 
1 
10 
38 
448 
3 
15 
1 
53 
1 
120 
53 
11 
53 
231 
4 
4 
49 
140 
1 
3 
120 
1 
1 
2 
22 
1 
1 
864 
58 
3 
18 
3 
38 
121 
1 
17 
4 
10 
44 
103 
1 
205 
1 
2 
10 
2 
5 
2 
2 
47 
13 
2 
19 
2 
18 
80 
1 
14 
17 
4 
1 
65 
573 
144 
3 
4 
163 
1 
39 
2 
4 
1 
1 
5 
2 
270 
48 
2 
2 
363 
3 
19 
5 
1 
2 
28 
193 
1 
4 
190 
91 
3 
4 
1 
1 
468 
339 
3 
938 
277 
1 
2 
5 
2 
965 
1 
2 
13 
17 
18 
36 
5 
8 
5 
4 
1 
3 
2 
3 
7 
4 
1 
13 
9 
9 
47 
344 
6 
2 
1 
2 
25 
11 
1 
2 
50 
1 
21 
90 
733 
4 
19 
3 
3 
2 
3 
50 
53 
835 
1 
171 
16 
42 
1 
1 
235 
3 
2 
63 
1 
5 
1 
67 
1 
56 
1 
2 
2 
3 
304 
2 
3 
4 
377 
483 
5 
1 
184 
3 
5 
2 
6 
75 
7 
4 
3 
2 
70 
1 
3 
4 
12 
1 
2 
4 
5 
8 
57 
1 
24 
3 
2 
3 
3 
83 
228 
2 
12 
12 
1 
4 
2 
49 
22 
30 
58 
2 
10 
15 
1 
12 
9 
8 
1 
32 
3 
2 
1 
5 
1 
68 
25 
1 
12 
89 
305 
87 
46 
1 
268 
28 
3 
197 
1 
52 
19 
778 
37 
16 
6 
106 
7 
31 
77 
1 
4 
1 
7 
3 
3 
2 
414 
1 
2 
3 
2 
3 
74 
3 
3 
92 
1 
2 
1 
358 
28 
2 
2 
25 
31 
30 
1 
3 
98 
1 
769 
3 
3 
1 
1 
98 
1 
1 
1 
938 
5 
18 
257 
30 
1 
2 
4 
2 
2 
2 
1 
1 
327 
82 
19 
1 
2 
1 
1 
1 
1 
8 
37 
12 
23 
1 
27 
1 
34 
68 
107 
1 
12 
2 
3 
29 
22 
57 
89 
1 
1 
43 
203 
1 
76 
1 
4 
3 
18 
3 
2 
3 
3 
43 
16 
54 
887 
131 
136 
1 
3 
3 
276 
182 
1 
2 
734 
3 
2 
2 
3 
124 
91 
1 
34 
1 
457 
1 
6 
4 
50 
130 
10 
4 
1 
255 
1 
78 
102 
1 
1 
1 
53 
30 
12 
106 
6 
3 
3 
1 
793 
225 
5 
15 
1 
185 
29 
1 
91 
30 
2 
36 
13 
199 
1 
3 
1 
122 
2 
57 
8 
1 
48 
44 
3 
4 
31 
109 
539 
10 
20 
2 
33 
83 
1 
1 
1 
13 
3 
3 
5 
441 
6 
682 
9 
45 
11 
46 
233 
1 
118 
11 
10 
1 
26 
2 
542 
18 
825 
6 
19 
611 
2 
16 
1 
1 
88 
1 
73 
1 
1 
1 
4 
4 
25 
2 
1 
1 
2 
16 
47 
198 
3 
438 
6 
9 
21 
3 
6 
1 
95 
4 
133 
2 
2 
1 
523 
5 
5 
1 
19 
278 
43 
1 
6 
1 
1 
422 
652 
1 
2 
55 
22 
12 
53 
1 
22 
3 
64 
1 
13 
373 
1 
3 
237 
1 
6 
1 
2 
2 
1 
17 
1 
19 
965 
4 
2 
4 
1 
2 
12 
6 
5 
8 
1 
1 
1 
1 
2 
1 
3 
1 
2 
2 
1 
3 
1 
348 
160 
560 
7 
3 
5 
6 
1 
1 
93 
441 
1 
4 
582 
5 
5 
1 
64 
1 
201 
5 
1 
22 
3 
3 
132 
3 
224 
5 
1 
4 
1 
1 
1 
1 
11 
2 
10 
18 
49 
1 
126 
39 
1 
477 
1 
84 
7 
1 
1 
3 
67 
17 
5 
566 
2 
10 
4 
31 
58 
2 
7 
1 
3 
8 
6 
2 
1 
4 
1 
1 
2 
2 
1 
8 
199 
334 
23 
1 
1 
92 
7 
32 
1 
230 
107 
9 
6 
15 
3 
141 
20 
16 
4 
2 
6 
59 
6 
339 
141 
49 
1 
2 
85 
1 
2 
105 
165 
2 
7 
216 
2 
1 
541 
1 
4 
3 
25 
1 
417 
5 
4 
844 
4 
386 
1 
1 
3 
63 
225 
7 
1 
135 
1 
63 
6 
1 
2 
13 
1 
75 
25 
2 
146 
1 
3 
1 
11 
1 
82 
32 
27 
97 
1 
682 
317 
10 
217 
17 
2 
2 
1 
33 
3 
1 
4 
16 
12 
61 
16 
9 
1 
33 
174 
12 
338 
36 
2 
2 
58 
18 
20 
17 
46 
1 
15 
19 
27 
1 
892 
2 
343 
2 
1 
3 
4 
2 
361 
10 
7 
67 
1 
40 
5 
256 
6 
1 
46 
437 
41 
25 
473 
842 
38 
1 
4 
1 
585 
6 
17 
3 
12 
5 
79 
19 
1 
334 
2 
403 
1 
5 
1 
73 
58 
7 
692 
5 
9 
13 
90 
1 
114 
873 
1 
1 
5 
224 
1 
7 
694 
81 
3 
22 
17 
297 
2 
12 
10 
26 
7 
113 
2 
2 
5 
5 
1 
5 
398 
81 
3 
100 
2 
1 
66 
41 
430 
57 
3 
3 
1 
331 
3 
10 
444 
588 
1 
65 
1 
3 
1 
2 
5 
10 
32 
49 
28 
401 
7 
1 
1 
2 
3 
1 
177 
7 
1 
4 
39 
1 
3 
11 
8 
10 
2 
14 
1 
5 
1 
4 
1 
8 
1 
6 
131 
18 
1 
532 
165 
274 
1 
22 
74 
1 
2 
7 
231 
49 
25 
1 
13 
4 
34 
3 
18 
1 
2 
1 
592 
1 
10 
4 
6 
15 
96 
1 
940 
2 
1 
1 
20 
27 
1 
71 
4 
81 
530 
164 
479 
41 
37 
679 
4 
1 
1 
181 
1 
16 
1 
1 
617 
4 
3 
1 
1 
3 
311 
1 
2 
103 
15 
2 
2 
11 
2 
1 
8 
1 
156 
789 
643 
14 
3 
46 
315 
4 
7 
14 
15 
1 
9 
49 
230 
18 
100 
4 
12 
2 
1 
3 
17 
29 
29 
1 
1 
10 
1 
3 
109 
10 
2 
7 
10 
17 
16 
1 
2 
4 
40 
4 
1 
1 
1 
10 
30 
28 
8 
2 
2 
3 
353 
76 
1 
8 
1 
31 
8 
4 
1 
1 
7 
16 
9 
1 
8 
13 
14 
397 
4 
1 
21 
12 
4 
1 
227 
3 
3 
2 
1 
1 
10 
2 
1 
3 
1 
406 
916 
1 
6 
14 
1 
18 
64 
13 
1 
165 
100 
24 
2 
99 
67 
2 
3 
223 
2 
237 
507 
1 
1 
1 
1 
5 
3 
1 
26 
3 
3 
208 
3 
18 
1 
3 
1 
1 
21 
13 
12 
39 
1 
631 
439 
1 
44 
90 
1 
2 
7 
189 
17 
118 
2 
3 
3 
4 
2 
130 
264 
71 
1 
1 
138 
8 
1 
3 
2 
1 
1 
3 
1 
2 
8 
1 
6 
5 
50 
6 
1 
13 
63 
140 
1 
1 
2 
851 
23 
10 
5 
354 
6 
1 
116 
13 
2 
1 
169 
9 
1 
2 
1 
4 
852 
140 
3 
81 
883 
4 
1 
29 
1 
1 
165 
23 
1 
788 
988 
4 
1 
1 
30 
1 
1 
2 
11 
1 
17 
839 
4 
2 
71 
129 
4 
2 
188 
1 
12 
2 
7 
120 
60 
264 
10 
4 
71 
205 
4 
55 
12 
284 
299 
1 
10 
284 
1 
106 
2 
33 
34 
1 
6 
2 
42 
234 
268 
1 
6 
6 
2 
43 
5 
34 
149 
12 
15 
1 
453 
2 
12 
1 
115 
23 
2 
25 
241 
7 
1 
1 
653 
1 
6 
3 
1 
9 
8 
1 
110 
1 
5 
10 
1 
4 
8 
3 
520 
2 
1 
4 
28 
2 
353 
28 
5 
195 
1 
1 
993 
3 
1 
250 
12 
2 
11 
27 
9 
43 
1 
1 
1 
1 
2 
49 
1 
1 
2 
15 
129 
1 
76 
2 
1 
1 
500 
1 
7 
51 
4 
17 
2 
27 
4 
122 
1 
1 
1 
1 
2 
6 
44 
28 
104 
182 
1 
731 
2 
88 
11 
1 
2 
13 
2 
38 
2 
1 
208 
135 
152 
5 
2 
561 
14 
32 
47 
66 
68 
5 
2 
14 
56 
1 
1 
428 
40 
2 
863 
4 
2 
1 
1 
1 
61 
530 
3 
6 
1 
27 
45 
1 
3 
3 
1 
3 
1 
8 
16 
44 
18 
10 
52 
92 
43 
5 
1 
1 
158 
2 
9 
1 
565 
53 
1 
175 
58 
7 
545 
226 
2 
2 
26 
1 
46 
41 
1 
2 
1 
4 
64 
1 
1 
54 
307 
10 
33 
8 
13 
2 
59 
2 
1 
2 
1 
2 
19 
176 
3 
12 
27 
7 
1 
426 
4 
121 
2 
1 
18 
5 
2 
1 
6 
2 
3 
1 
49 
3 
2 
10 
44 
5 
11 
1 
1 
2 
249 
559 
6 
6 
84 
2 
1 
2 
7 
2 
2 
10 
7 
8 
350 
6 
1 
191 
116 
1 
1 
115 
2 
11 
7 
1 
16 
143 
2 
2 
1 
13 
26 
179 
5 
2 
1 
5 
150 
20 
237 
760 
1 
635 
1 
13 
100 
1 
4 
1 
248 
78 
1 
2 
2 
1 
5 
8 
6 
686 
24 
1 
169 
6 
1 
107 
3 
7 
2 
36 
2 
1 
2 
1 
1 
13 
1 
783 
2 
2 
336 
1 
1 
327 
29 
10 
144 
3 
222 
232 
11 
8 
247 
1 
711 
61 
15 
2 
335 
1 
2 
34 
55 
3 
4 
5 
1 
499 
450 
34 
122 
43 
1 
18 
247 
1 
1 
7 
248 
1 
2 
5 
291 
174 
1 
54 
39 
5 
392 
1 
1 
8 
97 
5 
107 
1 
917 
133 
3 
213 
79 
6 
3 
547 
8 
1 
5 
350 
150 
39 
12 
11 
1 
4 
22 
1 
24 
46 
23 
68 
2 
16 
21 
123 
159 
83 
1 
10 
1 
224 
134 
2 
3 
3 
5 
1 
4 
7 
1 
498 
2 
316 
1 
3 
10 
2 
1 
4 
103 
4 
2 
35 
25 
1 
3 
1 
25 
5 
6 
15 
1 
63 
41 
10 
130 
216 
7 
424 
9 
21 
11 
20 
201 
318 
3 
463 
6 
17 
22 
30 
15 
7 
102 
15 
1 
64 
292 
101 
6 
3 
11 
85 
132 
7 
5 
38 
129 
134 
16 
1 
2 
1 
34 
20 
357 
2 
4 
32 
1 
4 
48 
28 
27 
2 
1 
7 
245 
1 
3 
1 
11 
1 
3 
4 
13 
7 
423 
56 
1 
1 
1 
18 
23 
103 
126 
13 
26 
1 
67 
1 
6 
7 
23 
22 
2 
144 
131 
389 
85 
3 
19 
1 
9 
176 
1 
202 
3 
662 
2 
14 
6 
12 
40 
4 
1 
7 
148 
699 
27 
483 
213 
5 
8 
198 
77 
1 
724 
1 
24 
45 
550 
1 
8 
3 
96 
226 
15 
6 
417 
1 
26 
3 
1 
2 
1 
445 
6 
5 
3 
3 
63 
1 
3 
1 
3 
1 
1 
11 
51 
141 
41 
40 
1 
2 
16 
2 
122 
48 
1 
1 
4 
418 
558 
3 
1 
1 
1 
34 
23 
7 
95 
20 
4 
1 
773 
94 
80 
4 
1 
5 
27 
2 
2 
1 
21 
27 
3 
6 
2 
131 
17 
4 
3 
24 
74 
25 
2 
6 
1 
1 
5 
10 
22 
843 
1 
10 
7 
30 
5 
2 
1 
1 
32 
86 
137 
89 
1 
21 
19 
6 
4 
26 
23 
1 
3 
9 
517 
1 
179 
10 
38 
2 
238 
151 
1 
16 
8 
8 
30 
20 
3 
5 
835 
8 
179 
112 
487 
15 
63 
17 
4 
35 
12 
5 
4 
3 
6 
70 
4 
37 
185 
4 
1 
1 
121 
3 
1 
1 
27 
11 
1 
155 
57 
2 
79 
1 
3 
30 
12 
2 
6 
8 
7 
1 
3 
422 
1 
202 
1 
1 
29 
58 
826 
1 
41 
5 
1 
1 
2 
1 
1 
129 
71 
2 
1 
25 
4 
101 
2 
33 
2 
24 
6 
13 
1 
1 
6 
676 
16 
1 
9 
6 
1 
31 
2 
1 
955 
4 
17 
141 
1 
1 
260 
56 
1 
4 
46 
1 
1 
11 
1 
7 
1 
1 
29 
4 
4 
3 
1 
104 
1 
4 
10 
2 
1 
34 
1 
3 
8 
6 
58 
27 
432 
6 
8 
141 
41 
3 
164 
105 
2 
2 
77 
37 
97 
54 
19 
2 
120 
46 
37 
152 
3 
14 
575 
14 
23 
27 
4 
1 
9 
101 
2 
3 
533 
3 
1 
1 
1 
2 
1 
1 
40 
1 
1 
1 
326 
1 
13 
340 
15 
40 
1 
1 
35 
25 
1 
52 
2 
35 
155 
58 
11 
1 
1 
185 
1 
5 
7 
13 
6 
2 
1 
17 
2 
15 
8 
1 
3 
9 
1 
1 
241 
5 
1 
322 
1 
292 
4 
78 
1 
25 
67 
1 
1 
2 
4 
1 
2 
1 
27 
1 
63 
4 
1 
100 
1 
11 
1 
11 
2 
38 
3 
2 
344 
8 
4 
393 
38 
250 
831 
9 
1 
7 
2 
1 
2 
3 
2 
2 
1 
193 
3 
1 
4 
1 
2 
2 
1 
67 
423 
2 
20 
32 
230 
1 
831 
1 
362 
258 
579 
369 
2 
1 
1 
368 
56 
3 
4 
315 
1 
75 
248 
7 
4 
2 
207 
1 
41 
25 
25 
57 
2 
4 
50 
200 
73 
136 
423 
38 
43 
1 
236 
5 
25 
42 
1 
5 
141 
2 
11 
26 
29 
2 
63 
106 
4 
16 
8 
12 
346 
3 
5 
600 
4 
904 
109 
5 
117 
31 
4 
4 
1 
11 
118 
2 
1 
1 
35 
34 
5 
2 
1 
583 
1 
1 
29 
4 
1 
9 
1 
42 
10 
1 
3 
1 
191 
9 
21 
3 
230 
6 
31 
4 
1 
7 
30 
17 
4 
24 
2 
4 
353 
148 
3 
244 
1 
120 
39 
238 
2 
7 
266 
1 
9 
8 
3 
1 
1 
1 
17 
1 
110 
12 
36 
36 
17 
5 
149 
4 
1 
28 
106 
6 
7 
18 
2 
26 
198 
35 
1 
2 
8 
14 
1 
25 
23 
2 
1 
53 
10 
255 
2 
9 
382 
87 
5 
1 
2 
2 
76 
1 
4 
11 
7 
3 
394 
1 
4 
26 
7 
55 
13 
226 
31 
234 
135 
7 
2 
164 
5 
7 
7 
10 
6 
15 
2 
347 
92 
7 
1 
620 
2 
4 
14 
14 
1 
64 
2 
1 
13 
20 
1 
22 
120 
2 
18 
13 
9 
9 
3 
2 
15 
11 
3 
41 
11 
29 
1 
10 
38 
1 
36 
3 
55 
18 
1 
191 
1 
3 
50 
275 
7 
8 
55 
2 
1 
2 
3 
181 
50 
1 
1 
8 
1 
4 
4 
761 
9 
44 
2 
1 
1 
1 
52 
59 
585 
14 
2 
698 
406 
9 
1 
78 
3 
7 
634 
2 
6 
47 
22 
2 
1 
7 
1 
2 
7 
3 
527 
83 
506 
380 
1 
41 
8 
11 
4 
175 
12 
77 
1 
2 
14 
29 
1 
368 
106 
6 
53 
5 
401 
1 
1 
370 
1 
3 
23 
13 
6 
2 
256 
1 
1 
1 
226 
129 
17 
45 
51 
102 
1 
13 
22 
181 
18 
1 
3 
191 
42 
1 
2 
21 
450 
1 
26 
498 
1 
5 
3 
6 
670 
1 
715 
3 
2 
1 
4 
15 
32 
3 
2 
7 
19 
4 
8 
6 
8 
1 
15 
1 
935 
1 
15 
3 
1 
7 
707 
7 
1 
362 
36 
117 
3 
1 
37 
1 
87 
2 
3 
15 
8 
11 
2 
8 
1 
56 
2 
1 
63 
1 
1 
236 
4 
1 
68 
2 
2 
817 
445 
24 
12 
98 
20 
17 
48 
17 
1 
57 
540 
337 
1 
304 
6 
28 
1 
355 
1 
2 
5 
68 
248 
1 
735 
3 
9 
1 
1 
1 
41 
90 
99 
1 
10 
1 
3 
79 
138 
1 
11 
2 
421 
6 
4 
3 
1 
1 
2 
15 
2 
3 
2 
946 
52 
3 
2 
1 
9 
1 
70 
2 
13 
2 
23 
388 
116 
1 
120 
1 
1 
2 
16 
11 
1 
45 
1 
28 
2 
2 
1 
2 
385 
257 
7 
3 
10 
3 
7 
1 
1 
244 
4 
5 
2 
291 
2 
1 
430 
1 
53 
10 
1 
4 
2 
1 
174 
120 
3 
13 
38 
1 
9 
55 
4 
2 
3 
897 
528 
213 
68 
144 
7 
43 
1 
4 
1 
2 
1 
1 
7 
8 
1 
22 
1 
932 
1 
309 
11 
1 
215 
495 
1 
86 
665 
3 
21 
24 
22 
2 
2 
29 
1 
189 
16 
156 
154 
26 
1 
5 
18 
485 
14 
1 
2 
2 
3 
6 
44 
6 
30 
7 
2 
139 
649 
1 
3 
19 
2 
600 
2 
6 
18 
20 
11 
1 
1 
1 
3 
1 
1 
7 
1 
307 
2 
1 
8 
1 
139 
2 
7 
25 
1 
60 
1 
1 
40 
10 
4 
21 
1 
1 
4 
4 
801 
5 
718 
116 
151 
92 
1 
1 
39 
1 
1 
50 
262 
56 
22 
377 
754 
1 
1 
1 
1 
144 
73 
1 
2 
259 
132 
7 
162 
1 
221 
1 
1 
2 
1 
15 
1 
5 
2 
80 
4 
1 
2 
25 
13 
1 
2 
1 
17 
2 
38 
3 
1 
838 
232 
1 
2 
9 
13 
108 
9 
7 
3 
160 
78 
169 
26 
3 
3 
1 
31 
4 
4 
56 
1 
207 
4 
86 
3 
42 
34 
105 
1 
3 
1 
2 
1 
1 
71 
29 
7 
6 
6 
6 
1 
2 
1 
83 
4 
14 
7 
3 
1 
145 
120 
7 
13 
73 
5 
34 
419 
4 
1 
26 
38 
97 
188 
336 
4 
205 
4 
1 
1 
378 
2 
12 
25 
133 
1 
1 
2 
1 
2 
18 
8 
43 
132 
8 
121 
279 
49 
138 
78 
2 
4 
1 
24 
1 
358 
52 
1 
1 
8 
413 
30 
73 
19 
1 
30 
20 
10 
3 
248 
1 
2 
83 
1 
990 
1 
6 
31 
2 
1 
61 
2 
156 
2 
3 
1 
120 
1 
104 
231 
26 
1 
11 
1 
2 
29 
3 
122 
1 
2 
344 
1 
190 
2 
1 
1 
17 
10 
39 
22 
12 
13 
22 
1 
9 
909 
358 
2 
6 
58 
109 
11 
4 
11 
1 
8 
82 
4 
57 
143 
7 
851 
1 
15 
12 
8 
6 
6 
12 
29 
24 
467 
6 
5 
2 
2 
1 
158 
9 
13 
279 
4 
347 
1 
25 
153 
6 
1 
2 
3 
682 
1 
2 
1 
90 
10 
186 
5 
665 
3 
2 
676 
1 
49 
1 
5 
3 
82 
1 
31 
699 
258 
96 
886 
4 
5 
3 
37 
2 
839 
25 
25 
21 
201 
2 
44 
7 
2 
2 
2 
42 
206 
17 
6 
84 
2 
1 
864 
33 
139 
5 
1 
2 
27 
1 
49 
2 
77 
51 
952 
1 
21 
1 
1 
4 
15 
1 
2 
7 
22 
1 
241 
353 
2 
4 
158 
54 
44 
5 
1 
70 
4 
5 
26 
5 
1 
1 
2 
60 
1 
1 
635 
10 
1 
1 
46 
3 
4 
1 
6 
398 
7 
993 
3 
688 
396 
1 
381 
3 
5 
56 
2 
1 
1 
57 
1 
19 
118 
14 
1 
5 
4 
630 
1 
3 
124 
1 
2 
17 
1 
257 
10 
28 
1 
62 
120 
5 
29 
65 
1 
57 
1 
140 
2 
614 
6 
3 
20 
1 
3 
4 
220 
1 
4 
68 
1 
142 
2 
29 
6 
81 
11 
44 
1 
97 
5 
525 
27 
1 
5 
1 
1 
1 
12 
1 
1 
909 
8 
2 
4 
71 
4 
1 
170 
43 
32 
6 
1 
2 
5 
92 
2 
8 
12 
1 
2 
7 
3 
1 
26 
18 
9 
1 
2 
14 
27 
1 
1 
494 
109 
1 
1 
1 
351 
1 
1 
3 
19 
1 
3 
11 
2 
2 
23 
1 
1 
4 
182 
2 
2 
1 
7 
1 
54 
2 
2 
101 
717 
4 
134 
1 
17 
9 
12 
1 
25 
1 
611 
10 
14 
22 
53 
5 
39 
140 
1 
2 
3 
1 
41 
2 
1 
2 
2 
1 
1 
10 
3 
3 
1 
1 
1 
31 
890 
3 
2 
25 
2 
7 
58 
23 
1 
1 
1 
2 
2 
3 
1 
15 
2 
1 
3 
1 
11 
21 
1 
28 
3 
1 
1 
4 
1 
1 
2 
15 
1 
6 
202 
7 
3 
360 
28 
353 
10 
36 
6 
5 
4 
538 
5 
373 
16 
1 
23 
1 
98 
5 
12 
410 
6 
7 
430 
964 
28 
1 
28 
5 
538 
7 
31 
402 
14 
5 
128 
1 
1 
68 
1 
1 
7 
628 
38 
1 
969 
41 
967 
1 
36 
207 
232 
10 
6 
2 
1 
2 
1 
1 
14 
9 
174 
1 
269 
4 
6 
1 
4 
19 
5 
1 
1 
178 
9 
147 
3 
66 
5 
17 
5 
1 
128 
251 
2 
2 
1 
18 
3 
6 
83 
136 
10 
3 
25 
11 
38 
602 
3 
7 
1 
184 
46 
1 
129 
1 
218 
1 
43 
2 
4 
2 
1 
6 
10 
1 
1 
2 
47 
1 
1 
3 
2 
1 
1 
6 
216 
12 
1 
2 
1 
1 
1 
6 
4 
2 
2 
10 
6 
175 
4 
10 
2 
600 
5 
2 
2 
121 
42 
617 
119 
76 
2 
1 
1 
5 
1 
1 
8 
116 
1 
85 
26 
6 
54 
1 
7 
2 
862 
3 
1 
2 
10 
6 
27 
2 
1 
1 
15 
4 
1 
5 
2 
104 
1 
1 
6 
6 
1 
440 
5 
13 
15 
1 
27 
39 
1 
1 
27 
2 
544 
56 
11 
212 
15 
79 
1 
281 
7 
3 
1 
10 
99 
239 
1 
4 
4 
474 
2 
1 
67 
1 
31 
4 
140 
1 
2 
5 
277 
7 
1 
27 
1 
1 
2 
1 
4 
42 
2 
736 
1 
59 
20 
48 
644 
3 
38 
27 
1 
49 
1 
1 
1 
7 
5 
46 
22 
432 
1 
2 
4 
19 
1 
51 
10 
8 
15 
11 
1 
1 
1 
1 
2 
42 
46 
11 
645 
164 
744 
337 
11 
2 
260 
3 
20 
511 
15 
36 
50 
77 
11 
7 
26 
1 
1 
3 
1 
3 
1 
26 
145 
26 
20 
414 
6 
194 
2 
1 
2 
10 
3 
224 
18 
19 
3 
11 
1 
12 
18 
174 
42 
3 
5 
2 
2 
3 
315 
8 
1 
3 
3 
7 
4 
10 
16 
1 
13 
1 
62 
5 
18 
30 
2 
42 
45 
73 
8 
1 
1 
3 
2 
1 
6 
6 
1 
502 
58 
293 
2 
148 
31 
28 
61 
3 
1 
50 
1 
16 
5 
9 
193 
67 
44 
8 
19 
4 
1 
1 
31 
11 
12 
18 
3 
2 
3 
256 
193 
43 
1 
22 
302 
12 
1 
1 
16 
82 
1 
287 
7 
19 
2 
2 
4 
45 
431 
1 
292 
3 
4 
4 
556 
38 
174 
991 
193 
67 
1 
12 
23 
229 
1 
48 
1 
274 
241 
161 
1 
19 
5 
83 
1 
9 
8 
18 
5 
1 
43 
209 
570 
39 
127 
11 
4 
4 
44 
128 
6 
2 
4 
8 
12 
18 
29 
16 
1 
38 
137 
3 
6 
8 
4 
2 
28 
5 
248 
34 
1 
43 
12 
114 
1 
93 
3 
3 
1 
1 
77 
1 
3 
73 
2 
3 
1 
13 
1 
17 
2 
5 
131 
2 
8 
2 
1 
4 
6 
28 
2 
164 
17 
5 
3 
1 
1 
425 
5 
4 
2 
1 
11 
47 
1 
7 
1 
9 
2 
1 
26 
8 
49 
11 
22 
10 
7 
1 
1 
33 
2 
70 
1 
13 
2 
138 
1 
116 
12 
88 
3 
259 
3 
1 
109 
27 
1 
749 
5 
13 
1 
4 
1 
7 
1 
15 
617 
3 
37 
1 
2 
4 
140 
91 
162 
1 
3 
26 
172 
1 
218 
249 
53 
68 
10 
117 
96 
37 
1 
3 
9 
18 
1 
3 
223 
8 
2 
2 
5 
3 
76 
20 
7 
1 
3 
1 
10 
149 
4 
1 
1 
8 
1 
14 
7 
15 
1 
1 
5 
35 
1 
336 
60 
222 
43 
1 
64 
1 
162 
3 
2 
4 
7 
1 
7 
3 
56 
1 
65 
86 
1 
34 
410 
4 
1 
1 
4 
12 
27 
1 
1 
327 
2 
17 
159 
602 
17 
1 
34 
41 
208 
1 
256 
155 
4 
14 
1 
16 
43 
12 
1 
256 
321 
972 
8 
2 
2 
241 
1 
8 
15 
511 
29 
17 
28 
8 
6 
779 
247 
5 
2 
1 
1 
3 
2 
143 
1 
1 
2 
3 
5 
3 
89 
2 
2 
6 
1 
2 
1 
123 
1 
9 
2 
9 
5 
81 
6 
45 
37 
2 
21 
3 
24 
13 
2 
1 
16 
15 
4 
1 
15 
1 
77 
1 
7 
1 
6 
2 
283 
16 
3 
86 
648 
461 
556 
5 
2 
5 
44 
2 
19 
1 
33 
1 
4 
1 
32 
6 
1 
30 
4 
15 
444 
1 
16 
8 
10 
2 
1 
5 
10 
2 
7 
9 
252 
14 
15 
2 
1 
57 
2 
524 
39 
8 
217 
344 
199 
1 
5 
1 
4 
43 
357 
44 
3 
124 
1 
25 
2 
8 
31 
18 
10 
5 
1 
1 
37 
12 
12 
33 
797 
1 
2 
245 
17 
1 
1 
1 
1 
4 
106 
933 
49 
743 
162 
2 
35 
1 
197 
2 
2 
1 
177 
1 
1 
14 
3 
1 
1 
28 
5 
47 
2 
18 
19 
15 
1 
17 
4 
2 
4 
36 
115 
4 
4 
29 
3 
2 
1 
5 
1 
259 
20 
1 
4 
25 
64 
17 
96 
47 
5 
532 
1 
938 
13 
3 
138 
4 
1 
854 
826 
3 
1 
83 
8 
6 
11 
30 
2 
6 
102 
4 
23 
478 
3 
1 
5 
2 
32 
322 
4 
65 
13 
30 
53 
46 
3 
3 
31 
12 
179 
1 
90 
21 
1 
5 
1 
1 
7 
1 
1 
2 
103 
1 
9 
21 
2 
68 
1 
7 
30 
1 
1 
59 
9 
25 
10 
219 
2 
3 
1 
307 
60 
1 
55 
2 
2 
5 
1 
1 
176 
113 
1 
4 
1 
10 
9 
2 
981 
322 
2 
2 
51 
572 
10 
10 
71 
37 
409 
1 
3 
3 
2 
19 
20 
106 
45 
33 
61 
347 
1 
1 
1 
23 
169 
3 
1 
587 
4 
1 
1 
80 
2 
110 
3 
9 
1 
64 
1 
8 
28 
3 
6 
1 
2 
1 
2 
9 
50 
11 
278 
328 
9 
2 
2 
6 
146 
366 
24 
443 
2 
132 
88 
7 
4 
1 
142 
43 
1 
40 
1 
417 
7 
16 
1 
46 
2 
12 
7 
5 
1 
94 
12 
277 
39 
2 
4 
1 
20 
50 
1 
40 
21 
1 
3 
479 
4 
168 
61 
6 
11 
37 
9 
1 
1 
1 
27 
2 
1 
2 
722 
29 
25 
67 
2 
11 
2 
3 
34 
5 
1 
23 
195 
67 
22 
6 
3 
11 
4 
1 
57 
4 
1 
785 
11 
1 
2 
6 
10 
2 
1 
2 
97 
1 
27 
1 
4 
39 
1 
1 
1 
2 
37 
15 
1 
71 
7 
33 
74 
125 
1 
5 
14 
118 
7 
1 
9 
595 
1 
4 
3 
19 
255 
783 
2 
225 
512 
4 
15 
30 
2 
1 
2 
4 
1 
5 
6 
275 
6 
11 
372 
4 
258 
36 
49 
3 
7 
1 
975 
15 
1 
29 
5 
27 
6 
36 
2 
1 
1 
171 
26 
61 
331 
3 
1 
6 
4 
1 
235 
10 
1 
1 
1 
5 
16 
3 
1 
1 
8 
3 
6 
11 
153 
2 
19 
1 
2 
8 
4 
2 
101 
2 
6 
2 
1 
74 
8 
1 
8 
91 
65 
74 
215 
2 
8 
2 
3 
2 
1 
11 
125 
1 
2 
55 
6 
137 
1 
37 
192 
23 
339 
96 
46 
723 
1 
2 
1 
1 
204 
160 
1 
1 
1 
4 
8 
22 
1 
2 
130 
34 
3 
39 
2 
4 
9 
2 
1 
13 
6 
18 
294 
2 
657 
5 
2 
6 
4 
6 
5 
209 
543 
20 
1 
1 
7 
4 
187 
1 
503 
1 
7 
3 
7 
135 
1 
2 
195 
6 
118 
2 
9 
71 
1 
2 
8 
265 
39 
46 
1 
116 
985 
22 
10 
43 
213 
7 
5 
240 
171 
1 
7 
1 
6 
3 
1 
1 
1 
1 
2 
3 
600 
5 
1 
6 
2 
23 
52 
19 
16 
312 
60 
3 
84 
98 
2 
8 
4 
6 
3 
119 
3 
346 
1 
103 
50 
2 
10 
1 
25 
1 
2 
768 
22 
1 
2 
4 
2 
11 
33 
2 
1 
1 
13 
11 
148 
34 
236 
30 
2 
1 
17 
1 
1 
1 
1 
47 
4 
4 
4 
4 
1 
42 
1 
2 
50 
81 
2 
1 
1 
1 
7 
1 
5 
20 
31 
584 
49 
254 
104 
169 
25 
7 
2 
1 
5 
564 
1 
1 
28 
1 
1 
23 
1 
1 
6 
17 
7 
1 
1 
27 
1 
298 
12 
4 
3 
1 
8 
30 
30 
1 
16 
583 
1 
4 
2 
2 
1 
122 
919 
3 
597 
99 
7 
4 
1 
3 
12 
250 
1 
143 
194 
1 
2 
4 
6 
2 
11 
9 
1 
36 
99 
1 
5 
4 
1 
12 
7 
537 
14 
45 
1 
68 
24 
30 
4 
171 
17 
1 
4 
1 
381 
252 
2 
23 
1 
8 
3 
2 
1 
28 
4 
1 
1 
1 
1 
1 
1 
1 
2 
42 
1 
1 
1 
8 
34 
33 
9 
415 
2 
4 
1 
2 
27 
1 
914 
1 
1 
877 
7 
79 
22 
101 
1 
29 
2 
3 
1 
304 
2 
1 
2 
1 
32 
5 
1 
177 
1 
53 
1 
1000 
122 
53 
4 
22 
1 
1 
53 
11 
2 
1 
1 
2 
352 
94 
43 
6 
28 
1 
36 
1 
2 
42 
122 
5 
1 
1 
13 
31 
722 
1 
1 
975 
11 
20 
43 
1 
909 
131 
1 
1 
6 
2 
1 
205 
1 
1 
4 
2 
3 
6 
489 
173 
8 
167 
6 
278 
1 
949 
39 
6 
54 
1 
16 
1 
1 
268 
1 
4 
10 
19 
104 
25 
111 
19 
11 
20 
24 
1 
1 
2 
57 
1 
2 
1 
3 
84 
828 
543 
6 
10 
1 
33 
331 
517 
9 
32 
33 
1 
242 
22 
8 
10 
1 
5 
1 
16 
241 
1 
26 
166 
42 
44 
10 
33 
8 
228 
1 
1 
73 
2 
4 
1 
1 
480 
10 
2 
2 
2 
94 
270 
1 
21 
6 
15 
3 
4 
7 
16 
5 
10 
620 
83 
3 
23 
21 
52 
1 
1 
1 
6 
25 
273 
1 
2 
142 
1 
1 
1 
24 
1 
543 
1 
36 
60 
12 
3 
1 
1 
308 
177 
8 
1 
10 
1 
9 
1 
1 
41 
978 
2 
43 
4 
8 
8 
17 
212 
7 
2 
92 
1 
269 
3 
1 
833 
82 
1 
301 
1 
1 
1 
1 
5 
5 
1 
7 
3 
1 
8 
351 
1 
71 
15 
3 
1 
41 
60 
6 
65 
134 
1 
24 
10 
3 
967 
26 
1 
52 
1 
1 
1 
1 
14 
1 
58 
1 
12 
4 
30 
111 
1 
1 
4 
1 
171 
12 
642 
1 
2 
9 
70 
7 
1 
4 
70 
2 
20 
4 
58 
238 
7 
27 
10 
20 
2 
1 
2 
175 
60 
3 
1 
14 
70 
2 
192 
5 
5 
7 
2 
1 
56 
1 
2 
15 
1 
1 
1 
39 
1 
2 
4 
3 
8 
1 
29 
1 
20 
5 
86 
2 
6 
33 
298 
1 
29 
1 
2 
15 
715 
2 
2 
69 
15 
10 
381 
8 
2 
3 
1 
1 
4 
1 
1 
4 
8 
4 
44 
3 
4 
975 
1 
3 
17 
1 
4 
3 
3 
1 
4 
938 
5 
4 
3 
1 
1 
34 
50 
1 
5 
1 
1 
1 
744 
57 
74 
144 
3 
1 
1 
3 
28 
2 
1 
3 
1 
87 
48 
1 
1 
3 
6 
14 
26 
182 
1 
1 
58 
112 
1 
9 
28 
18 
14 
170 
1 
16 
62 
58 
5 
1 
221 
1 
349 
1 
4 
87 
3 
912 
23 
21 
38 
2 
19 
6 
665 
2 
133 
6 
1 
32 
3 
3 
258 
4 
10 
88 
16 
111 
3 
88 
5 
1 
6 
4 
1 
28 
334 
12 
4 
4 
2 
1 
3 
1 
7 
1 
584 
3 
19 
1 
7 
2 
1 
9 
11 
1 
2 
490 
1 
1 
70 
27 
1 
103 
6 
31 
1 
16 
1 
36 
140 
1 
1 
181 
9 
7 
1 
1 
84 
1 
65 
849 
15 
7 
423 
1 
7 
4 
3 
3 
17 
5 
1 
2 
1 
39 
1 
889 
2 
208 
3 
3 
1 
1 
5 
235 
1 
40 
106 
12 
57 
54 
25 
2 
5 
2 
1 
28 
3 
2 
19 
1 
18 
2 
1 
18 
1 
9 
3 
10 
2 
10 
250 
17 
138 
1 
1 
546 
3 
7 
42 
3 
45 
2 
326 
2 
5 
17 
3 
5 
1 
2 
1 
139 
72 
5 
23 
2 
19 
1 
3 
1 
1 
17 
12 
8 
1 
890 
85 
6 
1 
1 
1 
2 
25 
2 
242 
3 
1 
31 
3 
1 
13 
1 
1 
4 
1 
3 
1 
82 
13 
33 
10 
3 
2 
250 
4 
7 
70 
1 
83 
152 
1 
6 
105 
1 
41 
1 
1 
1 
263 
29 
5 
174 
361 
286 
4 
2 
1 
4 
1 
1 
1 
2 
14 
5 
2 
1 
3 
10 
1 
100 
276 
58 
1 
1 
7 
4 
3 
778 
1 
16 
7 
5 
821 
659 
8 
69 
9 
14 
1 
4 
355 
8 
186 
5 
17 
49 
3 
100 
1 
1 
2 
1 
768 
20 
1 
22 
692 
1 
1 
33 
5 
15 
135 
3 
8 
47 
3 
79 
6 
10 
1 
8 
1 
3 
353 
13 
1 
4 
9 
47 
74 
38 
54 
1 
2 
309 
1 
4 
60 
713 
2 
15 
3 
168 
1 
578 
381 
301 
11 
2 
2 
32 
1 
10 
40 
4 
8 
346 
1 
4 
1 
428 
4 
1 
8 
3 
67 
8 
1 
4 
616 
3 
270 
729 
1 
7 
21 
2 
1 
9 
2 
51 
4 
699 
1 
3 
3 
4 
11 
272 
2 
90 
1 
26 
11 
1 
489 
51 
1 
333 
1 
2 
16 
1 
3 
26 
45 
59 
3 
361 
38 
1 
220 
22 
3 
18 
5 
16 
4 
2 
1 
170 
16 
9 
59 
27 
1 
3 
5 
1 
73 
3 
4 
1 
757 
18 
54 
6 
4 
483 
16 
55 
779 
706 
1 
2 
1 
4 
1 
2 
1 
4 
12 
2 
34 
6 
7 
3 
1 
313 
956 
2 
1 
107 
13 
13 
5 
5 
21 
17 
4 
2 
4 
65 
11 
2 
1 
4 
2 
1 
11 
3 
179 
269 
725 
25 
3 
1 
1 
1 
2 
4 
17 
1 
73 
64 
1 
96 
6 
40 
206 
827 
856 
1 
2 
584 
1 
19 
1 
3 
360 
9 
6 
23 
15 
463 
1 
2 
1 
5 
31 
7 
576 
116 
122 
383 
22 
60 
43 
534 
2 
11 
3 
1 
206 
5 
2 
988 
969 
2 
181 
2 
2 
328 
1 
1 
1 
25 
2 
1 
129 
1 
10 
26 
22 
25 
84 
1 
2 
949 
1 
501 
938 
31 
1 
120 
1 
229 
31 
94 
3 
2 
5 
11 
39 
1 
3 
1 
1 
5 
9 
7 
192 
87 
1 
79 
1 
87 
27 
2 
3 
1 
2 
1 
3 
1 
1 
5 
2 
10 
5 
308 
11 
3 
3 
3 
7 
3 
1 
33 
69 
12 
2 
7 
3 
2 
4 
27 
5 
84 
11 
33 
8 
1 
34 
286 
3 
16 
1 
19 
5 
1 
1 
1 
2 
5 
119 
5 
1 
94 
3 
1 
6 
6 
11 
5 
1 
2 
1 
1 
1 
1 
41 
2 
5 
7 
25 
2 
12 
136 
1 
4 
28 
1 
23 
1 
26 
1 
581 
15 
2 
17 
91 
98 
17 
3 
1 
21 
2 
4 
2 
51 
457 
7 
25 
1 
3 
20 
3 
3 
3 
9 
10 
67 
7 
1 
4 
2 
483 
58 
2 
45 
1 
10 
1 
1 
1 
1 
211 
4 
806 
5 
23 
20 
35 
1 
39 
16 
1 
1 
1 
14 
4 
7 
1 
1 
19 
1 
2 
1 
69 
350 
12 
9 
384 
1 
14 
195 
24 
50 
15 
14 
65 
1 
4 
21 
1 
5 
1 
85 
3 
1 
9 
182 
1 
4 
11 
4 
5 
110 
62 
502 
2 
3 
5 
33 
1 
7 
6 
5 
370 
94 
19 
79 
14 
13 
3 
409 
25 
6 
1 
1 
1 
21 
16 
14 
2 
1 
6 
1 
839 
645 
1 
42 
1 
2 
1 
1 
56 
14 
14 
92 
1 
16 
15 
318 
36 
1 
1 
18 
1 
1 
34 
165 
7 
88 
115 
12 
1 
3 
7 
1 
1 
5 
49 
1 
11 
13 
2 
2 
110 
717 
1 
1 
14 
43 
11 
3 
4 
11 
3 
1 
1 
4 
3 
1 
12 
1 
2 
515 
4 
99 
2 
3 
3 
95 
15 
9 
11 
44 
20 
42 
6 
1 
1 
1 
668 
35 
32 
628 
1 
12 
1 
5 
75 
184 
14 
3 
2 
102 
79 
2 
129 
13 
174 
876 
6 
5 
99 
59 
14 
1 
4 
1 
3 
2 
1 
5 
26 
1 
1 
21 
1 
1 
4 
20 
1 
39 
8 
2 
12 
1 
6 
87 
291 
18 
1 
2 
2 
74 
4 
1 
140 
8 
2 
384 
1 
6 
174 
3 
355 
220 
33 
6 
14 
104 
6 
210 
2 
1 
1 
9 
24 
14 
8 
4 
1 
1 
4 
205 
106 
56 
1 
313 
1 
225 
10 
457 
524 
1 
9 
57 
45 
4 
288 
14 
100 
8 
3 
271 
11 
1 
73 
2 
3 
84 
2 
80 
86 
45 
1 
34 
12 
3 
16 
6 
1 
120 
2 
17 
4 
1 
51 
1 
8 
85 
19 
164 
4 
5 
3 
331 
6 
9 
3 
78 
1 
1 
1 
28 
1 
1 
1 
5 
20 
90 
199 
3 
40 
1 
33 
1 
6 
1 
8 
1 
194 
722 
1 
4 
2 
11 
10 
10 
17 
502 
1 
190 
1 
1 
1 
19 
2 
614 
1 
8 
2 
3 
13 
6 
1 
33 
2 
40 
5 
1 
1 
16 
1 
6 
678 
303 
14 
12 
39 
1 
1 
2 
1 
8 
138 
2 
2 
144 
15 
9 
301 
4 
1 
1 
1 
488 
231 
2 
86 
2 
594 
31 
2 
1 
44 
2 
726 
176 
2 
112 
4 
533 
6 
1 
3 
15 
94 
37 
1 
1 
2 
4 
2 
4 
203 
459 
7 
1 
1 
20 
1 
13 
1 
1 
3 
30 
213 
4 
1 
22 
1 
6 
348 
314 
52 
4 
1 
1 
24 
2 
4 
1 
1 
612 
3 
1 
47 
19 
1 
2 
168 
1 
11 
1 
1 
22 
362 
2 
74 
81 
1 
1 
30 
5 
3 
10 
1 
2 
31 
2 
585 
9 
103 
30 
6 
39 
45 
24 
1 
5 
8 
6 
14 
159 
7 
1 
1 
1 
2 
2 
1 
43 
1 
144 
1 
3 
1 
35 
2 
5 
1 
1 
13 
7 
2 
80 
5 
2 
9 
1 
13 
71 
97 
14 
1 
20 
17 
12 
5 
1 
20 
26 
1 
6 
75 
169 
813 
1 
335 
2 
1 
4 
69 
2 
1 
13 
1 
1 
62 
2 
3 
6 
1 
2 
186 
1 
992 
72 
1 
1 
27 
1 
67 
48 
436 
11 
11 
17 
7 
1 
43 
3 
1 
168 
1 
1 
45 
58 
1 
1 
167 
2 
1 
16 
30 
14 
11 
1 
16 
5 
43 
123 
1 
7 
4 
520 
1 
554 
16 
2 
4 
1 
1 
5 
141 
1 
42 
1 
636 
1 
1 
66 
5 
6 
3 
1 
4 
4 
5 
12 
1 
62 
133 
1 
17 
1 
1 
1 
247 
163 
1 
12 
3 
3 
68 
1 
11 
389 
1 
1 
369 
3 
360 
3 
148 
1 
15 
1 
1 
33 
4 
32 
9 
266 
17 
3 
2 
1 
7 
1 
25 
1 
17 
98 
109 
164 
26 
17 
1 
3 
16 
331 
2 
651 
107 
10 
45 
143 
735 
30 
4 
1 
1 
22 
7 
5 
1 
375 
1 
2 
11 
1 
1 
3 
11 
65 
186 
96 
2 
2 
3 
20 
43 
6 
4 
37 
19 
9 
10 
84 
17 
840 
3 
91 
13 
1 
13 
16 
1 
1 
1 
8 
38 
20 
12 
83 
2 
1 
8 
187 
6 
1 
54 
1 
3 
21 
23 
2 
115 
38 
22 
6 
3 
5 
1 
3 
8 
2 
84 
1000 
1 
9 
17 
2 
12 
997 
2 
1 
116 
2 
77 
1 
4 
4 
132 
1 
217 
2 
2 
37 
6 
1 
8 
579 
19 
413 
898 
5 
13 
2 
1 
217 
7 
5 
988 
61 
23 
1 
149 
4 
1 
1 
1 
1 
2 
41 
2 
2 
93 
11 
2 
4 
5 
21 
2 
89 
796 
5 
206 
2 
47 
8 
19 
10 
3 
2 
2 
2 
15 
343 
102 
2 
1 
5 
5 
1 
11 
1 
40 
153 
69 
3 
9 
1 
7 
22 
34 
31 
24 
1 
2 
11 
44 
2 
17 
1 
3 
58 
149 
148 
373 
6 
62 
30 
1 
1 
8 
3 
37 
18 
2 
13 
4 
29 
3 
26 
3 
1 
2 
1 
1 
2 
12 
2 
75 
78 
1 
14 
10 
7 
19 
99 
1 
7 
15 
1 
167 
17 
4 
2 
3 
5 
1 
28 
22 
159 
95 
29 
16 
1 
3 
7 
40 
4 
2 
214 
1 
3 
337 
27 
38 
242 
18 
1 
1 
43 
30 
5 
2 
8 
129 
2 
30 
104 
2 
3 
105 
94 
1 
2 
4 
11 
2 
817 
91 
11 
799 
10 
1 
8 
1 
280 
2 
3 
58 
31 
1 
9 
364 
64 
7 
1 
3 
143 
4 
214 
1 
22 
5 
3 
214 
24 
1 
4 
3 
3 
37 
27 
4 
139 
227 
1 
1 
4 
2 
1 
3 
3 
417 
1 
780 
63 
407 
99 
1 
63 
1 
1 
5 
4 
3 
1 
1 
2 
2 
4 
1 
1 
1 
1 
251 
7 
8 
37 
1 
25 
4 
7 
7 
9 
35 
195 
389 
1 
873 
1 
40 
40 
1 
1 
1 
1 
2 
2 
2 
39 
91 
82 
179 
4 
158 
747 
12 
1 
14 
1 
74 
230 
15 
1 
25 
1 
6 
38 
2 
1 
2 
79 
2 
21 
29 
7 
1 
72 
346 
1 
176 
5 
10 
330 
42 
8 
158 
1 
2 
2 
3 
36 
4 
3 
67 
10 
149 
1 
95 
39 
4 
4 
12 
17 
244 
2 
466 
499 
68 
2 
2 
1 
249 
1 
860 
7 
1 
5 
3 
6 
1 
8 
3 
1 
2 
6 
360 
35 
2 
1 
1 
62 
1 
2 
12 
21 
1 
208 
89 
1 
5 
1 
1 
1 
10 
4 
1 
5 
5 
6 
2 
1 
54 
10 
85 
878 
47 
48 
86 
15 
9 
22 
275 
9 
13 
1 
120 
23 
1 
43 
86 
331 
1 
14 
1 
14 
4 
3 
6 
13 
40 
2 
3 
6 
7 
5 
1 
1 
202 
28 
2 
1 
4 
2 
2 
15 
9 
69 
10 
1 
19 
2 
1 
9 
8 
7 
12 
1 
3 
1 
755 
5 
178 
2 
51 
5 
7 
13 
3 
24 
1 
5 
689 
15 
102 
14 
805 
24 
46 
69 
5 
1 
1 
12 
1 
1 
1 
4 
22 
559 
1 
334 
105 
6 
16 
2 
5 
109 
15 
1 
296 
2 
2 
4 
32 
2 
8 
92 
67 
84 
8 
5 
20 
796 
265 
4 
8 
61 
7 
179 
1 
216 
444 
12 
10 
1 
1 
1 
3 
1 
1 
10 
3 
1 
2 
149 
1 
1 
2 
347 
670 
18 
14 
20 
1 
3 
1 
50 
39 
38 
69 
1 
3 
18 
164 
8 
3 
10 
5 
16 
8 
1 
9 
1 
1 
2 
131 
130 
9 
43 
2 
34 
150 
39 
837 
79 
4 
75 
1 
48 
2 
30 
766 
4 
45 
17 
78 
3 
5 
39 
4 
1 
1 
3 
4 
4 
288 
2 
57 
5 
1 
1 
2 
87 
3 
16 
633 
2 
1 
6 
1 
608 
26 
268 
161 
19 
1 
3 
57 
35 
62 
3 
6 
34 
43 
30 
1 
2 
362 
88 
135 
5 
1 
1 
380 
25 
867 
1 
12 
1 
266 
4 
49 
259 
106 
26 
2 
2 
4 
74 
2 
1 
17 
160 
11 
286 
4 
1 
23 
1 
585 
2 
6 
49 
406 
10 
4 
160 
5 
4 
3 
16 
1 
1 
2 
101 
12 
8 
13 
243 
1 
7 
5 
1 
975 
494 
11 
1 
34 
1 
1 
257 
13 
1 
1 
1 
1 
2 
1 
85 
11 
1 
2 
55 
19 
24 
5 
2 
2 
1 
430 
12 
13 
54 
1 
2 
33 
3 
2 
321 
1 
18 
10 
132 
1 
19 
1 
256 
2 
28 
2 
243 
15 
19 
3 
4 
12 
3 
60 
9 
5 
1 
1 
226 
13 
22 
6 
1 
55 
6 
51 
43 
252 
4 
1 
107 
1 
1 
2 
8 
103 
61 
1 
52 
3 
94 
413 
2 
2 
22 
430 
7 
475 
47 
10 
24 
13 
1 
4 
1 
1 
1 
295 
1 
251 
241 
1 
61 
7 
105 
1 
4 
157 
630 
1 
1 
1 
2 
101 
