1 
16 
48 
402 
201 
64 
8 
50 
53 
1 
683 
24 
39 
3 
15 
107 
19 
1 
665 
85 
3 
208 
11 
1 
1 
67 
1 
4 
3 
1 
55 
150 
3 
8 
6 
1 
1 
54 
103 
23 
1 
29 
2 
35 
4 
283 
1 
4 
5 
12 
420 
1 
1 
6 
12 
1 
2 
12 
47 
33 
26 
6 
17 
1 
50 
3 
3 
1 
2 
372 
4 
846 
8 
98 
108 
1 
1 
11 
131 
1 
26 
9 
1 
311 
2 
1 
6 
3 
826 
6 
1 
629 
6 
12 
13 
940 
2 
256 
4 
2 
674 
1 
20 
2 
956 
3 
3 
3 
299 
4 
3 
19 
1 
7 
1 
291 
1 
27 
2 
15 
1 
6 
1 
2 
2 
1 
1 
1 
2 
1 
5 
4 
340 
73 
1 
1 
4 
175 
9 
816 
12 
3 
1 
200 
32 
2 
62 
2 
1 
2 
1 
4 
10 
7 
1 
1 
10 
3 
1 
3 
1 
1 
1 
10 
2 
18 
5 
63 
2 
2 
16 
4 
1 
1 
193 
23 
2 
25 
1 
178 
5 
98 
5 
1 
4 
37 
55 
45 
1 
1 
1 
6 
40 
9 
50 
1 
2 
1 
17 
18 
357 
1 
54 
3 
1 
26 
701 
14 
2 
2 
4 
2 
18 
4 
2 
2 
3 
1 
10 
1 
5 
49 
1 
64 
1 
2 
13 
82 
7 
170 
1 
6 
1 
42 
70 
77 
38 
37 
1 
14 
3 
17 
1 
4 
23 
23 
737 
918 
1 
1 
1 
1 
1 
3 
1 
3 
89 
64 
12 
90 
1 
29 
1 
1 
223 
1 
31 
30 
1 
1 
2 
2 
1 
4 
952 
14 
1 
1 
4 
12 
5 
1 
4 
31 
1 
11 
29 
1 
43 
2 
28 
1 
61 
2 
1 
2 
68 
1 
1 
2 
1 
33 
16 
1 
20 
30 
319 
1 
1 
5 
163 
59 
1 
10 
2 
1 
75 
1 
2 
1 
6 
1 
8 
1 
25 
87 
1 
10 
20 
7 
2 
43 
1 
42 
1 
1 
9 
1 
40 
2 
20 
34 
13 
4 
2 
1 
747 
1 
1 
685 
18 
7 
1 
90 
49 
346 
17 
4 
1 
36 
31 
1 
6 
2 
1 
223 
3 
8 
1 
492 
1 
196 
9 
2 
1 
1 
1 
13 
6 
29 
113 
1 
9 
38 
1 
1 
3 
1 
1 
22 
1 
16 
12 
1 
8 
21 
85 
1 
1 
40 
1 
1 
6 
1 
1 
10 
8 
55 
179 
1 
1 
2 
29 
1 
85 
18 
176 
1 
3 
77 
11 
1 
273 
25 
39 
338 
17 
57 
1 
4 
71 
2 
23 
52 
1 
1 
1 
2 
149 
2 
4 
8 
53 
490 
3 
7 
11 
3 
6 
652 
130 
10 
1 
3 
10 
123 
12 
2 
1 
5 
6 
12 
1 
110 
1 
91 
3 
11 
4 
19 
4 
1 
1 
2 
35 
8 
1 
241 
97 
87 
8 
11 
2 
1 
3 
1 
1 
1 
13 
959 
4 
21 
20 
77 
57 
4 
932 
101 
2 
4 
1 
52 
189 
1 
4 
1 
12 
1 
8 
8 
9 
2 
2 
1 
102 
1 
17 
2 
3 
15 
21 
23 
1 
66 
25 
16 
1 
1 
37 
11 
12 
1 
61 
1 
5 
2 
165 
8 
61 
1 
20 
2 
260 
34 
4 
1 
1 
4 
2 
73 
93 
1 
1 
1 
89 
16 
1 
169 
1 
1 
1 
4 
1 
27 
2 
43 
3 
72 
15 
1 
1 
1 
3 
552 
1 
555 
1 
2 
2 
1 
3 
10 
5 
3 
5 
22 
2 
2 
1 
96 
52 
5 
39 
9 
20 
64 
3 
1 
3 
1 
7 
5 
830 
494 
39 
23 
1 
82 
11 
1 
1 
1 
3 
3 
1 
177 
8 
1 
12 
1 
1 
16 
30 
3 
41 
3 
34 
14 
15 
1 
1 
529 
7 
1 
56 
6 
1 
1 
1 
212 
461 
2 
1 
1 
598 
7 
1 
3 
1 
2 
13 
1 
5 
3 
3 
1 
22 
2 
2 
1 
18 
28 
7 
1 
2 
4 
18 
4 
77 
52 
525 
101 
265 
8 
1 
2 
669 
155 
1 
1 
12 
1 
1 
7 
6 
40 
312 
47 
3 
24 
2 
1 
14 
3 
6 
150 
1 
12 
1 
1 
256 
13 
3 
3 
11 
21 
432 
5 
4 
3 
12 
33 
1 
3 
1 
2 
578 
1 
26 
280 
1 
1 
12 
2 
3 
1 
2 
2 
1 
1 
281 
7 
88 
10 
1 
125 
1 
1 
2 
27 
1 
409 
75 
13 
72 
839 
84 
14 
1 
4 
1 
1 
7 
1 
9 
2 
7 
7 
3 
1 
12 
3 
384 
2 
21 
4 
77 
66 
3 
2 
18 
3 
2 
9 
4 
12 
1 
2 
30 
3 
1 
1 
23 
259 
1 
299 
4 
4 
2 
3 
1 
31 
7 
12 
334 
17 
1 
1 
3 
3 
3 
34 
1 
8 
2 
9 
1 
6 
55 
1 
3 
5 
21 
3 
2 
3 
11 
2 
3 
296 
1 
3 
12 
1 
1 
3 
1 
28 
2 
6 
3 
1 
1 
11 
3 
2 
4 
147 
520 
251 
7 
965 
78 
1 
1 
1 
1 
14 
1 
71 
43 
17 
1 
2 
6 
349 
4 
2 
75 
4 
9 
1 
135 
133 
3 
1 
10 
2 
1 
5 
56 
6 
13 
6 
3 
4 
18 
8 
9 
33 
475 
38 
7 
232 
17 
259 
1 
1 
1 
11 
2 
81 
1 
1 
2 
3 
2 
2 
144 
10 
1 
2 
1 
104 
34 
12 
1 
1 
91 
52 
1 
482 
429 
17 
4 
3 
32 
57 
8 
1 
9 
342 
129 
1 
50 
11 
1 
2 
2 
24 
3 
1 
14 
2 
292 
1 
1 
70 
10 
382 
9 
2 
42 
4 
164 
42 
2 
10 
1 
11 
37 
1 
1 
1 
1 
11 
32 
23 
19 
1 
16 
2 
10 
55 
6 
6 
27 
1 
585 
5 
7 
38 
9 
2 
13 
101 
67 
7 
4 
2 
5 
334 
9 
1 
2 
23 
229 
7 
2 
5 
3 
89 
4 
2 
59 
448 
9 
1 
8 
1 
1 
25 
10 
1 
5 
5 
1 
84 
53 
1 
138 
20 
1 
2 
13 
4 
1 
34 
1 
152 
3 
3 
6 
1 
47 
7 
4 
31 
13 
9 
24 
2 
1 
12 
135 
19 
3 
628 
2 
3 
10 
10 
323 
10 
1 
5 
2 
1 
2 
1 
11 
4 
1 
50 
1 
1 
11 
4 
2 
3 
31 
13 
18 
5 
5 
6 
62 
5 
21 
15 
8 
1 
1 
39 
1 
8 
3 
3 
8 
1 
2 
2 
3 
14 
1 
2 
11 
6 
6 
1 
37 
1 
149 
19 
1 
5 
5 
3 
13 
1 
63 
2 
1 
12 
3 
1 
239 
321 
651 
24 
7 
1 
5 
1 
30 
10 
3 
1 
2 
3 
1 
2 
2 
31 
12 
301 
16 
1 
226 
1 
4 
9 
38 
6 
4 
2 
1 
1 
18 
4 
9 
4 
4 
489 
36 
2 
1 
108 
1 
1 
4 
42 
3 
14 
3 
1 
16 
6 
1 
3 
1 
526 
3 
9 
2 
11 
7 
5 
11 
303 
1 
13 
1 
1 
1 
357 
1 
1 
153 
10 
73 
20 
3 
10 
10 
25 
188 
433 
5 
1 
6 
116 
1 
1 
647 
6 
5 
1 
7 
32 
33 
56 
3 
362 
1 
34 
5 
15 
48 
6 
2 
3 
3 
12 
1 
19 
64 
1 
2 
12 
119 
389 
1 
48 
2 
1 
2 
13 
121 
1 
2 
191 
2 
1 
4 
2 
2 
2 
53 
15 
2 
1 
132 
6 
58 
34 
8 
1 
2 
5 
1 
17 
2 
113 
266 
85 
26 
8 
6 
2 
173 
54 
2 
1 
8 
1 
5 
1 
1 
1 
181 
19 
389 
14 
45 
31 
384 
372 
9 
2 
8 
3 
319 
4 
6 
6 
2 
2 
1 
2 
4 
1 
2 
1 
1 
4 
1 
2 
106 
1 
1 
35 
1 
1 
1 
19 
255 
324 
39 
4 
1000 
731 
10 
5 
2 
7 
42 
1 
1 
9 
4 
13 
18 
141 
81 
2 
1 
146 
2 
42 
1 
3 
2 
48 
135 
602 
2 
2 
114 
12 
8 
1 
8 
1 
3 
737 
1 
612 
2 
5 
1 
3 
2 
1 
255 
4 
2 
4 
77 
24 
116 
1 
7 
3 
3 
1 
147 
2 
2 
165 
12 
32 
1 
3 
128 
1 
1 
11 
1 
28 
33 
230 
17 
1 
410 
1 
8 
1 
4 
9 
5 
11 
306 
1 
42 
13 
10 
29 
1 
45 
1 
2 
1 
12 
646 
7 
1 
7 
1 
85 
7 
22 
2 
104 
1 
1 
281 
498 
1 
1 
2 
2 
6 
14 
27 
19 
1 
1 
1 
1 
2 
33 
184 
4 
1 
4 
7 
11 
1 
1 
1 
3 
15 
2 
5 
1 
2 
2 
5 
5 
88 
1 
1 
2 
7 
1 
7 
1 
1 
35 
2 
1 
12 
286 
27 
6 
1 
175 
152 
6 
433 
1 
5 
165 
4 
1 
1 
60 
54 
1 
1 
1 
3 
1 
3 
56 
1 
2 
1 
1 
2 
174 
220 
1 
1 
2 
3 
1 
2 
42 
49 
2 
1 
8 
1 
1 
233 
2 
52 
4 
2 
1 
1 
2 
22 
2 
17 
6 
1 
1 
10 
2 
1 
3 
5 
1 
43 
4 
5 
4 
1 
81 
2 
2 
14 
1 
12 
1 
4 
1 
17 
1 
68 
19 
1 
93 
1 
566 
2 
93 
120 
14 
120 
399 
6 
2 
1 
2 
2 
1 
5 
1 
12 
32 
1 
13 
1 
37 
17 
3 
13 
298 
2 
3 
21 
99 
8 
4 
489 
26 
11 
1 
1 
1 
1 
1 
13 
4 
220 
217 
4 
4 
236 
19 
1 
436 
69 
1 
7 
13 
1 
60 
1 
1 
1 
20 
20 
1 
63 
3 
4 
1 
6 
2 
33 
110 
112 
12 
1 
10 
142 
1 
8 
15 
2 
78 
117 
2 
1 
1 
31 
7 
2 
7 
3 
178 
307 
3 
1 
19 
1 
12 
15 
2 
1 
2 
1 
50 
584 
3 
1 
309 
1 
657 
1 
1 
2 
1 
1 
1 
12 
1 
13 
1 
15 
2 
1 
4 
5 
1 
8 
4 
3 
4 
2 
3 
107 
295 
1 
202 
2 
3 
19 
42 
15 
7 
180 
7 
5 
16 
3 
27 
169 
4 
1 
78 
7 
4 
4 
1 
48 
1 
1 
86 
3 
1 
1 
1 
8 
2 
5 
1 
14 
1 
2 
15 
2 
6 
1 
2 
1 
140 
4 
2 
501 
1 
10 
4 
2 
6 
1 
14 
4 
7 
73 
14 
2 
37 
41 
580 
17 
39 
7 
2 
31 
1 
4 
77 
20 
11 
8 
1 
10 
6 
2 
2 
1 
1 
1 
1 
129 
18 
1 
1 
2 
25 
1 
51 
3 
15 
1 
193 
285 
1 
748 
1 
8 
3 
3 
1 
598 
6 
1 
54 
9 
1 
13 
7 
2 
1 
1 
6 
1 
2 
51 
13 
14 
4 
27 
9 
1 
1 
1 
28 
1 
34 
1 
2 
19 
7 
63 
1 
52 
995 
7 
1 
31 
115 
1 
1 
17 
7 
12 
72 
3 
10 
256 
227 
3 
1 
1 
1 
1 
150 
3 
1 
3 
10 
32 
5 
1 
2 
6 
1 
121 
1 
5 
233 
1 
1 
7 
2 
2 
139 
1 
29 
5 
494 
1 
1 
6 
3 
17 
2 
11 
23 
568 
3 
23 
1 
3 
16 
1 
11 
1 
16 
14 
6 
9 
3 
9 
3 
389 
2 
16 
62 
13 
57 
8 
1 
1 
14 
10 
43 
1 
1 
85 
66 
2 
128 
1 
32 
635 
368 
3 
10 
46 
5 
1 
3 
2 
9 
5 
38 
1 
152 
115 
60 
3 
5 
37 
82 
11 
1 
1 
315 
3 
3 
1 
2 
903 
2 
2 
12 
2 
1 
2 
1 
106 
1 
874 
1 
168 
9 
2 
1 
132 
2 
34 
1 
1 
9 
7 
1 
12 
2 
2 
2 
1 
136 
6 
3 
9 
1 
53 
1 
3 
14 
1 
1 
53 
4 
45 
2 
18 
8 
4 
1 
3 
1 
41 
343 
22 
33 
2 
14 
1 
31 
2 
23 
2 
6 
2 
1 
109 
942 
3 
35 
20 
3 
59 
65 
7 
1 
80 
245 
8 
6 
1 
1 
4 
1 
16 
2 
1 
358 
4 
424 
6 
1 
1 
1 
19 
4 
1 
2 
2 
4 
60 
4 
3 
10 
30 
1 
1 
8 
217 
3 
53 
4 
10 
3 
45 
65 
8 
2 
1 
1 
1 
3 
1 
1 
1 
2 
12 
11 
24 
2 
5 
71 
5 
21 
8 
27 
611 
2 
20 
17 
7 
345 
12 
28 
5 
8 
3 
6 
2 
1 
4 
5 
1 
1 
10 
1 
11 
2 
13 
1 
2 
460 
1 
2 
2 
337 
211 
1 
1 
2 
3 
2 
65 
1 
2 
75 
2 
3 
410 
28 
3 
25 
10 
12 
4 
12 
677 
39 
1 
1 
11 
2 
12 
7 
6 
2 
30 
1 
1 
2 
85 
1 
1 
1 
2 
1 
4 
1 
4 
7 
6 
7 
198 
14 
40 
1 
1 
2 
3 
4 
24 
1 
1 
3 
1 
133 
18 
3 
1 
3 
2 
47 
24 
15 
4 
2 
1 
1 
1 
1 
2 
2 
5 
238 
1 
3 
5 
1 
91 
4 
3 
4 
6 
1 
2 
22 
457 
8 
93 
1 
39 
1 
23 
3 
999 
2 
9 
2 
239 
2 
12 
2 
1 
7 
9 
4 
4 
2 
1 
4 
1 
235 
9 
9 
81 
1 
4 
2 
2 
8 
3 
9 
41 
6 
2 
1 
1 
6 
14 
1 
74 
3 
848 
6 
1 
26 
276 
1 
17 
8 
2 
1 
16 
2 
5 
942 
4 
1 
2 
28 
521 
5 
9 
16 
1 
1 
34 
388 
1 
25 
68 
2 
1 
4 
16 
1 
27 
1 
90 
1 
2 
5 
52 
3 
2 
17 
1 
3 
60 
1 
4 
3 
3 
12 
1 
6 
5 
7 
13 
2 
113 
4 
2 
154 
3 
3 
1 
1 
144 
16 
32 
25 
1 
11 
22 
4 
278 
5 
30 
2 
19 
2 
1 
2 
1 
264 
6 
46 
1 
1 
2 
6 
1 
1 
1 
5 
1 
10 
12 
255 
4 
59 
5 
108 
2 
1 
5 
30 
6 
22 
7 
2 
5 
5 
371 
6 
344 
3 
1 
1 
1 
1 
3 
1 
28 
7 
10 
6 
1 
22 
7 
4 
25 
2 
1 
3 
1 
3 
1 
1 
1 
41 
2 
1 
3 
3 
1 
185 
2 
1 
3 
1 
2 
3 
63 
9 
16 
6 
63 
17 
16 
6 
1 
673 
43 
5 
11 
1 
3 
1 
128 
3 
1 
5 
640 
12 
8 
8 
1 
2 
4 
10 
279 
135 
14 
8 
3 
114 
15 
3 
10 
146 
22 
14 
32 
251 
1 
257 
9 
1 
7 
1 
3 
1 
4 
11 
3 
1 
1 
1 
31 
35 
1 
8 
10 
430 
6 
204 
383 
1 
4 
1 
2 
2 
47 
2 
2 
16 
3 
1 
1 
4 
13 
1 
1 
1 
5 
1 
2 
44 
1 
2 
7 
1 
279 
1 
4 
25 
3 
16 
4 
3 
465 
26 
1 
3 
1 
1 
1 
1 
6 
3 
1 
5 
840 
1 
285 
1 
1 
1 
367 
3 
1 
1 
8 
2 
43 
237 
29 
60 
1 
2 
1 
30 
1 
58 
296 
665 
3 
305 
597 
6 
1 
2 
721 
1 
4 
2 
1 
28 
28 
72 
18 
3 
5 
9 
15 
1 
1 
1 
10 
1 
74 
59 
187 
10 
1 
378 
1 
1 
35 
5 
17 
2 
1 
7 
957 
23 
2 
8 
25 
19 
1 
346 
1 
595 
34 
27 
1 
4 
34 
6 
41 
7 
2 
18 
6 
55 
260 
1 
3 
6 
3 
2 
3 
5 
142 
2 
3 
8 
33 
1 
41 
1 
83 
12 
4 
17 
4 
8 
34 
1 
31 
36 
5 
18 
7 
2 
7 
3 
23 
2 
9 
1 
119 
1 
5 
6 
2 
1 
6 
174 
3 
1 
2 
10 
5 
23 
147 
1 
3 
3 
396 
373 
1 
3 
1 
9 
243 
2 
46 
9 
1 
7 
701 
30 
4 
2 
1 
7 
1 
21 
237 
84 
8 
30 
2 
89 
2 
2 
1 
2 
1 
407 
1 
6 
5 
1 
60 
36 
7 
1 
8 
6 
2 
11 
3 
140 
4 
28 
4 
1 
343 
2 
1 
1 
183 
36 
2 
2 
1 
18 
4 
30 
14 
1 
2 
1 
11 
7 
21 
1 
1 
2 
3 
165 
16 
1 
20 
28 
1 
86 
1 
1 
2 
1 
2 
268 
2 
78 
3 
29 
1 
1 
4 
66 
4 
4 
208 
3 
1 
1 
1 
1 
2 
2 
1 
201 
10 
2 
43 
1 
32 
2 
25 
1 
17 
4 
3 
2 
4 
1 
25 
6 
4 
2 
42 
5 
36 
1 
15 
11 
2 
74 
5 
24 
5 
72 
7 
21 
1 
7 
454 
90 
224 
3 
2 
1 
16 
36 
4 
4 
1 
331 
3 
1 
306 
1 
8 
267 
2 
3 
448 
1 
5 
15 
23 
1 
1 
1 
46 
3 
3 
819 
6 
416 
1 
255 
1 
467 
20 
110 
473 
4 
551 
66 
13 
2 
1 
7 
40 
17 
1 
12 
1 
8 
2 
114 
133 
4 
42 
1 
4 
1 
111 
110 
1 
2 
6 
102 
3 
57 
97 
36 
11 
917 
1 
1 
5 
66 
26 
4 
17 
231 
1 
1 
34 
1 
2 
1 
7 
691 
3 
2 
24 
2 
2 
11 
2 
7 
4 
19 
1 
243 
1 
26 
186 
1 
1 
6 
2 
2 
1 
1 
1 
1 
1 
1 
60 
22 
20 
2 
39 
1 
2 
1 
2 
1 
20 
13 
7 
498 
1 
422 
2 
5 
2 
4 
185 
1 
34 
4 
4 
2 
3 
7 
61 
963 
1 
1 
1 
68 
1 
4 
2 
2 
146 
9 
1 
59 
1 
1 
10 
1 
487 
14 
8 
19 
101 
5 
9 
16 
401 
6 
281 
1 
1 
5 
2 
116 
209 
4 
2 
2 
63 
267 
32 
2 
6 
5 
1 
3 
1 
1 
74 
29 
77 
1 
4 
18 
79 
70 
79 
52 
1 
7 
50 
2 
254 
1 
507 
2 
1 
16 
1 
1 
383 
1 
7 
1 
1 
2 
5 
192 
1 
17 
135 
1 
4 
2 
10 
2 
26 
1 
114 
26 
3 
16 
720 
1 
1 
15 
3 
12 
1 
1 
1 
2 
11 
2 
124 
40 
241 
799 
92 
8 
100 
136 
268 
2 
2 
3 
2 
1 
1 
1 
4 
1 
1 
41 
1 
2 
5 
4 
42 
2 
3 
5 
5 
15 
2 
2 
3 
1 
21 
29 
1 
3 
23 
209 
1 
1 
1 
35 
32 
6 
1 
1 
2 
107 
1 
16 
4 
23 
1 
1 
1 
2 
1 
3 
1 
55 
1 
1 
78 
2 
576 
1 
62 
3 
6 
1 
5 
2 
1 
1 
3 
49 
19 
68 
16 
1 
1 
262 
10 
4 
1 
1 
1 
1 
1 
1 
1 
7 
1 
1 
20 
3 
2 
17 
4 
47 
67 
64 
3 
25 
1 
1 
1 
2 
12 
1 
2 
1 
2 
1 
18 
1 
6 
972 
24 
6 
1 
11 
149 
1 
10 
10 
3 
1 
1 
1 
8 
3 
280 
1 
1 
2 
4 
1 
7 
8 
1 
1 
4 
29 
1 
58 
2 
1 
1 
1 
420 
3 
2 
1 
5 
272 
61 
6 
4 
139 
1 
28 
1 
154 
4 
1 
1 
906 
5 
81 
3 
2 
24 
5 
1 
1 
1 
2 
347 
3 
11 
39 
14 
14 
52 
97 
72 
1 
3 
14 
61 
7 
1 
1 
60 
4 
216 
1 
1 
1 
1 
1 
2 
7 
1 
1 
5 
12 
2 
2 
32 
2 
5 
73 
36 
2 
21 
60 
2 
7 
3 
3 
36 
2 
71 
1 
2 
4 
1 
2 
13 
6 
358 
45 
1 
9 
22 
6 
8 
5 
4 
10 
202 
5 
2 
582 
4 
4 
6 
130 
2 
21 
1 
1 
1 
7 
4 
1 
487 
1 
1 
9 
15 
1 
5 
1 
1 
2 
1 
11 
1 
1 
1 
185 
14 
6 
15 
5 
2 
2 
2 
1 
1 
2 
1 
1 
1 
288 
1 
1 
1 
5 
10 
29 
279 
15 
1 
4 
2 
7 
13 
2 
1 
74 
2 
39 
1 
1 
1 
163 
1 
8 
1 
5 
2 
113 
1 
90 
171 
3 
4 
2 
13 
17 
1 
1 
5 
1 
26 
8 
3 
8 
2 
2 
7 
676 
1 
4 
132 
5 
18 
2 
1 
144 
96 
150 
2 
9 
2 
3 
27 
1 
2 
3 
373 
1 
3 
59 
1 
2 
1 
163 
5 
5 
3 
2 
10 
1 
61 
1 
40 
126 
1 
21 
1 
27 
42 
18 
3 
18 
10 
17 
757 
537 
2 
1 
1 
1 
14 
52 
16 
11 
1 
8 
1 
2 
110 
1 
14 
1 
1 
2 
1 
418 
29 
18 
74 
7 
1 
1 
3 
58 
3 
1 
3 
37 
4 
2 
5 
1 
1 
57 
23 
1 
5 
48 
4 
2 
1 
12 
5 
11 
2 
9 
1 
1 
1 
2 
1 
8 
100 
9 
11 
1 
5 
22 
94 
1 
1 
96 
120 
23 
3 
224 
3 
3 
301 
1 
3 
147 
1 
1 
3 
3 
15 
16 
2 
6 
2 
12 
10 
14 
287 
19 
297 
12 
3 
3 
1 
106 
2 
360 
217 
1 
43 
1 
1 
3 
2 
4 
5 
1 
25 
15 
14 
17 
1 
1 
15 
6 
5 
41 
5 
8 
1 
9 
309 
62 
2 
10 
6 
1 
5 
84 
8 
45 
173 
2 
1 
3 
3 
16 
5 
1 
27 
5 
2 
2 
1 
135 
10 
23 
1 
129 
1 
2 
1 
733 
24 
963 
230 
4 
1 
1 
45 
1 
6 
4 
1 
1 
1 
206 
4 
235 
1 
1 
2 
11 
21 
2 
6 
37 
8 
74 
1 
1 
1 
3 
449 
261 
3 
32 
93 
1 
1 
1 
20 
1 
162 
44 
62 
2 
3 
48 
354 
27 
2 
347 
1 
139 
2 
1 
2 
4 
2 
4 
163 
28 
97 
44 
6 
4 
2 
7 
41 
8 
1 
1 
202 
2 
5 
7 
2 
1 
990 
248 
51 
53 
1 
22 
5 
1 
1 
45 
3 
79 
45 
47 
25 
10 
2 
1 
1 
40 
5 
1 
340 
1 
1 
1 
810 
4 
1 
16 
3 
1 
2 
105 
34 
274 
1 
1 
1 
1 
5 
1 
106 
17 
1 
4 
1 
23 
4 
1 
2 
1 
1 
375 
8 
976 
66 
1 
6 
340 
1 
1 
21 
79 
1 
4 
3 
6 
23 
51 
28 
2 
1 
440 
20 
37 
161 
14 
66 
766 
50 
1 
22 
4 
14 
27 
7 
3 
3 
145 
19 
1 
23 
206 
15 
100 
53 
121 
56 
1 
1 
25 
713 
1 
1 
2 
145 
1 
46 
3 
1 
74 
298 
3 
7 
4 
1 
1 
26 
46 
978 
2 
3 
9 
1 
10 
17 
2 
1 
138 
265 
21 
1 
1 
1 
7 
14 
7 
5 
6 
1 
2 
9 
2 
3 
1 
68 
35 
300 
3 
1 
7 
1 
2 
12 
2 
1 
6 
7 
144 
1 
1 
1 
1 
1 
11 
488 
2 
143 
22 
1 
2 
3 
41 
1 
78 
1 
2 
3 
2 
1 
98 
4 
1 
3 
19 
31 
6 
10 
1 
13 
1 
40 
50 
271 
2 
8 
197 
10 
3 
22 
6 
3 
8 
4 
79 
11 
3 
3 
1 
1 
1 
4 
30 
1 
2 
10 
3 
4 
1 
23 
432 
16 
45 
2 
1 
1 
1 
12 
4 
1 
1 
2 
2 
61 
746 
3 
1 
1 
12 
2 
3 
2 
10 
9 
3 
3 
1 
41 
22 
3 
1 
1 
169 
348 
1 
1 
137 
5 
298 
283 
1 
2 
1 
1 
89 
7 
1 
26 
2 
2 
2 
8 
1 
4 
1 
1 
1 
38 
13 
29 
1 
100 
5 
164 
70 
2 
1 
1 
3 
1 
163 
3 
5 
221 
267 
5 
68 
776 
1 
4 
29 
452 
24 
1 
1 
1 
3 
27 
56 
43 
15 
137 
2 
1 
272 
1 
6 
62 
6 
80 
1 
1 
2 
19 
41 
7 
4 
1 
1 
12 
1 
36 
4 
9 
85 
13 
1 
2 
115 
3 
5 
6 
3 
10 
9 
2 
2 
2 
29 
1 
111 
1 
4 
4 
5 
8 
1 
659 
111 
1 
1 
73 
6 
729 
2 
1 
3 
19 
100 
23 
10 
1 
2 
40 
1 
3 
10 
3 
20 
204 
1 
2 
50 
6 
2 
1 
5 
3 
8 
1 
1 
16 
1 
451 
1 
2 
17 
13 
74 
3 
11 
1 
2 
38 
3 
67 
311 
113 
22 
203 
27 
6 
1 
7 
12 
1 
162 
160 
1 
386 
1 
224 
27 
13 
1 
2 
120 
4 
16 
12 
112 
3 
58 
250 
95 
1 
20 
2 
39 
2 
2 
10 
1 
1 
1 
45 
16 
18 
67 
16 
1 
1 
832 
31 
4 
2 
1 
3 
1 
6 
146 
24 
41 
23 
9 
1 
29 
2 
4 
1 
1 
1 
1 
1 
1 
1 
6 
74 
1 
1 
1 
1 
9 
6 
120 
1 
4 
1 
17 
4 
7 
1 
1 
7 
6 
1 
31 
179 
54 
76 
840 
23 
5 
3 
1 
56 
1 
25 
304 
625 
3 
265 
1 
10 
577 
72 
1 
11 
3 
2 
1 
97 
2 
5 
3 
2 
2 
10 
12 
1 
3 
1 
2 
3 
107 
9 
1 
3 
16 
12 
11 
47 
1 
28 
5 
466 
392 
2 
8 
10 
1 
3 
20 
2 
1 
32 
1 
1 
4 
277 
415 
1 
3 
148 
115 
4 
53 
18 
1 
1 
1 
1 
17 
1 
1 
1 
1 
1 
2 
1 
1 
2 
1 
11 
3 
2 
3 
48 
11 
3 
1 
1 
3 
1 
3 
1 
27 
18 
246 
1 
39 
2 
264 
7 
1 
3 
99 
1 
2 
12 
299 
271 
14 
2 
225 
191 
2 
668 
3 
2 
244 
2 
2 
7 
2 
35 
1 
1 
94 
20 
1 
7 
2 
3 
29 
5 
2 
3 
3 
3 
1 
6 
1 
1 
30 
139 
60 
55 
1 
1 
1 
2 
1 
1 
1 
1 
239 
150 
1 
2 
9 
29 
2 
1 
2 
13 
78 
123 
1 
1 
2 
2 
13 
3 
73 
1 
16 
2 
18 
5 
1 
4 
3 
103 
1 
16 
9 
2 
33 
6 
37 
11 
507 
2 
1 
8 
2 
445 
3 
19 
43 
2 
19 
54 
15 
6 
1 
1 
2 
1 
11 
4 
11 
1 
1 
1 
1 
124 
437 
586 
19 
12 
13 
1 
24 
7 
23 
82 
3 
2 
1 
29 
1 
2 
22 
237 
1 
983 
1 
8 
1 
4 
97 
1 
226 
39 
17 
1 
634 
7 
1 
7 
734 
5 
5 
1 
5 
36 
396 
2 
4 
8 
1 
123 
19 
1 
2 
3 
2 
1 
6 
2 
91 
1 
2 
1 
2 
66 
199 
3 
1 
5 
1 
5 
3 
1 
346 
1 
3 
329 
1 
222 
300 
1 
4 
49 
1 
18 
1 
51 
1 
2 
4 
57 
226 
1 
1 
14 
38 
1 
4 
5 
17 
1 
3 
82 
51 
2 
11 
3 
992 
9 
2 
1 
285 
2 
1 
6 
3 
45 
1 
136 
1 
7 
16 
1 
44 
48 
2 
2 
1 
32 
12 
8 
13 
1 
1 
41 
1 
1 
44 
8 
1 
4 
1 
1 
17 
4 
364 
3 
2 
131 
1 
3 
97 
8 
74 
1 
2 
16 
14 
41 
5 
18 
1 
28 
1 
17 
18 
1 
73 
1 
17 
173 
1 
4 
1 
723 
2 
2 
2 
10 
1 
18 
1 
2 
7 
1 
1 
1 
21 
14 
6 
246 
5 
3 
1 
1 
20 
4 
7 
3 
1 
2 
55 
1 
8 
49 
14 
149 
40 
1 
1 
29 
227 
3 
53 
6 
1 
1 
63 
10 
151 
13 
34 
13 
1 
1 
5 
2 
3 
3 
1 
143 
6 
13 
9 
1 
27 
1 
1 
2 
4 
2 
2 
61 
1 
3 
13 
6 
5 
38 
9 
1 
11 
3 
1 
2 
1 
1 
3 
319 
3 
2 
1 
1 
14 
1 
6 
409 
1 
1 
23 
1 
1 
25 
3 
46 
1 
1 
4 
2 
9 
2 
10 
7 
1 
3 
1 
3 
119 
185 
1 
6 
1 
1 
105 
3 
83 
321 
3 
44 
1 
11 
15 
5 
61 
5 
14 
1 
3 
2 
11 
9 
6 
1 
1 
3 
1 
1 
4 
20 
5 
2 
7 
118 
14 
10 
1 
296 
1 
10 
1 
2 
34 
1 
153 
2 
2 
2 
27 
1 
15 
8 
166 
177 
1 
1 
1 
932 
10 
1 
3 
1 
2 
4 
3 
447 
52 
1 
4 
1 
1 
1 
2 
21 
3 
5 
1 
60 
11 
2 
16 
2 
1 
14 
17 
1 
1 
1 
8 
1 
861 
9 
2 
29 
834 
9 
1 
1 
1 
4 
2 
3 
1 
17 
2 
12 
2 
1 
3 
3 
1 
26 
4 
9 
8 
130 
1 
2 
2 
5 
2 
453 
22 
2 
7 
29 
2 
11 
2 
1 
7 
29 
2 
10 
40 
2 
11 
152 
1 
3 
2 
3 
1 
1 
2 
1 
49 
68 
6 
1 
1 
6 
1 
25 
1 
2 
5 
26 
1 
11 
1 
4 
3 
69 
8 
1 
2 
12 
1 
6 
3 
2 
1 
2 
131 
553 
1 
4 
36 
1 
1 
1 
3 
605 
18 
71 
1 
610 
1 
2 
7 
101 
31 
19 
3 
1 
13 
1 
16 
65 
70 
1 
6 
1 
1 
1 
1 
1 
610 
1 
7 
99 
4 
1 
6 
727 
4 
7 
1 
311 
1 
2 
1 
3 
1 
1 
2 
33 
34 
1 
4 
2 
31 
1 
12 
1 
1 
2 
1 
35 
12 
5 
320 
22 
4 
3 
53 
5 
49 
1 
1 
3 
1 
1 
1 
2 
1 
3 
1 
2 
3 
1 
28 
88 
15 
319 
2 
42 
1 
1 
12 
16 
1 
10 
1 
43 
2 
8 
1 
1 
4 
1 
2 
1 
9 
3 
1 
2 
180 
54 
1 
19 
1 
3 
106 
74 
15 
49 
1 
171 
3 
152 
5 
1 
98 
1 
6 
55 
1 
1 
629 
12 
26 
40 
502 
24 
2 
1 
3 
35 
2 
208 
1 
17 
2 
87 
42 
3 
1 
4 
2 
3 
1 
3 
148 
1 
2 
1 
2 
1 
1 
3 
1 
6 
1 
1 
643 
2 
2 
1 
2 
1 
1 
4 
69 
1 
11 
1 
1 
3 
1 
22 
4 
1 
3 
25 
1 
2 
121 
2 
3 
28 
671 
6 
1 
212 
2 
1 
46 
123 
8 
90 
37 
2 
1 
5 
4 
1 
1 
6 
15 
1 
5 
1 
3 
21 
206 
81 
3 
3 
1 
3 
3 
28 
9 
1 
1 
2 
6 
1 
4 
4 
1 
20 
72 
1 
1 
2 
194 
2 
1 
11 
670 
306 
45 
41 
16 
1 
1 
1 
1 
18 
371 
1 
105 
5 
393 
1 
33 
2 
1 
9 
30 
2 
1 
572 
1 
10 
30 
39 
1 
1 
1 
3 
1 
91 
1 
150 
5 
1 
54 
1 
373 
1 
1 
1 
3 
284 
36 
19 
5 
7 
2 
1 
2 
325 
637 
9 
17 
6 
5 
1 
60 
147 
5 
10 
6 
3 
7 
706 
23 
5 
1 
5 
2 
1 
625 
5 
13 
3 
6 
1 
11 
10 
128 
17 
253 
2 
70 
2 
1 
5 
59 
94 
1 
8 
1 
75 
13 
1 
7 
791 
3 
4 
5 
2 
4 
1 
1 
481 
1 
2 
40 
1 
38 
5 
2 
32 
93 
1 
1 
86 
1 
1 
1 
3 
4 
1 
3 
49 
4 
35 
2 
12 
3 
1 
2 
8 
2 
1 
3 
31 
1 
2 
2 
2 
2 
1 
2 
1 
111 
7 
1 
27 
36 
2 
2 
1 
25 
68 
1 
12 
1 
5 
6 
2 
1 
1 
2 
16 
55 
38 
614 
98 
1 
206 
159 
6 
1 
1 
1 
1 
246 
22 
1 
1 
1 
324 
4 
1 
19 
16 
2 
224 
3 
2 
515 
734 
22 
1 
2 
75 
27 
9 
10 
1 
1 
101 
14 
1 
1 
1 
959 
1 
40 
1 
159 
14 
1 
9 
21 
1 
85 
1 
9 
18 
1 
9 
46 
1 
595 
33 
25 
1 
35 
7 
14 
1 
3 
293 
1 
77 
1 
149 
3 
64 
67 
459 
8 
42 
5 
212 
2 
2 
221 
4 
63 
25 
351 
8 
38 
3 
8 
32 
100 
1 
107 
23 
4 
48 
18 
1 
10 
3 
7 
12 
5 
1 
4 
1 
1 
2 
21 
3 
2 
4 
1 
2 
1 
74 
9 
1 
1 
8 
1 
46 
54 
4 
4 
1 
1 
1 
9 
1 
13 
1 
1 
3 
7 
1 
66 
622 
2 
13 
51 
2 
1 
1 
2 
77 
1 
13 
1 
1 
4 
1 
1 
38 
98 
1 
7 
1 
126 
1 
2 
435 
1 
1 
22 
2 
114 
33 
4 
74 
1 
1 
101 
3 
4 
42 
16 
2 
1 
121 
147 
1 
18 
1 
76 
1 
1 
4 
185 
10 
1 
240 
2 
34 
12 
1 
104 
1 
3 
2 
40 
1 
1 
1 
6 
5 
1 
1 
6 
300 
1 
5 
2 
3 
1 
23 
1 
28 
2 
3 
1 
10 
1 
309 
1 
4 
36 
3 
15 
4 
8 
29 
1 
6 
11 
9 
1 
2 
59 
220 
1 
2 
1 
1 
1 
14 
474 
1 
1 
1 
3 
10 
1 
13 
30 
1 
19 
4 
4 
23 
6 
4 
1 
5 
3 
2 
1 
1 
1 
209 
1 
1 
18 
11 
5 
1 
1 
5 
16 
13 
17 
8 
1 
1 
5 
388 
9 
784 
23 
3 
2 
1 
4 
1 
2 
2 
3 
46 
2 
1 
7 
48 
6 
2 
161 
504 
8 
2 
519 
26 
1 
179 
9 
1 
13 
20 
378 
44 
253 
8 
2 
68 
3 
1 
107 
1 
10 
950 
3 
51 
209 
72 
32 
25 
2 
2 
62 
1 
43 
11 
97 
77 
59 
2 
1 
1 
3 
1 
5 
1 
1 
13 
2 
2 
2 
2 
8 
130 
953 
12 
1 
3 
1 
2 
1 
85 
4 
10 
1 
29 
206 
3 
8 
5 
41 
7 
1 
13 
4 
77 
2 
153 
1 
376 
2 
1 
33 
2 
73 
4 
9 
9 
1 
1 
4 
1 
124 
6 
6 
22 
1 
5 
272 
48 
785 
3 
1 
1 
1 
6 
1 
5 
44 
1 
40 
103 
238 
15 
3 
16 
69 
3 
5 
220 
2 
33 
3 
1 
3 
4 
336 
9 
1 
163 
3 
424 
1 
1 
2 
4 
34 
229 
3 
113 
1 
19 
1 
20 
16 
5 
4 
1 
1 
1 
5 
1 
2 
1 
21 
33 
364 
63 
7 
1 
13 
6 
1 
2 
9 
2 
3 
1 
58 
3 
242 
2 
987 
18 
1 
8 
1 
1 
2 
6 
7 
394 
388 
9 
3 
344 
9 
54 
4 
10 
1 
1 
1 
3 
21 
7 
1 
1 
1 
1 
4 
279 
193 
1 
1 
55 
3 
211 
2 
1 
193 
2 
2 
3 
38 
32 
1 
5 
610 
1 
3 
2 
12 
1 
1 
1 
5 
192 
4 
1 
1 
1 
42 
1 
2 
2 
1 
7 
33 
1 
2 
3 
2 
6 
6 
147 
3 
6 
13 
14 
8 
2 
438 
82 
1 
8 
298 
2 
1 
1 
1 
3 
1 
1 
10 
1 
404 
1 
1 
157 
3 
990 
9 
3 
6 
1 
1 
3 
1 
4 
15 
3 
1 
1 
20 
2 
18 
5 
172 
5 
8 
5 
49 
1 
9 
1 
7 
1 
3 
3 
2 
6 
109 
1 
1 
230 
20 
2 
2 
3 
83 
1 
7 
1 
1 
22 
6 
2 
3 
1 
6 
969 
4 
413 
3 
1 
9 
332 
2 
6 
13 
6 
12 
1 
1 
26 
14 
6 
185 
3 
1 
391 
28 
6 
57 
3 
1 
1 
476 
1 
1 
2 
1 
4 
938 
92 
57 
15 
4 
135 
33 
2 
3 
2 
5 
167 
1 
9 
12 
1 
2 
1 
1 
480 
1 
1 
7 
9 
17 
9 
210 
7 
13 
79 
1 
83 
1 
1 
2 
1 
1 
3 
8 
584 
5 
10 
43 
6 
1 
3 
1 
30 
1 
3 
1 
1 
6 
5 
1 
5 
2 
3 
1 
4 
1 
3 
1 
2 
2 
2 
9 
35 
3 
7 
1 
12 
1 
1 
446 
2 
1 
238 
2 
2 
26 
1 
2 
48 
1 
2 
2 
1 
1 
1 
2 
1 
3 
19 
530 
78 
1 
1 
14 
54 
1 
2 
14 
4 
4 
193 
1 
245 
1 
3 
5 
115 
3 
5 
212 
31 
2 
11 
5 
5 
3 
4 
1 
16 
34 
44 
1 
3 
8 
40 
1 
10 
2 
3 
1 
88 
3 
1 
1 
1 
1 
46 
8 
4 
475 
3 
10 
1 
15 
10 
2 
2 
1 
29 
2 
161 
3 
9 
2 
1 
1 
1 
1 
15 
77 
17 
17 
1 
1 
13 
2 
40 
105 
1 
16 
2 
25 
14 
1 
2 
18 
125 
7 
5 
2 
1 
3 
55 
2 
119 
1 
147 
4 
3 
61 
81 
4 
54 
79 
1 
27 
7 
66 
119 
2 
2 
1 
7 
1 
26 
3 
6 
278 
1 
6 
1 
6 
3 
9 
1 
1 
4 
1 
16 
4 
8 
18 
7 
2 
3 
1 
5 
2 
10 
15 
4 
124 
17 
9 
1 
3 
3 
1 
1 
46 
3 
1 
223 
2 
626 
21 
2 
35 
1 
54 
1 
9 
1 
9 
316 
110 
1 
6 
2 
26 
9 
2 
1 
55 
1 
175 
3 
2 
1 
2 
1 
2 
3 
45 
2 
2 
33 
1 
1 
89 
1 
22 
5 
1 
1 
99 
3 
5 
1 
278 
530 
112 
133 
324 
487 
8 
10 
59 
2 
3 
11 
1 
2 
3 
23 
2 
801 
16 
3 
2 
23 
21 
85 
3 
2 
2 
44 
154 
1 
12 
1 
255 
1 
3 
121 
1 
295 
236 
94 
41 
8 
1 
382 
9 
58 
105 
78 
1 
1 
1 
24 
907 
2 
2 
176 
147 
2 
18 
2 
2 
3 
2 
1 
12 
2 
5 
1 
11 
297 
1 
1 
1 
1 
8 
1 
1 
2 
6 
1 
3 
7 
9 
11 
1 
2 
2 
1 
3 
13 
1 
220 
1 
1 
22 
663 
26 
1 
5 
17 
1 
1 
1 
5 
14 
88 
3 
1 
1 
4 
1 
423 
4 
367 
3 
2 
2 
54 
2 
1 
546 
5 
410 
3 
1 
142 
11 
18 
87 
2 
1 
2 
1 
1 
1 
1 
24 
26 
1 
5 
1 
1 
3 
1 
1 
141 
10 
4 
10 
3 
3 
9 
1 
19 
1 
5 
354 
2 
9 
5 
1 
3 
8 
1 
211 
1 
38 
1 
9 
25 
2 
2 
89 
42 
12 
1 
16 
2 
20 
10 
8 
13 
7 
39 
2 
7 
2 
29 
170 
2 
1 
1 
146 
1 
5 
9 
1 
39 
4 
2 
10 
4 
22 
32 
7 
34 
17 
11 
15 
1 
5 
13 
1 
33 
28 
1 
1 
1 
2 
129 
8 
3 
8 
13 
12 
3 
5 
29 
4 
2 
13 
1 
2 
6 
9 
2 
3 
96 
1 
5 
6 
1 
56 
4 
448 
1 
22 
3 
34 
19 
1 
2 
16 
8 
5 
1 
79 
1 
2 
1 
4 
1 
53 
37 
479 
57 
21 
3 
3 
49 
2 
1 
10 
547 
45 
1 
1 
5 
2 
3 
1 
6 
2 
2 
1 
1 
1 
4 
1 
3 
624 
1 
2 
2 
3 
2 
20 
4 
3 
1 
1 
1 
1 
3 
1 
4 
1 
2 
1 
114 
6 
61 
68 
1 
3 
1 
1 
90 
6 
1 
34 
1 
14 
5 
901 
7 
4 
4 
49 
2 
3 
1 
8 
1 
1 
152 
1 
1 
1 
41 
1 
69 
72 
1 
1 
3 
332 
92 
946 
1 
126 
12 
4 
29 
9 
1 
1 
1 
261 
1 
2 
1 
39 
1 
1 
3 
1 
1 
3 
1 
1 
70 
7 
80 
9 
3 
10 
2 
74 
1 
1 
1 
2 
41 
430 
61 
1 
181 
4 
11 
13 
55 
19 
3 
1 
2 
33 
1 
13 
7 
1 
1 
3 
625 
115 
1 
1 
1 
599 
2 
1 
6 
3 
1 
156 
2 
60 
1 
1 
1 
1 
15 
1 
1 
1 
16 
1 
1 
12 
182 
17 
2 
10 
2 
1 
445 
1 
1 
727 
204 
2 
66 
1 
1 
529 
1 
2 
2 
1 
42 
80 
1 
1 
832 
13 
3 
9 
2 
3 
2 
54 
1 
2 
120 
1 
320 
3 
1 
1 
71 
1 
2 
16 
2 
3 
15 
180 
1 
978 
1 
761 
3 
4 
1 
3 
8 
683 
2 
1 
4 
51 
7 
1 
17 
2 
4 
1 
419 
619 
1 
1 
5 
1 
1 
1 
2 
4 
1 
2 
1 
4 
36 
1 
766 
1 
3 
1 
250 
1 
1 
225 
35 
1 
498 
280 
20 
6 
2 
2 
3 
10 
15 
6 
2 
1 
1 
887 
1 
1 
30 
15 
3 
30 
1 
1 
5 
2 
1 
6 
1 
3 
1 
1 
508 
1 
4 
691 
15 
5 
3 
12 
32 
8 
3 
26 
1 
5 
917 
1 
1 
63 
1 
2 
270 
2 
3 
20 
3 
1 
1 
1 
3 
68 
1 
134 
6 
1 
20 
11 
614 
1 
64 
35 
1 
1 
11 
1 
5 
420 
1 
1 
3 
26 
55 
13 
4 
1 
2 
1 
196 
6 
3 
4 
70 
24 
103 
70 
1 
63 
1 
1 
2 
1 
28 
1 
33 
215 
18 
2 
4 
1 
1 
2 
2 
641 
3 
2 
1 
88 
1 
1 
63 
14 
14 
6 
64 
1 
1 
1 
1 
1 
1 
2 
16 
3 
17 
1 
213 
6 
1 
5 
104 
3 
1 
1 
2 
11 
1 
9 
1 
2 
3 
112 
12 
1 
15 
3 
1 
1 
1 
1 
2 
9 
1 
1 
6 
1 
2 
1 
2 
11 
591 
76 
2 
1 
1 
30 
11 
120 
1 
1 
8 
2 
1 
1 
3 
1 
1 
1 
20 
7 
1 
2 
107 
11 
1 
15 
1 
3 
12 
8 
1 
3 
154 
1 
150 
7 
175 
1 
3 
75 
14 
2 
1 
1 
5 
1 
1 
1 
5 
4 
27 
19 
506 
449 
28 
8 
4 
2 
12 
133 
13 
19 
16 
11 
1 
1 
18 
4 
1 
1 
8 
10 
1 
50 
719 
38 
17 
63 
84 
3 
9 
1 
7 
5 
3 
9 
1 
1 
1 
24 
24 
645 
276 
45 
2 
13 
2 
1 
2 
32 
114 
1 
2 
1 
2 
4 
1 
1 
1 
15 
1 
36 
26 
2 
25 
2 
1 
134 
36 
114 
1 
28 
5 
4 
6 
226 
4 
22 
167 
342 
95 
2 
9 
37 
2 
5 
16 
12 
1 
1 
9 
14 
2 
1 
1 
2 
4 
1 
41 
1 
7 
430 
8 
3 
6 
8 
20 
1 
8 
2 
2 
1 
4 
225 
5 
6 
1 
66 
1 
6 
13 
1 
15 
3 
65 
1 
688 
1 
785 
1 
114 
23 
53 
2 
5 
1 
1 
168 
28 
16 
1 
251 
1 
5 
1 
222 
7 
3 
1 
81 
7 
5 
2 
15 
386 
4 
13 
2 
1 
404 
7 
1 
4 
3 
3 
5 
1 
32 
2 
192 
12 
7 
18 
4 
133 
4 
8 
20 
1 
85 
2 
1 
134 
517 
8 
3 
6 
798 
2 
3 
1 
2 
86 
1 
57 
2 
1 
3 
2 
214 
1 
367 
1 
575 
3 
1 
44 
6 
1 
2 
9 
3 
2 
2 
2 
470 
1 
2 
2 
4 
2 
3 
1 
30 
1 
415 
1 
14 
60 
1 
10 
2 
2 
79 
11 
64 
501 
54 
3 
3 
2 
8 
2 
1 
16 
1 
141 
101 
1 
3 
1 
66 
2 
10 
41 
10 
2 
13 
232 
4 
1 
1 
7 
4 
12 
1 
212 
25 
1 
4 
3 
130 
4 
3 
7 
4 
1 
4 
39 
19 
53 
2 
5 
6 
1 
3 
3 
84 
510 
33 
22 
2 
1 
1 
9 
3 
1 
2 
1 
20 
7 
1 
1 
4 
3 
89 
3 
2 
2 
130 
1 
340 
1 
23 
2 
3 
5 
46 
50 
1 
29 
1 
3 
1 
1 
131 
1 
2 
1 
1 
3 
16 
282 
3 
4 
1 
682 
330 
1 
2 
43 
1 
1 
1 
263 
6 
6 
159 
20 
3 
38 
2 
15 
3 
2 
490 
20 
262 
1 
9 
2 
1 
412 
1 
10 
8 
25 
36 
3 
17 
146 
134 
716 
1 
2 
3 
1 
2 
2 
5 
42 
64 
7 
1 
1 
2 
1 
10 
2 
3 
1 
1 
2 
23 
2 
53 
118 
1 
1 
2 
2 
3 
13 
30 
7 
9 
6 
5 
1 
1 
2 
56 
1 
460 
1 
45 
1 
1 
1 
1 
4 
1 
42 
1 
36 
1 
14 
2 
66 
1 
3 
1 
1 
2 
6 
1 
2 
109 
4 
6 
1 
370 
166 
44 
1 
1 
1 
4 
2 
2 
1 
1 
1 
8 
1 
1 
1 
565 
9 
1 
1 
2 
452 
1 
15 
3 
4 
28 
19 
1 
1 
6 
28 
2 
82 
274 
536 
1 
5 
2 
4 
72 
4 
16 
2 
26 
7 
1 
4 
1 
903 
2 
1 
35 
119 
3 
2 
1 
25 
17 
2 
3 
7 
31 
1 
2 
73 
6 
4 
5 
900 
1 
1 
1 
3 
999 
83 
1 
530 
1 
985 
2 
1 
89 
2 
1 
7 
2 
118 
1 
2 
136 
5 
46 
1 
18 
1 
2 
10 
1 
19 
1 
10 
2 
1 
7 
5 
34 
2 
2 
11 
13 
2 
3 
1 
3 
2 
5 
1 
5 
26 
338 
8 
13 
84 
84 
157 
3 
1 
150 
4 
162 
98 
4 
7 
2 
62 
110 
4 
3 
2 
1 
1 
351 
1 
1 
1 
341 
1 
3 
1 
2 
1 
1 
25 
680 
5 
4 
3 
37 
725 
2 
1 
284 
3 
1 
1 
1 
4 
2 
2 
6 
2 
10 
138 
14 
2 
168 
117 
1 
10 
13 
3 
1 
4 
4 
28 
2 
3 
117 
14 
1 
2 
55 
102 
87 
15 
1 
74 
1 
1 
13 
2 
755 
2 
5 
1 
7 
6 
18 
99 
2 
614 
1 
18 
2 
42 
44 
2 
7 
2 
475 
974 
5 
742 
49 
4 
45 
1 
5 
1 
712 
6 
1 
1 
56 
1 
7 
2 
467 
1 
1 
23 
86 
2 
1 
14 
3 
3 
5 
25 
2 
1 
1 
118 
1 
2 
1 
1 
464 
2 
3 
6 
1 
6 
1 
34 
4 
1 
91 
4 
127 
20 
52 
3 
1 
19 
5 
4 
12 
1 
2 
25 
2 
15 
3 
1 
1 
105 
3 
68 
248 
2 
1 
1 
15 
1 
943 
156 
2 
1 
34 
40 
670 
61 
50 
1 
202 
19 
114 
80 
7 
3 
14 
1 
35 
1 
1 
18 
1 
7 
1 
66 
2 
5 
26 
95 
31 
3 
9 
4 
7 
6 
1 
54 
3 
35 
8 
12 
87 
2 
1 
5 
20 
51 
3 
1 
387 
2 
22 
2 
25 
97 
57 
1 
20 
4 
1 
26 
2 
2 
7 
3 
4 
1 
6 
21 
1 
164 
1 
4 
18 
1 
3 
29 
7 
14 
13 
1 
34 
1 
2 
4 
2 
77 
1 
68 
7 
23 
7 
2 
1 
9 
3 
3 
341 
8 
4 
39 
2 
402 
9 
53 
24 
1 
1 
157 
1 
2 
24 
1 
1 
1 
20 
1 
1 
12 
1 
3 
2 
1 
1 
117 
2 
10 
609 
1 
1 
5 
304 
4 
1 
10 
1 
11 
4 
35 
1 
39 
21 
1 
1 
1 
3 
6 
161 
89 
16 
4 
25 
2 
1 
1 
1 
3 
22 
3 
1 
3 
1 
25 
2 
1 
2 
34 
4 
1 
109 
39 
1 
852 
1 
9 
388 
1 
87 
3 
4 
1 
1 
238 
274 
14 
2 
3 
2 
1 
1 
108 
4 
6 
2 
39 
1 
4 
1 
1 
298 
7 
4 
1 
389 
15 
13 
2 
23 
1 
1 
3 
3 
43 
1 
12 
2 
928 
1 
25 
2 
1 
4 
2 
1 
2 
1 
7 
28 
6 
2 
8 
7 
1 
1 
5 
1 
11 
7 
1 
1 
2 
6 
2 
1 
3 
14 
2 
3 
2 
14 
1 
18 
212 
8 
7 
3 
1 
2 
7 
13 
36 
1 
4 
1 
449 
1 
10 
44 
425 
6 
2 
3 
2 
3 
10 
3 
175 
1 
1 
10 
65 
1 
12 
42 
6 
34 
1 
14 
2 
10 
1 
1 
3 
56 
2 
2 
1 
10 
1 
1 
1 
34 
9 
30 
2 
18 
1 
20 
2 
24 
1 
18 
1 
1 
1 
883 
5 
13 
13 
1 
1 
124 
1 
2 
1 
4 
7 
44 
14 
1 
1 
13 
2 
5 
86 
1 
107 
2 
24 
11 
1 
1 
4 
32 
3 
1 
9 
2 
2 
1 
1 
1 
51 
1 
3 
1 
3 
14 
30 
7 
45 
2 
2 
1 
3 
1 
1 
8 
4 
4 
1 
9 
1 
14 
16 
712 
197 
1 
15 
1 
1 
2 
3 
14 
2 
1 
871 
49 
9 
21 
7 
1 
1 
199 
1 
1 
4 
1 
25 
2 
3 
120 
282 
48 
133 
12 
4 
1 
10 
11 
2 
4 
5 
1 
1 
1 
3 
1 
6 
91 
1 
1 
3 
20 
1 
842 
1 
1 
155 
4 
1 
40 
6 
19 
2 
1 
30 
23 
2 
1 
3 
21 
1 
8 
3 
288 
8 
5 
136 
888 
91 
1 
2 
30 
1 
13 
20 
8 
1 
1 
1 
1 
4 
51 
1 
1 
570 
67 
7 
1 
81 
1 
5 
228 
7 
345 
2 
23 
1 
2 
1 
1 
3 
3 
200 
1 
5 
1 
2 
1 
4 
20 
44 
3 
46 
1 
1 
1 
1 
21 
4 
1 
1 
17 
59 
42 
7 
3 
51 
1 
10 
23 
1 
11 
13 
3 
21 
4 
18 
1 
22 
5 
233 
2 
1 
8 
190 
2 
1 
1 
2 
1 
53 
43 
3 
1 
1 
1 
2 
10 
1 
1 
2 
3 
1 
1 
4 
2 
310 
5 
1 
1 
23 
16 
4 
3 
62 
8 
24 
5 
7 
2 
1 
3 
29 
101 
1 
1 
57 
3 
1 
3 
1 
1 
82 
1 
26 
57 
10 
2 
123 
1 
4 
16 
681 
288 
1 
7 
9 
25 
767 
4 
712 
1 
1 
9 
1 
3 
1 
1 
253 
2 
28 
43 
8 
13 
5 
2 
12 
1 
48 
2 
11 
9 
335 
5 
2 
33 
1 
2 
3 
8 
245 
23 
1 
61 
17 
1 
4 
21 
4 
29 
100 
5 
16 
9 
38 
1 
25 
27 
4 
12 
15 
23 
7 
1 
1 
234 
39 
2 
23 
56 
1 
1 
13 
6 
2 
189 
1 
1 
1 
5 
3 
13 
23 
1 
3 
2 
3 
26 
3 
1 
1 
42 
806 
2 
456 
1 
3 
31 
52 
6 
11 
102 
1 
14 
52 
10 
1 
7 
5 
67 
174 
1 
19 
8 
6 
9 
88 
10 
1 
1 
22 
15 
1 
5 
1 
1 
18 
387 
39 
4 
3 
1 
1 
7 
1 
3 
129 
14 
1 
17 
8 
272 
780 
1 
3 
7 
12 
1 
1 
8 
2 
10 
4 
12 
14 
76 
10 
168 
395 
19 
80 
30 
4 
1 
3 
5 
5 
1 
1 
287 
1 
9 
7 
4 
1 
46 
8 
26 
484 
1 
45 
3 
57 
1 
120 
46 
1 
85 
2 
2 
1 
3 
88 
1 
4 
42 
1 
3 
30 
25 
6 
6 
7 
10 
1 
1 
5 
2 
1 
4 
21 
156 
1 
1 
12 
1 
1 
6 
127 
2 
8 
181 
5 
57 
78 
1 
22 
1 
2 
1 
1 
6 
2 
2 
2 
19 
1 
1 
14 
2 
1 
5 
4 
15 
4 
2 
1 
3 
1 
9 
18 
1 
3 
2 
1 
1 
1 
1 
2 
1 
3 
2 
13 
1 
249 
3 
1 
13 
503 
92 
14 
5 
1 
1 
2 
30 
2 
9 
1 
1 
15 
3 
1 
6 
22 
7 
53 
1 
15 
1 
1 
15 
1 
2 
103 
1 
21 
1 
89 
4 
17 
1 
2 
134 
812 
5 
9 
1 
762 
1 
14 
1 
9 
4 
1 
4 
10 
5 
16 
2 
1 
9 
14 
3 
33 
523 
1 
14 
3 
1 
907 
79 
57 
3 
1 
48 
1 
8 
1 
1 
2 
1 
148 
24 
6 
12 
2 
1 
63 
1 
1 
3 
266 
1 
5 
3 
1 
1 
79 
2 
1 
52 
4 
3 
1 
1 
1 
14 
23 
21 
25 
1 
19 
157 
1 
151 
43 
1 
52 
1 
10 
2 
1 
1 
84 
11 
10 
3 
2 
34 
1 
4 
1 
1 
16 
1 
44 
14 
7 
147 
4 
59 
1 
372 
10 
9 
2 
224 
33 
3 
1 
10 
2 
1 
2 
34 
1 
1 
1 
5 
2 
2 
1 
25 
46 
3 
4 
60 
1 
84 
796 
5 
46 
129 
4 
48 
2 
5 
2 
1 
3 
1 
2 
51 
243 
26 
5 
50 
7 
1 
91 
3 
9 
20 
5 
5 
51 
2 
9 
885 
15 
12 
44 
30 
327 
3 
7 
66 
1 
2 
2 
3 
13 
5 
2 
207 
4 
2 
283 
12 
11 
3 
2 
1 
1 
2 
4 
135 
51 
1 
2 
312 
35 
2 
5 
3 
1 
6 
175 
193 
19 
3 
5 
2 
2 
2 
1 
2 
8 
157 
147 
1 
154 
2 
21 
2 
1 
1 
1 
3 
1 
110 
2 
38 
1 
1 
1 
17 
2 
2 
2 
8 
1 
1 
27 
67 
5 
159 
1 
11 
1 
2 
8 
9 
51 
3 
1 
27 
1 
16 
1 
7 
2 
453 
24 
1 
2 
2 
585 
9 
10 
37 
1 
433 
5 
1 
1 
1 
1 
1 
628 
1 
2 
7 
1 
5 
2 
3 
1 
1 
9 
50 
379 
35 
3 
1 
15 
54 
38 
1 
2 
3 
1 
675 
2 
2 
29 
2 
37 
51 
6 
4 
1 
7 
14 
1 
54 
4 
38 
5 
44 
983 
9 
1 
3 
2 
13 
5 
1 
25 
4 
1 
9 
3 
1 
11 
322 
2 
1 
2 
1 
37 
1 
1 
1 
4 
1 
1 
5 
5 
11 
79 
5 
1 
18 
11 
3 
555 
5 
1 
19 
41 
3 
1 
27 
2 
3 
5 
1 
20 
1 
17 
4 
639 
2 
1 
1 
1 
101 
4 
6 
17 
9 
1 
1 
1 
1 
208 
2 
11 
1 
1 
1 
1 
450 
4 
22 
11 
1 
2 
7 
81 
1 
2 
619 
8 
113 
3 
2 
2 
9 
1 
133 
26 
23 
1 
5 
60 
1 
3 
5 
2 
55 
46 
1 
1 
36 
44 
2 
2 
1 
1 
1 
761 
76 
522 
137 
1 
1 
2 
25 
2 
2 
5 
27 
1 
1 
2 
5 
2 
20 
18 
16 
4 
37 
2 
1 
2 
32 
1 
1 
128 
15 
4 
150 
1 
5 
1 
6 
11 
4 
3 
1 
29 
1 
3 
32 
704 
1 
4 
1 
94 
1 
1 
1 
962 
1 
2 
6 
27 
60 
2 
1 
1 
55 
16 
1 
2 
3 
30 
2 
7 
2 
29 
6 
5 
3 
5 
1 
424 
26 
2 
32 
4 
81 
1 
10 
1 
13 
40 
3 
81 
74 
875 
25 
1 
852 
1 
3 
1 
2 
1 
180 
96 
4 
395 
2 
49 
5 
25 
1 
2 
12 
5 
3 
66 
10 
2 
2 
6 
48 
1 
1 
41 
1 
178 
2 
223 
8 
1 
1 
1 
7 
4 
303 
2 
1 
1 
324 
129 
288 
452 
1 
42 
9 
1 
2 
89 
5 
101 
5 
13 
1 
4 
2 
14 
1 
25 
2 
1 
76 
480 
5 
7 
1 
3 
37 
64 
27 
4 
25 
50 
1 
2 
44 
3 
79 
23 
1 
131 
44 
13 
24 
7 
6 
6 
291 
43 
1 
43 
27 
3 
7 
554 
1 
5 
793 
39 
4 
1 
6 
1 
1 
49 
2 
5 
5 
2 
1 
92 
1 
1 
5 
19 
15 
31 
2 
2 
7 
246 
1 
27 
3 
77 
516 
2 
1 
573 
27 
2 
38 
196 
11 
1 
9 
1 
5 
255 
7 
767 
1 
3 
113 
23 
5 
101 
104 
44 
1 
163 
1 
116 
312 
18 
1 
5 
3 
889 
65 
17 
23 
1 
1 
8 
1 
1 
2 
2 
11 
23 
1 
89 
15 
25 
83 
2 
3 
1 
2 
1 
89 
14 
508 
52 
37 
5 
14 
22 
46 
6 
1 
1 
1 
17 
4 
54 
7 
10 
208 
2 
7 
1 
1 
12 
1 
1 
10 
1 
2 
543 
1 
2 
74 
41 
1 
1 
1 
680 
4 
38 
1 
11 
1 
32 
5 
21 
14 
317 
1 
25 
1 
1 
8 
173 
1 
22 
3 
3 
3 
1 
3 
1 
1 
1 
1 
1 
113 
2 
28 
1 
2 
99 
1 
6 
14 
8 
2 
104 
3 
1 
246 
221 
1 
1 
1 
42 
1 
880 
3 
2 
77 
3 
141 
203 
60 
985 
23 
43 
2 
3 
1 
3 
17 
37 
4 
16 
2 
6 
147 
14 
1 
82 
1 
56 
3 
7 
2 
8 
1 
1 
110 
1 
10 
9 
12 
555 
2 
566 
7 
2 
2 
3 
6 
5 
84 
7 
108 
9 
1 
4 
1 
16 
1 
30 
10 
1 
19 
13 
6 
13 
3 
60 
1 
2 
21 
46 
2 
3 
550 
3 
7 
1 
33 
1 
47 
115 
1 
11 
8 
332 
1 
1 
11 
47 
1 
2 
1 
2 
4 
7 
3 
2 
23 
3 
67 
35 
1 
3 
6 
174 
851 
475 
139 
1 
1 
5 
2 
3 
1 
8 
65 
6 
23 
6 
1 
13 
66 
33 
3 
1 
3 
45 
238 
8 
4 
7 
14 
3 
1 
4 
1 
4 
18 
1 
14 
37 
2 
14 
1 
2 
4 
132 
1 
7 
1 
35 
768 
1 
10 
2 
2 
5 
2 
1 
57 
1 
1 
1 
17 
3 
1 
8 
1 
1 
1 
354 
36 
2 
17 
1 
1 
5 
20 
2 
48 
6 
13 
1 
119 
1 
4 
1 
2 
32 
5 
1 
1 
51 
1 
185 
4 
1 
9 
1 
1 
1 
2 
3 
24 
71 
24 
113 
3 
1 
18 
2 
1 
100 
5 
416 
39 
1 
2 
5 
117 
4 
97 
106 
2 
1 
14 
2 
1 
15 
2 
5 
12 
250 
72 
1 
9 
4 
6 
3 
22 
6 
4 
129 
168 
1 
1 
31 
26 
13 
1 
34 
1 
4 
1 
8 
1 
9 
1 
2 
3 
1 
7 
176 
11 
1 
3 
1 
1 
3 
1 
1 
1 
3 
1 
4 
1 
38 
4 
4 
6 
1 
173 
203 
1 
3 
7 
1 
210 
55 
10 
3 
6 
105 
7 
1 
1 
1 
1 
1 
1 
5 
576 
1 
112 
2 
1 
9 
19 
1 
1 
2 
59 
7 
7 
1 
4 
2 
1 
214 
1 
14 
3 
1 
3 
18 
3 
6 
9 
1 
2 
18 
399 
2 
40 
1 
2 
7 
835 
38 
1 
1 
2 
71 
45 
19 
4 
20 
11 
11 
2 
133 
78 
1 
6 
250 
2 
13 
2 
1 
1 
4 
1 
26 
1 
3 
3 
13 
8 
1 
11 
7 
947 
12 
21 
1 
1 
14 
7 
1 
2 
5 
1 
54 
41 
3 
46 
21 
34 
52 
4 
456 
342 
1 
1 
1 
2 
2 
11 
43 
304 
3 
1 
1 
2 
2 
5 
2 
14 
374 
4 
2 
1 
114 
1 
1 
35 
3 
132 
81 
150 
17 
1 
2 
19 
127 
1 
292 
1 
2 
82 
45 
26 
169 
14 
1 
9 
1 
2 
2 
4 
7 
1 
1 
3 
71 
2 
21 
2 
2 
87 
149 
6 
7 
1 
2 
1 
2 
29 
35 
34 
1 
5 
5 
16 
22 
6 
437 
30 
11 
15 
195 
2 
3 
1 
8 
18 
5 
25 
2 
1 
9 
284 
1 
3 
11 
6 
3 
5 
379 
1 
1 
1 
227 
7 
1 
5 
1 
27 
312 
1 
3 
39 
1 
42 
8 
2 
1 
49 
1 
809 
100 
17 
11 
3 
1 
1 
1 
956 
5 
5 
6 
2 
1 
6 
29 
8 
3 
850 
5 
4 
120 
1 
1 
192 
1 
6 
14 
5 
73 
1 
4 
2 
3 
13 
14 
476 
1 
4 
1 
6 
43 
609 
1 
42 
1 
3 
3 
33 
90 
369 
1 
10 
2 
136 
1 
2 
3 
43 
20 
3 
674 
103 
2 
1 
64 
1 
1 
2 
24 
3 
2 
2 
74 
2 
42 
174 
1 
23 
2 
4 
1 
24 
2 
293 
1 
1 
175 
15 
13 
2 
370 
7 
62 
2 
55 
33 
4 
5 
37 
10 
1 
191 
1 
3 
10 
1 
2 
2 
8 
4 
1 
14 
3 
118 
133 
34 
4 
4 
2 
32 
2 
53 
698 
66 
8 
945 
1 
19 
254 
15 
105 
2 
1 
1 
5 
11 
15 
4 
46 
129 
1 
23 
937 
3 
52 
1 
647 
1 
1 
26 
10 
11 
3 
30 
3 
1 
2 
30 
7 
733 
2 
