1 
32 
4 
2 
2 
1 
7 
3 
3 
1 
2 
1 
6 
3 
13 
2 
2 
1 
2 
139 
33 
5 
1 
1 
34 
2 
1 
1 
26 
24 
12 
7 
7 
7 
1 
5 
39 
5 
49 
1 
2 
14 
1 
4 
1 
1 
33 
2 
25 
1 
11 
8 
1 
35 
1 
1 
23 
4 
11 
35 
7 
1 
1 
2 
23 
94 
11 
1 
1 
1 
1 
2 
52 
19 
2 
3 
1 
9 
7 
17 
5 
14 
1 
6 
1 
23 
1 
1 
718 
2 
1 
1 
91 
1 
1 
33 
15 
17 
16 
24 
3 
4 
1 
3 
1 
1 
1 
2 
3 
433 
2 
3 
15 
3 
13 
18 
1 
430 
1 
27 
1 
33 
1 
20 
2 
144 
1 
2 
3 
2 
2 
1 
1 
3 
2 
2 
849 
1 
1 
31 
1 
2 
18 
1 
15 
11 
549 
83 
3 
31 
3 
2 
15 
20 
3 
23 
16 
1 
9 
1 
3 
7 
2 
34 
2 
5 
338 
610 
1 
12 
30 
2 
1 
1 
796 
1 
4 
63 
278 
2 
65 
1 
1 
1 
1 
1 
3 
11 
3 
1 
5 
1 
2 
2 
4 
3 
1 
39 
1 
4 
6 
28 
25 
2 
98 
1 
3 
1 
2 
20 
1 
1 
1 
1 
1 
1 
1 
63 
2 
1 
2 
2 
3 
89 
601 
33 
2 
4 
19 
29 
1 
2 
5 
186 
1 
36 
1 
1 
2 
1 
2 
1 
4 
1 
1 
256 
595 
1 
27 
6 
1 
1 
27 
1 
3 
35 
4 
3 
48 
10 
112 
5 
1 
1 
9 
24 
765 
643 
1 
2 
1 
1 
2 
15 
8 
402 
50 
373 
92 
193 
10 
1 
8 
15 
2 
3 
85 
4 
2 
3 
5 
1 
28 
5 
1 
2 
1 
58 
12 
1 
13 
4 
2 
45 
19 
2 
1 
2 
20 
6 
8 
2 
14 
1 
5 
32 
1 
1 
19 
1 
2 
20 
2 
2 
66 
2 
2 
1 
1 
1 
5 
1 
3 
1 
7 
2 
85 
1 
1 
4 
2 
2 
1 
1 
1 
1 
2 
1 
3 
2 
1 
1 
6 
3 
23 
1 
2 
23 
4 
1 
5 
1 
31 
1 
6 
35 
11 
4 
2 
24 
10 
2 
2 
1 
1 
69 
84 
1 
1 
3 
54 
12 
90 
4 
2 
1 
152 
1 
1 
6 
261 
2 
1 
1 
1 
1 
140 
5 
2 
1 
2 
16 
1 
125 
4 
110 
2 
1 
5 
2 
1 
2 
1 
41 
1 
16 
624 
1 
1 
1 
9 
8 
2 
1 
1 
1 
1 
7 
12 
1 
3 
6 
21 
24 
5 
1 
574 
2 
1 
38 
1 
2 
3 
3 
3 
10 
6 
6 
99 
5 
3 
15 
12 
2 
871 
11 
6 
6 
3 
155 
2 
4 
2 
6 
11 
1 
8 
1 
6 
134 
5 
7 
1 
2 
2 
1 
1 
5 
1 
9 
11 
6 
2 
1 
101 
16 
1 
3 
1 
15 
972 
3 
2 
4 
5 
3 
1 
1 
50 
1 
6 
1 
1 
1 
1 
1 
2 
1 
7 
1 
13 
1 
17 
9 
20 
1 
1 
1 
203 
13 
1 
1 
22 
93 
1 
8 
4 
5 
1 
2 
49 
2 
1 
1 
3 
4 
533 
11 
2 
1 
1 
3 
17 
1 
135 
4 
643 
1 
1 
5 
10 
20 
2 
1 
3 
1 
4 
2 
5 
2 
1 
74 
5 
1 
3 
1 
1 
2 
2 
1 
2 
261 
8 
2 
1 
2 
1 
1 
52 
1 
11 
1 
205 
5 
3 
50 
1 
1 
2 
3 
64 
43 
1 
1 
4 
8 
1 
5 
1 
33 
6 
4 
1 
12 
43 
1 
1 
1 
42 
1 
20 
62 
112 
7 
262 
1 
22 
1 
1 
4 
1 
8 
1 
3 
1 
2 
4 
1 
3 
5 
1 
3 
1 
6 
26 
3 
81 
1 
2 
1 
296 
209 
4 
1 
7 
2 
4 
1 
1 
1 
3 
1 
4 
23 
3 
2 
1 
1 
41 
845 
1 
2 
1 
17 
1 
8 
2 
32 
119 
328 
67 
1 
1 
1 
2 
2 
8 
7 
699 
1 
1 
229 
1 
1 
1 
6 
45 
2 
1 
1 
47 
1 
7 
1 
27 
2 
17 
1 
2 
8 
4 
2 
128 
1 
1 
1 
1 
1 
1 
2 
11 
1 
3 
3 
2 
3 
2 
11 
2 
4 
1 
22 
1 
23 
1 
14 
9 
24 
10 
176 
3 
48 
3 
105 
34 
2 
1 
1 
18 
2 
262 
56 
4 
3 
2 
1 
1 
5 
3 
1 
1 
1 
38 
1 
78 
1 
1 
10 
28 
30 
1 
3 
11 
2 
1 
26 
1 
5 
12 
6 
17 
1 
19 
30 
5 
6 
1 
57 
1 
1 
1 
1 
22 
1 
4 
1 
2 
146 
16 
1 
1 
32 
2 
4 
48 
5 
17 
2 
1 
2 
1 
1 
1 
53 
1 
1 
2 
2 
2 
1 
53 
1 
3 
1 
11 
7 
2 
1 
1 
1 
158 
1 
1 
1 
1 
30 
2 
2 
50 
2 
1 
16 
64 
4 
1 
23 
4 
1 
2 
6 
9 
1 
1 
8 
102 
1 
3 
7 
21 
3 
10 
1 
1 
1 
1 
1 
465 
16 
1 
807 
2 
1 
1 
1 
3 
1 
5 
10 
1 
3 
7 
16 
23 
13 
13 
1 
1 
1 
1 
1 
2 
2 
1 
1 
2 
139 
16 
6 
61 
3 
1 
1 
1 
10 
178 
1 
1 
1 
1 
1 
2 
8 
10 
1 
1 
1 
255 
2 
1 
2 
1 
63 
2 
1 
26 
9 
1 
7 
12 
57 
8 
2 
1 
1 
4 
1 
1 
1 
37 
1 
25 
3 
1 
1 
18 
1 
3 
1 
9 
1 
29 
115 
6 
94 
13 
1 
3 
1 
1 
1 
1 
3 
19 
1 
8 
9 
1 
2 
3 
1 
29 
2 
1 
7 
1 
1 
13 
1 
72 
11 
4 
1 
76 
1 
1 
10 
8 
1 
1 
1 
65 
3 
1 
3 
1 
1 
36 
48 
1 
6 
26 
10 
3 
7 
2 
3 
2 
1 
1 
2 
1 
2 
15 
2 
2 
13 
1 
9 
2 
11 
12 
2 
3 
1 
2 
5 
1 
2 
21 
2 
1 
2 
101 
340 
1 
1 
1 
31 
2 
89 
1 
3 
1 
4 
65 
1 
2 
7 
25 
336 
3 
1 
6 
33 
12 
24 
1 
2 
2 
8 
17 
2 
1 
1 
1 
216 
9 
2 
441 
1 
100 
22 
4 
1 
1 
1 
2 
7 
6 
2 
58 
2 
3 
6 
2 
11 
1 
1 
24 
54 
1 
3 
6 
1 
93 
1 
1 
1 
95 
1 
1 
2 
1 
2 
7 
2 
1 
18 
1 
19 
8 
1 
59 
197 
9 
2 
3 
1 
490 
3 
10 
1 
199 
26 
651 
1 
2 
1 
3 
11 
13 
1 
5 
794 
215 
1 
91 
972 
9 
6 
1 
619 
10 
16 
5 
1 
16 
1 
3 
5 
3 
1 
32 
2 
1 
6 
1 
21 
857 
3 
1 
6 
1 
24 
22 
1 
1 
121 
1 
1 
46 
25 
79 
2 
924 
1 
130 
60 
158 
44 
15 
2 
1 
46 
3 
4 
280 
2 
3 
15 
1 
44 
7 
15 
31 
3 
745 
2 
3 
1 
15 
4 
1 
243 
1 
8 
1 
1 
6 
33 
5 
403 
1 
1 
4 
2 
1 
13 
22 
2 
19 
2 
3 
6 
1 
2 
8 
1 
1 
1 
1 
1 
1 
1 
12 
1 
1 
1 
1 
1 
1 
3 
6 
12 
1 
1 
6 
2 
25 
83 
722 
33 
1 
8 
1 
119 
1 
5 
16 
2 
1 
1 
2 
1 
17 
17 
5 
4 
2 
1 
14 
1 
635 
10 
2 
4 
10 
5 
1 
4 
1 
1 
1 
5 
21 
98 
2 
6 
80 
11 
2 
2 
1 
9 
2 
35 
1 
10 
679 
1 
1 
41 
1 
1 
18 
35 
5 
62 
2 
2 
1 
129 
4 
2 
36 
18 
2 
10 
1 
2 
1000 
587 
2 
68 
1 
18 
2 
5 
3 
26 
1 
1 
3 
3 
38 
1 
15 
1 
3 
1 
2 
1 
8 
3 
340 
27 
1 
6 
1 
2 
1 
6 
1 
16 
97 
5 
182 
5 
5 
4 
8 
22 
1 
2 
4 
134 
236 
1 
1 
1 
1 
1 
1 
37 
4 
4 
5 
67 
1 
2 
6 
33 
7 
4 
62 
8 
17 
17 
6 
28 
1 
36 
1 
1 
251 
8 
12 
35 
7 
1 
1 
5 
2 
1 
186 
298 
5 
2 
126 
53 
240 
1 
3 
198 
2 
1 
1 
17 
2 
6 
2 
2 
1 
4 
2 
2 
6 
64 
1 
1 
3 
3 
16 
2 
2 
1 
3 
3 
3 
1 
1 
1 
1 
1 
1 
2 
1 
38 
2 
1 
1 
3 
1 
38 
3 
2 
1 
2 
2 
2 
18 
7 
2 
25 
2 
1 
1 
8 
5 
4 
6 
2 
1 
1 
5 
3 
1 
1 
2 
2 
23 
3 
1 
13 
105 
99 
8 
2 
2 
1 
6 
191 
9 
1 
5 
5 
8 
1 
4 
1 
4 
2 
2 
1 
253 
11 
2 
2 
86 
20 
274 
7 
1 
252 
1 
3 
1 
441 
2 
3 
8 
1 
5 
50 
1 
3 
1 
1 
4 
1 
5 
2 
2 
2 
61 
1 
20 
6 
4 
2 
765 
1 
2 
4 
1 
2 
225 
8 
2 
108 
2 
22 
5 
6 
180 
6 
1 
397 
7 
1 
1 
2 
57 
11 
1 
507 
3 
2 
4 
1 
1 
1 
4 
1 
22 
7 
5 
6 
15 
7 
7 
10 
1 
2 
1 
1 
4 
9 
1 
2 
4 
8 
1 
51 
20 
97 
11 
2 
1 
112 
17 
866 
5 
3 
1 
7 
15 
2 
2 
245 
13 
13 
33 
5 
2 
6 
156 
8 
1 
8 
1 
1 
1 
9 
1 
2 
3 
2 
1 
3 
1 
4 
4 
2 
1 
5 
2 
9 
2 
29 
750 
1 
9 
46 
21 
1 
6 
2 
66 
6 
1 
6 
13 
12 
1 
1 
1 
2 
72 
3 
6 
1 
19 
2 
12 
3 
10 
27 
1 
18 
1 
1 
239 
2 
2 
101 
14 
14 
6 
1 
250 
1 
10 
8 
21 
1 
2 
1 
4 
1 
2 
79 
40 
1 
1 
166 
90 
3 
71 
1 
1 
13 
1 
1 
11 
1 
1 
900 
1 
1 
1 
2 
2 
1 
9 
1 
679 
2 
3 
1 
3 
3 
411 
9 
1 
1 
23 
114 
1 
16 
1 
25 
2 
253 
332 
5 
1 
1 
10 
5 
6 
26 
1 
4 
3 
73 
65 
6 
1 
1 
8 
18 
1 
7 
1 
1 
1 
4 
1 
39 
22 
1 
126 
15 
1 
1 
1 
1 
1 
2 
7 
1 
3 
1 
7 
2 
108 
24 
2 
3 
52 
5 
18 
19 
14 
4 
1 
53 
1 
8 
7 
2 
10 
1 
1 
6 
4 
1 
6 
3 
1 
1 
1 
47 
3 
2 
2 
1 
13 
94 
240 
1 
1 
28 
381 
1 
149 
4 
1 
1 
1 
5 
12 
107 
3 
3 
3 
4 
4 
6 
107 
1 
4 
8 
2 
5 
39 
1 
8 
4 
21 
18 
40 
2 
41 
83 
1 
2 
5 
23 
108 
3 
8 
1 
58 
1 
188 
16 
46 
1 
1 
1 
1 
1 
2 
5 
4 
1 
1 
1 
5 
2 
3 
1 
1 
3 
399 
33 
265 
6 
3 
1 
2 
38 
2 
3 
4 
3 
2 
30 
2 
1 
2 
23 
1 
2 
2 
26 
2 
1 
14 
26 
4 
3 
5 
1 
1 
3 
5 
1 
37 
2 
7 
1 
1 
32 
1 
1 
943 
2 
1 
2 
11 
1 
1 
13 
6 
1 
55 
19 
3 
9 
9 
10 
47 
2 
3 
1 
1 
17 
3 
2 
284 
1 
2 
2 
5 
34 
1 
5 
15 
1 
8 
8 
4 
4 
12 
12 
1 
208 
1 
72 
2 
34 
4 
1 
17 
4 
14 
2 
90 
1 
5 
1 
348 
1 
1 
3 
5 
1 
2 
4 
4 
27 
9 
366 
1 
1 
1 
2 
3 
1 
1 
9 
1 
1 
1 
5 
210 
240 
2 
1 
503 
1 
221 
1 
1 
1 
154 
3 
5 
90 
38 
18 
1 
1 
262 
4 
10 
15 
36 
1 
1 
95 
13 
6 
1 
2 
1 
1 
5 
1 
1 
1 
1 
60 
149 
1 
28 
1 
4 
1 
1 
6 
6 
1 
1 
1 
2 
29 
1 
2 
11 
5 
1 
11 
3 
1 
9 
3 
9 
2 
3 
1 
2 
3 
1 
7 
1 
8 
154 
1 
1 
27 
2 
1 
1 
111 
1 
6 
1 
1 
1 
11 
25 
2 
2 
4 
5 
1 
35 
9 
1 
67 
1 
1 
7 
49 
1 
2 
26 
4 
32 
1 
5 
21 
63 
42 
1 
3 
1 
1 
1 
2 
1 
13 
2 
2 
6 
2 
1 
3 
109 
11 
28 
158 
140 
537 
3 
1 
6 
39 
1 
2 
5 
194 
1 
1 
3 
1 
7 
16 
2 
2 
1 
3 
1 
2 
1 
1 
5 
24 
4 
2 
1 
2 
345 
2 
285 
6 
2 
1 
1 
1 
1 
1 
2 
1 
1 
55 
11 
1 
2 
6 
1 
3 
5 
1 
1 
1 
4 
1 
1 
5 
4 
1 
4 
9 
1 
26 
27 
2 
1 
10 
1 
1 
1 
1 
43 
1 
1 
1 
2 
3 
2 
5 
3 
2 
194 
16 
1 
4 
1 
2 
31 
1 
1 
8 
2 
1 
1 
2 
1 
5 
8 
4 
1 
3 
121 
89 
179 
111 
4 
9 
1 
5 
1 
2 
1 
639 
2 
93 
1 
1 
41 
3 
2 
1 
1 
1 
1 
1 
1 
1 
1 
3 
2 
28 
7 
11 
1 
1 
3 
5 
16 
4 
1 
12 
2 
1 
17 
8 
725 
2 
1 
1 
1 
4 
1 
12 
4 
1 
1 
3 
5 
736 
2 
1 
1 
3 
32 
2 
3 
1 
1 
1 
4 
2 
2 
13 
11 
2 
2 
2 
13 
2 
5 
1 
8 
2 
5 
2 
11 
32 
1 
3 
5 
2 
39 
2 
870 
1 
105 
1 
92 
233 
2 
2 
2 
9 
37 
558 
1 
1 
1 
1 
1 
136 
1 
78 
24 
1 
5 
1 
2 
14 
33 
51 
6 
509 
1 
1 
3 
93 
49 
1 
1 
2 
117 
15 
2 
2 
2 
11 
1 
8 
4 
51 
1 
74 
2 
5 
6 
437 
115 
5 
1 
1 
47 
2 
20 
2 
2 
22 
640 
31 
18 
1 
11 
2 
9 
1 
584 
1 
1 
2 
3 
1 
3 
1 
10 
2 
4 
10 
18 
30 
1 
26 
3 
9 
17 
6 
2 
10 
11 
7 
1 
1 
31 
105 
18 
1 
25 
1 
8 
1 
510 
4 
1 
1 
10 
3 
8 
6 
1 
1 
1 
1 
17 
18 
4 
1 
3 
17 
5 
1 
41 
1 
1 
1 
9 
24 
1 
7 
5 
8 
1 
1 
2 
1 
1 
4 
55 
1 
257 
14 
492 
1 
1 
2 
1 
3 
4 
2 
3 
1 
1 
21 
1 
1 
1 
1 
1 
60 
8 
1 
195 
32 
320 
16 
2 
1 
21 
1 
1 
26 
1 
1 
1 
58 
3 
1 
3 
12 
1 
5 
1 
16 
11 
8 
58 
1 
1 
114 
10 
1 
29 
500 
6 
1 
1 
3 
11 
76 
4 
8 
83 
170 
13 
1 
24 
2 
1 
3 
2 
20 
1 
537 
1 
8 
1 
5 
1 
2 
13 
3 
20 
3 
1 
4 
1 
13 
1 
1 
5 
1 
3 
1 
16 
1 
5 
42 
1 
40 
923 
6 
2 
7 
24 
6 
1 
3 
1 
1 
1 
1 
1 
2 
1 
1 
1 
1 
1 
1 
1 
1 
6 
3 
49 
5 
1 
2 
2 
1 
5 
517 
3 
2 
34 
52 
1 
2 
1 
2 
1 
2 
5 
2 
2 
1 
847 
38 
1 
1 
4 
2 
2 
9 
7 
69 
8 
11 
57 
19 
7 
2 
30 
1 
16 
609 
32 
1 
3 
5 
207 
2 
26 
2 
2 
1 
4 
1 
7 
11 
4 
29 
1 
1 
22 
1 
2 
1 
8 
669 
16 
2 
1 
196 
10 
46 
5 
1 
52 
94 
170 
4 
1 
1 
520 
6 
4 
249 
1 
13 
7 
1 
8 
39 
49 
7 
1 
115 
2 
1 
70 
1 
16 
1 
1 
1 
1 
2 
1 
1 
1 
9 
4 
1 
2 
6 
5 
1 
1 
1 
17 
4 
131 
1 
4 
1 
1 
1 
3 
28 
1 
272 
44 
81 
100 
1 
48 
18 
1 
1 
7 
4 
2 
2 
2 
1 
1 
9 
3 
1 
1 
1 
2 
5 
2 
20 
20 
8 
8 
2 
11 
8 
5 
19 
6 
474 
107 
2 
1 
1 
1 
1 
1 
7 
33 
2 
66 
2 
35 
2 
10 
11 
1 
1 
1 
39 
4 
112 
1 
12 
1 
2 
181 
1 
4 
48 
4 
1 
117 
179 
1 
1 
3 
1 
4 
18 
77 
1 
2 
1 
4 
1 
2 
40 
1 
3 
2 
2 
25 
497 
1 
5 
1 
1 
237 
2 
3 
5 
14 
1 
1 
4 
8 
2 
1 
2 
7 
1 
1 
694 
4 
3 
27 
4 
2 
34 
21 
19 
457 
3 
2 
3 
4 
4 
2 
1 
1 
2 
1 
225 
1 
18 
2 
4 
70 
434 
2 
9 
1 
1 
5 
3 
2 
1 
1 
1 
105 
1 
2 
1 
1 
1 
1 
1 
16 
8 
137 
5 
1 
1 
3 
146 
140 
18 
5 
6 
74 
4 
1 
5 
1 
1 
196 
2 
750 
621 
1 
1 
1 
1 
3 
1 
1 
1 
1 
21 
4 
1 
6 
1 
1 
13 
4 
7 
1 
7 
7 
7 
2 
20 
4 
64 
93 
1 
116 
73 
8 
2 
16 
1 
3 
2 
2 
38 
2 
5 
6 
95 
1 
116 
404 
1 
3 
2 
5 
6 
5 
1 
1 
1 
1 
9 
48 
231 
2 
2 
3 
14 
1 
202 
1 
11 
2 
1 
1 
1 
7 
28 
29 
9 
1 
2 
1 
1 
2 
3 
3 
66 
2 
1 
2 
1 
1 
1 
1 
8 
16 
2 
76 
19 
61 
28 
1 
21 
24 
11 
3 
5 
1 
2 
11 
135 
2 
26 
8 
22 
4 
2 
214 
1 
24 
1 
3 
1 
1 
9 
25 
1 
240 
26 
3 
8 
2 
2 
1 
1 
41 
3 
1 
2 
5 
7 
4 
1 
2 
1 
1 
1 
18 
6 
1 
3 
1 
185 
4 
29 
4 
43 
109 
13 
4 
2 
4 
6 
3 
1 
3 
1 
10 
8 
573 
3 
3 
1 
333 
2 
223 
13 
3 
1 
2 
284 
1 
1 
663 
1 
2 
4 
15 
1 
1 
1 
1 
1 
6 
1 
28 
2 
1 
11 
2 
9 
218 
150 
4 
1 
16 
1 
1 
8 
1 
1 
29 
4 
30 
1 
1 
1 
8 
1 
1 
12 
9 
5 
88 
62 
2 
141 
1 
36 
24 
1 
17 
8 
2 
1 
17 
17 
4 
1 
42 
115 
2 
1 
1 
4 
1 
3 
3 
1 
185 
12 
143 
1 
1 
19 
2 
552 
5 
1 
37 
1 
8 
2 
3 
1 
1 
1 
3 
1 
117 
1 
5 
1 
617 
78 
1 
103 
1 
1 
15 
1 
3 
84 
1 
1 
6 
1 
14 
1 
2 
1 
1 
2 
13 
2 
1 
2 
6 
2 
10 
4 
28 
14 
1 
2 
2 
1 
1 
7 
26 
2 
3 
8 
3 
1 
1 
3 
7 
2 
51 
2 
1 
190 
2 
9 
1 
1 
5 
12 
1 
19 
2 
28 
3 
7 
81 
185 
4 
46 
1 
2 
2 
1 
1 
1 
40 
1 
2 
183 
1 
16 
1 
2 
212 
5 
2 
19 
4 
1 
4 
56 
6 
1 
1 
4 
4 
1 
134 
1 
1 
36 
1 
1 
59 
13 
3 
2 
20 
2 
5 
1 
1 
1 
2 
20 
2 
2 
5 
229 
18 
26 
3 
4 
2 
4 
15 
1 
1 
3 
28 
1 
72 
1 
4 
13 
4 
13 
1 
7 
220 
13 
1 
7 
329 
9 
1 
5 
20 
3 
3 
905 
1 
392 
1 
2 
17 
7 
6 
291 
1 
1 
4 
1 
2 
78 
1 
10 
1 
30 
4 
1 
1 
2 
1 
2 
11 
1 
1 
1 
8 
1 
1 
2 
32 
3 
1 
4 
14 
2 
51 
6 
64 
1 
1 
30 
711 
2 
2 
1 
286 
160 
7 
34 
5 
7 
2 
2 
3 
41 
9 
1 
4 
13 
1 
1 
9 
263 
1 
26 
1 
7 
1 
1 
20 
2 
77 
92 
1 
2 
1 
14 
8 
13 
15 
15 
1 
2 
246 
1 
1 
1 
1 
9 
1 
9 
19 
4 
1 
3 
1 
2 
1 
4 
5 
116 
1 
5 
5 
1 
1 
4 
25 
3 
25 
339 
98 
3 
293 
51 
1 
1 
4 
1 
2 
1 
71 
319 
21 
57 
14 
9 
16 
2 
14 
1 
42 
13 
2 
25 
154 
6 
13 
104 
1 
104 
1 
2 
1 
24 
1 
58 
1 
15 
5 
1 
1 
1 
1 
1 
3 
16 
172 
1 
8 
1 
2 
7 
18 
658 
24 
53 
6 
1 
38 
1 
4 
247 
15 
2 
886 
1 
44 
1 
1 
72 
1 
2 
1 
17 
1 
99 
10 
2 
277 
1 
9 
339 
1 
1 
1 
1 
5 
13 
2 
10 
1 
3 
2 
2 
20 
1 
1 
4 
4 
13 
2 
22 
3 
5 
354 
5 
1 
2 
2 
2 
2 
6 
7 
1 
1 
2 
10 
1 
10 
1 
1 
1 
11 
4 
1 
1 
86 
3 
9 
353 
1 
1 
25 
3 
1 
252 
1 
9 
1 
24 
1 
55 
68 
1 
4 
2 
5 
2 
58 
105 
1 
1 
1 
13 
21 
1 
3 
9 
2 
1 
2 
1 
1 
37 
1 
7 
6 
130 
6 
1 
29 
1 
6 
1 
2 
1 
23 
3 
1 
3 
13 
2 
4 
3 
7 
24 
175 
27 
3 
1 
14 
151 
8 
1 
10 
27 
1 
3 
2 
12 
1 
11 
1 
14 
1 
2 
1 
5 
1 
2 
2 
2 
1 
1 
10 
62 
77 
18 
8 
3 
3 
144 
6 
17 
15 
132 
7 
2 
4 
51 
1 
2 
4 
1 
12 
37 
21 
245 
1 
3 
112 
1 
1 
10 
24 
4 
196 
1 
2 
2 
92 
3 
1 
2 
1 
16 
2 
49 
1 
1 
1 
1 
1 
1 
2 
3 
1 
8 
1 
304 
5 
2 
1 
5 
3 
1 
13 
1 
4 
1 
2 
73 
13 
3 
1 
1 
4 
125 
1 
1 
1 
5 
1 
1 
1 
3 
1 
4 
1 
1 
1 
2 
1 
3 
61 
54 
1 
2 
4 
7 
1 
23 
4 
26 
18 
7 
1 
105 
74 
6 
25 
1 
2 
116 
2 
331 
14 
1 
1 
1 
26 
1 
1 
1 
3 
1 
19 
1 
1 
13 
2 
5 
2 
6 
961 
1 
49 
1 
7 
1 
2 
3 
31 
4 
1 
3 
26 
1 
2 
1 
340 
41 
1 
78 
40 
1 
13 
26 
1 
4 
1 
1 
1 
1 
420 
2 
39 
12 
2 
5 
3 
1 
1 
387 
1 
7 
2 
59 
4 
1 
1 
10 
70 
2 
12 
1 
3 
47 
46 
1 
8 
1 
1 
3 
5 
3 
2 
2 
509 
18 
1 
2 
2 
121 
1 
1 
6 
4 
2 
1 
1 
1 
16 
34 
6 
771 
2 
7 
13 
1 
19 
4 
206 
17 
2 
681 
1 
1 
2 
489 
33 
1 
24 
1 
3 
4 
1 
11 
1 
1 
31 
6 
20 
1 
1 
1 
3 
2 
2 
1 
12 
1 
1 
11 
28 
5 
16 
1 
1 
18 
191 
2 
1 
11 
2 
4 
1 
1 
3 
3 
139 
7 
70 
10 
6 
4 
48 
3 
3 
42 
1 
3 
1 
216 
1 
4 
52 
40 
8 
8 
1 
2 
9 
3 
8 
47 
3 
1 
1 
878 
53 
5 
1 
2 
1 
1 
1 
62 
9 
144 
2 
2 
647 
371 
9 
2 
23 
3 
13 
2 
77 
2 
2 
417 
49 
1 
2 
1 
1 
4 
1 
5 
1 
2 
1 
873 
4 
19 
9 
1 
1 
13 
8 
897 
21 
2 
6 
1 
1 
40 
4 
116 
5 
55 
6 
19 
3 
8 
4 
3 
4 
2 
4 
1 
4 
11 
1 
1 
1 
3 
3 
210 
2 
3 
1 
1 
5 
30 
14 
2 
2 
1 
1 
1 
22 
15 
1 
16 
1 
1 
4 
1 
1 
1 
5 
2 
1 
2 
14 
2 
2 
11 
5 
7 
9 
34 
31 
2 
12 
28 
11 
2 
57 
1 
1 
1 
1 
2 
1 
4 
2 
1 
1 
230 
104 
1 
837 
2 
1 
1 
1 
510 
3 
7 
2 
1 
1 
7 
1 
899 
4 
1 
1 
3 
49 
3 
56 
1 
1 
1 
4 
3 
9 
6 
4 
1 
3 
1 
32 
1 
11 
5 
1 
2 
1 
1 
1 
2 
1 
365 
234 
1 
1 
1 
1 
403 
1 
1 
1 
3 
1 
2 
1 
33 
1 
9 
1 
1 
20 
28 
4 
104 
3 
1 
6 
25 
1 
82 
1 
57 
3 
2 
4 
1 
397 
2 
10 
225 
1 
124 
10 
31 
1 
1 
1 
3 
2 
1 
158 
2 
26 
3 
2 
1 
1 
30 
9 
103 
2 
26 
2 
10 
2 
1 
5 
4 
1 
2 
1 
35 
5 
1 
2 
50 
6 
8 
1 
29 
2 
51 
2 
4 
4 
2 
19 
1 
1 
2 
8 
2 
2 
2 
3 
22 
5 
1 
1 
10 
1 
14 
1 
11 
16 
1 
1 
1 
1 
1 
13 
55 
1 
2 
1 
210 
33 
2 
1 
111 
39 
2 
1 
1 
1 
1 
7 
1 
2 
29 
3 
2 
3 
1 
268 
1 
2 
1 
6 
2 
11 
1 
1 
13 
9 
1 
3 
10 
1 
142 
6 
16 
2 
1 
1 
13 
178 
166 
2 
12 
173 
1 
1 
1 
1 
1 
4 
1 
12 
21 
10 
1 
1 
5 
7 
1 
1 
3 
1 
29 
1 
2 
20 
3 
1 
1 
107 
23 
7 
3 
2 
1 
1 
495 
394 
1 
83 
14 
11 
357 
94 
1 
7 
9 
2 
7 
1 
13 
5 
76 
1 
7 
1 
1 
1 
1 
1 
1 
330 
2 
1 
5 
1 
99 
1 
17 
10 
2 
1 
123 
197 
183 
14 
1 
1 
8 
1 
9 
140 
338 
2 
3 
12 
1 
1 
3 
1 
1 
32 
3 
362 
2 
1 
34 
6 
46 
1 
1 
415 
1 
19 
2 
1 
1 
1 
4 
1 
4 
11 
57 
5 
2 
3 
1 
6 
4 
10 
1 
1 
33 
1 
1 
1 
1 
5 
1 
65 
1 
29 
1 
11 
1 
42 
9 
1 
7 
4 
9 
1 
1 
1 
226 
321 
1 
5 
4 
5 
32 
1 
3 
1 
144 
2 
1 
3 
2 
1 
1 
17 
1 
1 
1 
6 
2 
2 
33 
1 
3 
13 
4 
25 
881 
85 
3 
1 
1 
1 
20 
4 
2 
1 
12 
1 
653 
16 
3 
2 
554 
1 
1 
1 
5 
43 
2 
7 
18 
7 
1 
58 
15 
5 
2 
1 
318 
213 
1 
2 
2 
1 
9 
3 
1 
1 
257 
1 
1 
3 
2 
1 
5 
3 
14 
1 
1 
7 
1 
9 
3 
5 
11 
2 
12 
1 
3 
1 
1 
1 
1 
12 
5 
6 
2 
3 
978 
87 
21 
632 
2 
4 
1 
1 
1 
1 
34 
12 
3 
5 
1 
1 
1 
35 
1 
1 
5 
112 
2 
1 
15 
1 
3 
14 
1 
1 
12 
577 
3 
1 
1 
1 
1 
1 
43 
10 
1 
1 
1 
1 
20 
413 
1 
6 
1 
5 
19 
86 
43 
117 
1 
2 
3 
1 
5 
375 
12 
3 
7 
3 
4 
1 
986 
85 
1 
23 
3 
1 
1 
2 
1 
4 
7 
1 
1 
1 
110 
1 
61 
532 
2 
3 
194 
12 
1 
1 
29 
26 
1 
2 
32 
4 
5 
1 
1 
82 
1 
146 
58 
5 
1 
42 
71 
3 
3 
6 
16 
154 
3 
2 
1 
1 
3 
26 
10 
8 
3 
163 
4 
250 
4 
17 
22 
1 
1 
355 
325 
2 
17 
1 
5 
8 
1 
6 
1 
1 
1 
1 
1 
42 
11 
93 
1 
3 
1 
2 
1 
48 
4 
1 
1 
4 
2 
1 
8 
1 
82 
3 
2 
1 
1 
9 
43 
13 
3 
4 
1 
13 
4 
1 
2 
161 
242 
1 
6 
11 
1 
2 
1 
10 
2 
1 
1 
1 
16 
1 
1 
109 
9 
8 
1 
21 
1 
261 
8 
1 
2 
1 
7 
102 
3 
2 
1 
1 
1 
8 
1 
4 
2 
1 
2 
30 
1 
2 
63 
3 
1 
1 
95 
2 
1 
2 
1 
2 
1 
2 
3 
1 
137 
1 
1 
1 
8 
1 
112 
5 
8 
5 
7 
2 
1 
586 
4 
110 
1 
2 
14 
1 
4 
1 
112 
1 
1 
1 
1 
1 
2 
63 
5 
1 
3 
1 
4 
1 
20 
267 
2 
1 
2 
4 
47 
2 
1 
5 
38 
3 
2 
10 
41 
1 
3 
32 
1 
1 
43 
7 
321 
7 
2 
96 
1 
345 
2 
5 
8 
4 
1 
1 
1 
1 
1 
3 
8 
1 
1 
1 
22 
2 
1 
3 
43 
1 
8 
1 
2 
1 
3 
69 
1 
28 
3 
1 
26 
2 
1 
74 
9 
1 
1 
5 
1 
44 
6 
1 
1 
4 
2 
27 
259 
489 
91 
657 
1 
7 
2 
19 
6 
4 
8 
1 
1 
1 
1 
1 
1 
1 
5 
1 
27 
6 
5 
4 
1 
2 
165 
1 
247 
6 
1 
34 
35 
4 
3 
33 
1 
1 
6 
3 
11 
1 
90 
1 
6 
1 
1 
1 
8 
1 
1 
1 
281 
18 
34 
30 
1 
26 
2 
2 
21 
119 
1 
1 
55 
1 
1 
148 
2 
3 
1 
1 
1 
2 
1 
683 
3 
15 
2 
1 
55 
3 
1 
1 
2 
1 
37 
51 
13 
2 
491 
1 
1 
2 
1 
6 
4 
9 
20 
2 
430 
1 
49 
8 
1 
3 
400 
9 
1 
1 
2 
26 
24 
13 
2 
20 
404 
1 
7 
61 
1 
1 
1 
1 
512 
8 
27 
8 
10 
1 
1 
1 
2 
12 
9 
23 
1 
1 
72 
13 
1 
2 
2 
1 
17 
2 
3 
2 
119 
1 
2 
3 
1 
1 
6 
6 
2 
18 
8 
610 
1 
4 
4 
259 
4 
1 
380 
1 
1 
2 
1 
1 
1 
21 
6 
1 
1 
2 
9 
15 
1 
1 
2 
1 
62 
18 
17 
5 
1 
1 
1 
17 
28 
7 
3 
8 
1 
1 
5 
49 
1 
5 
112 
389 
4 
1 
2 
5 
1 
3 
1 
3 
15 
2 
2 
4 
277 
4 
5 
1 
1 
55 
807 
1 
2 
4 
1 
45 
1 
184 
3 
4 
1 
1 
3 
9 
21 
17 
1 
1 
11 
21 
5 
2 
8 
87 
1 
22 
2 
403 
103 
1 
2 
1 
4 
7 
134 
6 
15 
1 
6 
1 
4 
5 
2 
4 
11 
3 
3 
4 
4 
42 
1 
3 
5 
1 
14 
3 
25 
4 
27 
3 
1 
1 
24 
231 
1 
1 
3 
1 
5 
15 
2 
8 
2 
1 
117 
1 
58 
24 
76 
1 
1 
4 
1 
5 
5 
8 
302 
15 
1 
57 
1 
8 
1 
1 
13 
4 
1 
12 
3 
4 
2 
1 
40 
3 
1 
1 
287 
23 
5 
6 
1 
63 
2 
43 
19 
1 
4 
3 
2 
1 
164 
3 
1 
1 
1 
5 
69 
3 
5 
1 
31 
2 
2 
1 
1 
1 
28 
2 
2 
56 
3 
6 
37 
15 
1 
1 
2 
217 
15 
1 
4 
1 
6 
1 
1 
74 
1 
3 
1 
1 
24 
2 
1 
1 
24 
1 
1 
1 
18 
539 
1 
99 
3 
3 
1 
1 
50 
5 
78 
30 
2 
1 
69 
11 
1 
1 
1 
1 
1 
1 
1 
18 
41 
8 
2 
1 
1 
1 
7 
5 
3 
2 
10 
115 
7 
13 
3 
67 
6 
6 
1 
2 
1 
96 
2 
1 
167 
186 
28 
1 
1 
7 
2 
2 
17 
2 
2 
3 
11 
5 
235 
17 
7 
1 
24 
2 
9 
4 
3 
8 
1 
18 
4 
1 
1 
1 
40 
2 
2 
4 
12 
47 
4 
1 
1 
1 
1 
323 
8 
1 
1 
234 
6 
6 
12 
102 
1 
31 
6 
2 
25 
1 
1 
2 
16 
15 
1 
1 
157 
5 
68 
7 
27 
1 
20 
10 
87 
30 
1 
1 
3 
1 
5 
1 
1 
21 
1 
6 
1 
407 
1 
8 
2 
2 
1 
8 
2 
106 
4 
67 
2 
16 
14 
457 
8 
1 
2 
5 
3 
15 
4 
2 
2 
3 
16 
3 
15 
1 
1 
2 
3 
42 
4 
1 
2 
1 
169 
3 
1 
1 
20 
1 
6 
1 
12 
1 
58 
8 
2 
8 
600 
10 
1 
2 
444 
1 
407 
279 
122 
1 
36 
1 
2 
1 
2 
105 
1 
1 
1 
1 
4 
1 
49 
7 
1 
1 
45 
31 
1 
1 
16 
346 
1 
1 
123 
1 
7 
4 
1 
2 
80 
2 
1 
3 
17 
3 
4 
15 
77 
10 
2 
1 
1 
1 
5 
3 
3 
5 
524 
1 
6 
3 
1 
9 
13 
2 
1 
1 
1 
2 
2 
1 
2 
2 
3 
1 
5 
1 
1 
1 
91 
5 
9 
1 
2 
7 
1 
1 
1 
1 
6 
2 
1 
2 
2 
108 
11 
1 
1 
17 
1 
7 
2 
2 
2 
7 
15 
7 
1 
2 
269 
6 
2 
14 
3 
50 
1 
3 
9 
1 
89 
2 
1 
2 
1 
2 
1 
3 
1 
57 
1 
24 
7 
11 
7 
25 
1 
652 
1 
1 
2 
2 
1 
2 
9 
1 
1 
1 
1 
2 
1 
3 
5 
33 
1 
7 
108 
2 
1 
12 
23 
1 
1 
32 
4 
17 
177 
1 
77 
31 
131 
3 
54 
2 
3 
17 
4 
62 
1 
510 
247 
17 
12 
2 
8 
1 
1 
1 
22 
1 
4 
1 
1 
1 
20 
8 
2 
17 
326 
11 
6 
1 
1 
1 
1 
1 
43 
2 
1 
4 
2 
3 
2 
57 
3 
3 
87 
2 
2 
28 
382 
4 
285 
1 
7 
1 
12 
2 
6 
7 
1 
1 
2 
2 
1 
2 
13 
21 
1 
1 
44 
49 
1 
84 
1 
1 
3 
26 
1 
1 
1 
2 
5 
6 
30 
1 
6 
2 
2 
28 
13 
1 
1 
2 
1 
2 
2 
4 
2 
1 
659 
4 
4 
1 
689 
1 
1 
2 
9 
2 
1 
245 
2 
3 
1 
2 
21 
2 
2 
53 
1 
1 
3 
8 
1 
1 
4 
1 
3 
2 
128 
1 
976 
1 
1 
1 
1 
5 
1 
8 
2 
6 
21 
1 
1 
20 
5 
25 
2 
1 
9 
7 
2 
41 
1 
1 
2 
1 
2 
1 
1 
1 
1 
191 
1 
26 
2 
1 
102 
2 
1 
7 
30 
5 
6 
1 
12 
2 
13 
62 
3 
10 
1 
7 
5 
1 
1 
5 
1 
4 
5 
3 
48 
1 
20 
1 
2 
3 
2 
8 
10 
11 
6 
3 
1 
5 
27 
5 
1 
414 
2 
1 
11 
38 
3 
3 
2 
9 
1 
8 
6 
4 
6 
37 
1 
1 
2 
1 
1 
1 
1 
2 
1 
5 
4 
3 
1 
11 
1 
1 
1 
51 
2 
1 
2 
2 
1 
2 
8 
12 
7 
10 
2 
2 
1 
1 
21 
1 
3 
4 
3 
5 
6 
1 
1 
5 
6 
23 
1 
988 
4 
2 
6 
39 
3 
20 
114 
20 
1 
10 
2 
1 
3 
1 
1 
3 
510 
4 
5 
2 
1 
1 
1 
1 
2 
2 
25 
13 
2 
5 
2 
21 
28 
1 
1 
3 
2 
19 
2 
12 
18 
2 
1 
15 
8 
3 
1 
1 
2 
3 
4 
2 
35 
1 
2 
8 
6 
86 
1 
1 
1 
1 
45 
7 
11 
1 
10 
2 
100 
94 
108 
3 
2 
1 
8 
1 
8 
6 
5 
1 
5 
1 
1 
1 
68 
2 
1 
3 
1 
2 
123 
5 
3 
1 
73 
23 
8 
1 
4 
1 
15 
1 
38 
1 
74 
17 
2 
4 
10 
1 
1 
37 
51 
1 
9 
1 
1 
8 
1 
57 
500 
2 
1 
5 
1 
43 
4 
1 
20 
39 
11 
4 
7 
12 
2 
293 
1 
1 
67 
5 
2 
312 
3 
1 
1 
1 
12 
3 
39 
793 
2 
4 
36 
7 
2 
2 
2 
1 
1 
843 
1 
6 
3 
2 
275 
5 
108 
1 
9 
51 
1 
815 
1 
10 
499 
3 
3 
3 
1 
9 
2 
6 
1 
1 
1 
53 
1 
125 
4 
4 
1 
1 
82 
2 
1 
10 
1 
3 
10 
8 
2 
28 
3 
1 
27 
4 
3 
579 
1 
1 
2 
8 
143 
1 
26 
45 
20 
1 
5 
2 
2 
2 
44 
8 
1 
1 
1 
1 
18 
6 
2 
70 
4 
1 
1 
26 
5 
22 
2 
1 
4 
370 
3 
1 
2 
4 
1 
4 
1 
2 
6 
1 
1 
1 
2 
119 
152 
8 
3 
62 
1 
1 
3 
2 
2 
1 
22 
2 
1 
7 
4 
4 
16 
55 
4 
4 
1 
1 
28 
1 
59 
1 
27 
7 
173 
3 
2 
14 
2 
1 
1 
1 
2 
7 
1 
12 
1 
2 
375 
2 
1 
583 
1 
3 
1 
51 
1 
9 
12 
5 
57 
3 
1 
8 
1 
11 
59 
1 
4 
1 
1 
2 
53 
1 
16 
4 
144 
6 
1 
1 
11 
3 
5 
11 
1 
14 
1 
1 
42 
7 
1 
1 
1 
319 
2 
1 
13 
1 
6 
2 
5 
1 
199 
56 
1 
1 
5 
1 
1 
21 
1 
6 
4 
6 
1 
2 
1 
7 
6 
5 
137 
1 
1 
3 
1 
6 
1 
2 
10 
4 
4 
4 
8 
3 
1 
1 
1 
9 
64 
1 
8 
2 
2 
88 
1 
4 
1 
1 
1 
3 
1 
4 
1 
1 
211 
13 
41 
1 
7 
1 
9 
4 
2 
5 
2 
10 
13 
1 
17 
11 
13 
1 
1 
81 
12 
1 
1 
7 
1 
1 
1 
1 
10 
13 
70 
3 
3 
3 
14 
2 
5 
2 
361 
4 
9 
7 
30 
2 
102 
4 
8 
4 
65 
45 
1 
4 
173 
1 
2 
1 
56 
1 
2 
7 
2 
127 
1 
2 
363 
1 
2 
5 
1 
2 
1 
1 
1 
1 
8 
1 
29 
1 
2 
7 
8 
1 
2 
9 
1 
1 
2 
4 
1 
1 
1 
1 
2 
46 
3 
1 
4 
8 
34 
3 
10 
1 
3 
7 
1 
1 
1 
48 
3 
4 
1 
1 
173 
8 
4 
6 
4 
4 
37 
1 
1 
1 
1 
1 
1 
6 
2 
1 
2 
1 
9 
1 
1 
5 
2 
5 
1 
3 
127 
16 
1 
152 
5 
18 
11 
1 
9 
2 
78 
9 
1 
7 
2 
1 
363 
36 
21 
60 
6 
3 
1 
86 
3 
1 
2 
1 
16 
8 
26 
2 
7 
1 
2 
1 
5 
1 
1 
7 
11 
3 
218 
1 
1 
17 
7 
1 
1 
1 
1 
1 
123 
2 
1 
1 
1 
1 
25 
1 
1 
1 
4 
4 
9 
23 
420 
110 
1 
3 
1 
2 
21 
48 
1 
46 
11 
1 
1 
1 
1 
1 
6 
1 
1 
1 
27 
82 
321 
39 
5 
52 
4 
1 
1 
6 
1 
2 
3 
4 
11 
2 
4 
5 
1 
54 
5 
2 
2 
9 
4 
2 
2 
1 
95 
17 
2 
25 
3 
6 
15 
1 
2 
64 
1 
1 
1 
3 
1 
1 
8 
7 
4 
2 
2 
47 
1 
99 
3 
2 
1 
6 
3 
1 
103 
4 
2 
4 
12 
14 
2 
2 
7 
2 
3 
2 
12 
625 
1 
3 
59 
31 
2 
1 
1 
3 
1 
1 
1 
1 
3 
1 
1 
11 
34 
1 
51 
419 
1 
46 
2 
3 
4 
91 
914 
18 
1 
2 
4 
8 
5 
1 
5 
7 
12 
3 
195 
68 
24 
1 
2 
1 
1 
1 
5 
3 
1 
561 
8 
49 
2 
1 
1 
1 
226 
30 
13 
1 
1 
1 
3 
1 
3 
17 
21 
2 
5 
1 
4 
36 
28 
1 
1 
5 
2 
5 
4 
1 
10 
25 
67 
56 
4 
156 
1 
1 
5 
1 
1 
1 
11 
4 
2 
6 
164 
19 
1 
22 
1 
1 
1 
1 
34 
3 
2 
1 
1 
917 
87 
5 
1 
544 
1 
5 
15 
2 
2 
1 
8 
2 
2 
7 
8 
1 
6 
1 
1 
4 
1 
1 
77 
17 
1 
1 
2 
1 
1 
1 
634 
8 
43 
1 
1 
5 
47 
165 
1 
4 
2 
8 
177 
1 
100 
1 
9 
2 
16 
37 
37 
2 
1 
3 
466 
1 
62 
1 
1 
1 
749 
2 
6 
1 
809 
2 
3 
8 
1 
1 
2 
2 
1 
10 
11 
2 
1 
1 
1 
5 
3 
24 
6 
3 
1 
1 
2 
1 
11 
2 
4 
3 
1 
7 
2 
1 
6 
1 
586 
10 
2 
41 
1 
8 
4 
1 
1 
590 
2 
1 
1 
2 
1 
8 
1 
1 
1 
2 
1 
30 
1 
1 
3 
1 
62 
60 
1 
170 
85 
2 
26 
2 
61 
1 
23 
1 
1 
2 
1 
2 
17 
855 
4 
1 
102 
3 
601 
11 
2 
2 
1 
28 
3 
9 
9 
5 
152 
13 
1 
2 
6 
1 
27 
7 
2 
3 
9 
22 
16 
2 
5 
1 
5 
628 
73 
1 
2 
325 
6 
27 
53 
1 
4 
1 
1 
1 
733 
11 
22 
3 
2 
1 
1 
40 
3 
136 
30 
1 
1 
1 
3 
1 
1 
1 
6 
2 
1 
7 
27 
128 
3 
5 
136 
13 
1 
2 
2 
138 
3 
1 
1 
90 
1 
115 
3 
1 
1 
1 
14 
1 
6 
21 
1 
8 
2 
1 
1 
1 
6 
1 
100 
6 
18 
24 
1 
85 
14 
1 
1 
1 
1 
1 
31 
73 
1 
1 
1 
3 
1 
3 
14 
19 
1 
20 
7 
5 
5 
7 
14 
7 
9 
24 
1 
2 
1 
2 
1 
1 
1 
1 
39 
94 
44 
1 
6 
35 
1 
2 
1 
26 
1 
2 
60 
84 
41 
16 
5 
2 
177 
26 
2 
2 
4 
2 
3 
3 
1 
1 
3 
23 
7 
18 
2 
6 
7 
283 
2 
3 
967 
3 
11 
1 
8 
2 
1 
1 
2 
17 
81 
155 
1 
1 
4 
12 
1 
978 
24 
1 
6 
1 
1 
3 
8 
1 
5 
1 
1 
1 
49 
1 
39 
1 
2 
3 
10 
8 
11 
1 
15 
14 
7 
138 
7 
1 
1 
2 
1 
1 
1 
6 
268 
1 
3 
13 
4 
4 
3 
259 
55 
18 
471 
2 
1 
21 
1 
9 
1 
39 
8 
57 
2 
84 
2 
14 
26 
1 
8 
1 
1 
1 
2 
7 
1 
47 
1 
8 
1 
1 
8 
1 
9 
1 
1 
6 
1 
1 
4 
1 
1 
19 
55 
58 
27 
11 
39 
2 
1 
2 
4 
1 
1 
2 
4 
2 
3 
3 
1 
1 
32 
1 
6 
1 
9 
326 
8 
12 
1 
1 
140 
1 
1 
1 
1 
2 
1 
1 
8 
1 
3 
1 
1 
6 
3 
27 
6 
24 
1 
1 
1 
1 
1 
2 
1 
98 
2 
51 
1 
90 
2 
1 
9 
48 
36 
2 
23 
1 
1 
1 
1 
8 
6 
7 
31 
71 
1 
456 
377 
1 
1 
1 
1 
1 
1 
2 
2 
332 
1 
5 
2 
1 
11 
1 
2 
2 
15 
4 
10 
105 
2 
2 
8 
5 
1 
1 
112 
1 
3 
36 
9 
2 
4 
1 
9 
21 
5 
34 
1 
246 
1 
1 
1 
1 
533 
1 
1 
504 
1 
10 
142 
1 
60 
1 
1 
5 
42 
2 
2 
65 
2 
1 
3 
49 
1 
1 
2 
1 
1 
51 
18 
2 
14 
72 
1 
1 
2 
1 
298 
1 
1 
32 
2 
1 
7 
2 
102 
196 
22 
62 
1 
581 
1 
1 
48 
1 
24 
2 
6 
1 
32 
5 
32 
1 
3 
34 
1 
2 
1 
3 
1 
10 
7 
1 
1 
1 
99 
1 
5 
2 
1 
1 
1 
540 
3 
5 
1 
2 
6 
2 
2 
3 
2 
22 
2 
15 
1 
1 
130 
1 
2 
1 
65 
1 
8 
294 
2 
1 
2 
1 
1 
4 
5 
3 
2 
1 
199 
2 
1 
1 
1 
126 
2 
4 
22 
2 
12 
1 
617 
121 
5 
1 
1 
7 
3 
4 
1 
677 
7 
10 
1 
3 
26 
1 
4 
1 
21 
14 
26 
1 
1 
2 
1 
3 
2 
9 
1 
1 
1 
1 
21 
2 
6 
346 
34 
1 
1 
1 
2 
1 
3 
5 
219 
1 
51 
1 
2 
5 
1 
1 
39 
12 
1 
291 
1 
2 
2 
1 
1 
1 
18 
129 
2 
60 
23 
580 
14 
14 
3 
1 
2 
1 
1 
1 
1 
9 
41 
12 
158 
2 
1 
3 
15 
17 
636 
5 
1 
3 
2 
762 
2 
100 
7 
5 
16 
1 
330 
3 
1 
1 
1 
4 
84 
214 
2 
1 
5 
1 
8 
34 
1 
32 
2 
789 
1 
657 
1 
1 
5 
12 
1 
1 
1 
170 
4 
11 
176 
1 
20 
1 
1 
430 
4 
2 
3 
227 
9 
1 
1 
1 
1 
40 
1 
1 
5 
1 
1 
3 
121 
1 
2 
1 
3 
2 
17 
64 
6 
3 
1 
1 
72 
1 
6 
61 
61 
17 
39 
1 
1 
72 
73 
112 
28 
1 
4 
2 
5 
1 
11 
42 
70 
2 
1 
7 
1 
6 
2 
3 
1 
7 
1 
2 
9 
1 
1 
12 
81 
10 
14 
2 
17 
580 
5 
4 
1 
55 
31 
1 
1 
3 
1 
1 
421 
11 
5 
1 
25 
10 
2 
11 
4 
2 
1 
1 
1 
1 
1 
526 
1 
1 
56 
1 
1 
134 
2 
1 
9 
2 
1 
1 
46 
316 
1 
20 
1 
7 
2 
58 
4 
13 
1 
1 
1 
3 
6 
2 
17 
1 
211 
151 
2 
4 
12 
33 
4 
1 
11 
12 
2 
3 
306 
1 
14 
2 
1 
1 
7 
3 
2 
1 
4 
1 
1 
4 
40 
1 
1 
25 
10 
1 
157 
2 
1 
3 
1 
1 
6 
1 
194 
2 
1 
1 
6 
1 
38 
1 
223 
2 
590 
5 
4 
1 
12 
2 
4 
12 
9 
1 
1 
2 
192 
1 
1 
4 
4 
5 
1 
15 
41 
1 
1 
1 
1 
29 
1 
18 
28 
14 
900 
1 
2 
11 
4 
2 
13 
5 
1 
1 
1 
1 
1 
1 
3 
446 
1 
1 
1 
3 
3 
38 
1 
1 
1 
1 
122 
4 
3 
1 
15 
6 
5 
3 
2 
1 
128 
363 
1 
127 
299 
1 
3 
8 
4 
11 
1 
1 
1 
35 
1 
1 
1 
1 
1 
6 
74 
1 
1 
2 
1 
2 
3 
39 
1 
7 
3 
5 
5 
1 
3 
5 
15 
3 
5 
23 
2 
29 
1 
1 
6 
2 
1 
11 
6 
8 
2 
119 
2 
1 
1 
252 
51 
2 
2 
1 
3 
35 
48 
24 
2 
1 
47 
4 
27 
7 
3 
1 
4 
7 
7 
2 
1 
1 
6 
1 
1 
29 
15 
1 
1 
1 
61 
1 
10 
4 
4 
1 
443 
1 
1 
1 
4 
1 
1 
121 
23 
1 
63 
1 
1 
18 
10 
39 
1 
1 
2 
3 
1 
42 
1 
12 
12 
24 
142 
21 
1 
1 
51 
1 
2 
1 
4 
12 
1 
1 
54 
2 
1 
1 
2 
18 
121 
756 
2 
5 
1 
16 
1 
2 
341 
1 
1 
2 
18 
7 
2 
4 
11 
22 
7 
215 
2 
1 
1 
18 
9 
1 
10 
30 
10 
3 
1 
39 
3 
545 
1 
3 
1 
47 
5 
9 
259 
1 
4 
1 
1 
8 
1 
339 
1 
1 
9 
5 
1 
4 
14 
3 
2 
1 
1 
3 
1 
11 
1 
2 
1 
1 
1 
2 
22 
1 
1 
8 
5 
46 
4 
7 
1 
1 
2 
1 
116 
2 
68 
17 
1 
1 
3 
171 
2 
38 
2 
703 
19 
1 
1 
109 
2 
22 
8 
58 
23 
1 
384 
8 
1 
1 
2 
430 
36 
2 
1 
6 
1 
30 
116 
1 
13 
2 
1 
4 
1 
1 
1 
1 
2 
27 
2 
12 
7 
1 
4 
1 
1 
1 
9 
1 
10 
2 
4 
48 
1 
12 
1 
53 
98 
25 
1 
3 
15 
53 
1 
29 
1 
2 
5 
1 
3 
12 
8 
16 
2 
7 
1 
1 
1 
4 
3 
1 
6 
22 
4 
5 
2 
1 
150 
1 
1 
2 
1 
1 
1 
1 
1 
1 
42 
1 
25 
1 
169 
11 
1 
1 
2 
15 
2 
3 
1 
4 
1 
2 
3 
2 
2 
1 
1 
1 
4 
3 
1 
4 
1 
4 
1 
1 
1 
97 
2 
448 
49 
9 
9 
1 
2 
7 
1 
1 
1 
12 
4 
12 
1 
3 
1 
24 
1 
2 
5 
33 
1 
6 
2 
1 
422 
9 
1 
3 
1 
5 
43 
33 
12 
1 
1 
1 
31 
1 
45 
7 
479 
5 
2 
2 
3 
4 
2 
30 
1 
1 
1 
4 
200 
4 
64 
1 
2 
7 
1 
1 
99 
2 
2 
1 
2 
435 
23 
10 
2 
3 
4 
445 
1 
1 
3 
478 
4 
401 
2 
4 
1 
38 
1 
1 
119 
1 
1 
1 
1 
3 
9 
3 
3 
3 
1 
102 
2 
6 
2 
16 
353 
26 
161 
1 
1 
1 
1 
6 
1 
1 
4 
422 
1 
5 
15 
2 
3 
6 
5 
62 
7 
1 
1 
1 
133 
271 
2 
4 
7 
5 
1 
21 
3 
37 
17 
4 
1 
96 
3 
19 
12 
3 
1 
355 
49 
1 
63 
5 
8 
3 
2 
17 
128 
1 
2 
2 
1 
8 
5 
1 
2 
6 
4 
22 
1 
4 
2 
5 
2 
1 
7 
1 
24 
90 
1 
1 
1 
1 
11 
74 
24 
1 
8 
1 
1 
1 
1 
1 
3 
32 
1 
3 
31 
4 
92 
5 
18 
2 
1 
559 
2 
1 
2 
2 
8 
34 
5 
81 
3 
567 
6 
1 
1 
1 
2 
22 
1 
57 
1 
194 
3 
11 
23 
6 
94 
20 
52 
3 
1 
1 
1 
22 
2 
1 
2 
6 
1 
9 
1 
578 
3 
40 
1 
19 
59 
14 
1 
1 
1 
344 
1 
1 
10 
2 
2 
191 
3 
38 
1 
1 
6 
6 
26 
5 
17 
4 
2 
18 
5 
8 
5 
1 
1 
2 
1 
3 
3 
3 
41 
3 
1 
94 
1 
2 
4 
1 
1 
23 
1 
34 
790 
336 
2 
6 
194 
1 
1 
7 
1 
2 
1 
1 
5 
603 
1 
4 
3 
1 
79 
3 
36 
32 
2 
2 
1 
1 
47 
52 
21 
129 
1 
18 
36 
1 
1 
2 
3 
346 
2 
7 
1 
1 
1 
1 
18 
3 
1 
1 
9 
2 
7 
1 
70 
1 
15 
5 
1 
7 
117 
8 
3 
2 
1 
3 
1 
1 
1 
1 
3 
1 
17 
83 
1 
2 
87 
4 
14 
2 
1 
1 
2 
12 
1 
1 
580 
1 
1 
265 
1 
110 
1 
1 
1 
34 
35 
3 
1 
1 
3 
1 
1 
1 
1 
5 
2 
45 
8 
1 
2 
6 
457 
41 
1 
1 
1 
1 
1 
10 
10 
12 
1 
300 
1 
64 
8 
2 
2 
1 
57 
11 
2 
1 
2 
1 
14 
131 
2 
2 
1 
20 
6 
5 
1 
2 
6 
8 
2 
1 
2 
9 
22 
516 
1 
2 
1 
8 
50 
6 
1 
8 
18 
135 
8 
4 
39 
11 
124 
17 
19 
9 
240 
2 
4 
2 
2 
131 
397 
4 
14 
14 
8 
285 
1 
1 
1 
2 
2 
11 
4 
1 
14 
1 
1 
5 
1 
42 
4 
197 
92 
2 
2 
42 
40 
875 
3 
1 
2 
1 
1 
1 
9 
5 
10 
7 
3 
14 
4 
8 
1 
2 
2 
5 
1 
3 
77 
2 
1 
1 
25 
1 
1 
1 
71 
2 
3 
7 
2 
2 
7 
3 
1 
9 
1 
1 
2 
5 
12 
4 
10 
19 
1 
1 
64 
1 
1 
9 
2 
2 
22 
2 
7 
37 
1 
2 
24 
2 
11 
1 
97 
115 
1 
1 
10 
2 
3 
40 
3 
17 
432 
6 
71 
3 
9 
3 
1 
228 
7 
1 
143 
1 
9 
1 
1 
1 
2 
132 
1 
2 
7 
21 
1 
16 
2 
1 
1 
3 
2 
3 
5 
1 
2 
2 
58 
2 
1 
34 
3 
6 
4 
8 
2 
1 
1 
42 
1 
13 
1 
21 
1 
15 
28 
3 
39 
675 
4 
1 
307 
1 
1 
7 
6 
2 
15 
5 
39 
2 
312 
38 
2 
2 
3 
1 
1 
1 
47 
3 
161 
23 
3 
2 
1 
2 
1 
13 
1 
1 
1 
1 
3 
1 
30 
17 
2 
14 
18 
56 
1 
1 
106 
1 
1 
2 
10 
3 
2 
10 
1 
49 
4 
2 
1 
1 
16 
1 
19 
4 
1 
1 
386 
1 
611 
87 
15 
4 
1 
1 
5 
7 
1 
1 
1 
22 
77 
1 
1 
1 
2 
4 
1 
1 
2 
9 
4 
2 
3 
171 
18 
2 
1 
7 
34 
1 
1 
1 
1 
1 
481 
76 
1 
47 
1 
1 
18 
1 
1 
2 
29 
1 
2 
2 
1 
444 
1 
5 
1 
2 
12 
23 
2 
3 
2 
3 
5 
2 
9 
13 
1 
216 
30 
2 
10 
37 
167 
27 
1 
23 
1 
24 
21 
1 
1 
733 
4 
1 
4 
1 
2 
5 
2 
14 
2 
6 
3 
1 
3 
15 
2 
1 
4 
30 
2 
41 
1 
564 
86 
4 
1 
66 
3 
12 
2 
1 
2 
2 
106 
472 
1 
1 
30 
1 
26 
7 
63 
3 
4 
29 
7 
1 
1 
183 
10 
52 
204 
1 
6 
1 
10 
2 
1 
1 
1 
1 
10 
3 
1 
1 
65 
1 
149 
1 
1 
2 
1 
1 
1 
3 
316 
1 
9 
163 
4 
2 
2 
15 
2 
2 
13 
4 
15 
1 
4 
1 
15 
2 
1 
13 
1 
1 
2 
7 
34 
3 
6 
21 
311 
2 
1 
285 
5 
1 
4 
14 
3 
179 
38 
1 
1 
13 
1 
1 
109 
2 
15 
2 
1 
7 
26 
1 
13 
3 
5 
42 
1 
20 
6 
1 
22 
1 
12 
39 
51 
1 
4 
1 
170 
76 
2 
35 
2 
12 
2 
1 
2 
1 
4 
1 
45 
7 
2 
98 
6 
2 
2 
1 
2 
1 
2 
1 
2 
1 
1 
1 
20 
353 
1 
5 
1 
1 
2 
2 
12 
3 
38 
40 
1 
6 
2 
85 
1 
8 
554 
38 
1 
18 
10 
336 
5 
1 
15 
41 
2 
1 
13 
2 
2 
66 
54 
2 
3 
89 
7 
1 
3 
3 
3 
5 
14 
2 
1 
2 
3 
13 
2 
2 
1 
1 
61 
38 
1 
1 
2 
4 
3 
39 
38 
2 
15 
65 
1 
2 
29 
8 
4 
1 
9 
659 
10 
2 
3 
5 
3 
1 
67 
25 
1 
1 
45 
2 
31 
1 
44 
4 
1 
2 
1 
5 
1 
75 
2 
2 
2 
22 
34 
36 
1 
2 
1 
19 
1 
2 
2 
47 
62 
1 
60 
36 
1 
71 
5 
3 
1 
1 
6 
45 
2 
13 
1 
1 
3 
1 
65 
3 
1 
1 
3 
1 
6 
2 
1 
1 
2 
3 
2 
3 
298 
1 
1 
21 
428 
37 
21 
4 
7 
1 
12 
4 
50 
1 
1 
1 
50 
2 
6 
26 
3 
129 
12 
5 
5 
3 
4 
1 
1 
31 
7 
1 
4 
1 
3 
1 
43 
1 
3 
1 
5 
2 
9 
85 
1 
1 
111 
6 
1 
2 
76 
26 
2 
1 
1 
1 
2 
74 
2 
3 
8 
19 
3 
5 
39 
1 
4 
1 
2 
2 
2 
4 
11 
48 
2 
1 
218 
1 
520 
2 
1 
2 
1 
34 
374 
2 
2 
2 
5 
3 
2 
265 
4 
194 
8 
7 
2 
1 
6 
832 
153 
1 
1 
1 
29 
9 
1 
2 
1 
1 
73 
65 
1 
6 
2 
2 
3 
1 
3 
265 
115 
1 
113 
3 
7 
2 
5 
15 
33 
19 
1 
365 
1 
1 
426 
3 
1 
2 
1 
31 
2 
1 
1 
5 
19 
5 
524 
3 
9 
56 
4 
193 
105 
3 
1 
1 
6 
1 
64 
1 
1 
307 
8 
8 
1 
12 
1 
14 
2 
1 
5 
97 
6 
1 
148 
1 
1 
27 
6 
3 
3 
8 
2 
1 
4 
5 
2 
1 
8 
1 
115 
4 
13 
26 
4 
1 
2 
2 
36 
1 
6 
1 
2 
517 
5 
22 
1 
5 
3 
2 
12 
1 
1 
8 
5 
16 
1 
1 
24 
4 
1 
6 
3 
2 
4 
3 
2 
4 
1 
3 
5 
36 
1 
6 
1 
35 
1 
3 
1 
8 
2 
5 
2 
1 
39 
51 
1 
88 
1 
6 
8 
4 
93 
1 
1 
9 
7 
8 
1 
1 
28 
24 
600 
6 
2 
1 
375 
1 
14 
210 
1 
1 
9 
7 
243 
8 
1 
7 
48 
5 
1 
2 
2 
1 
80 
27 
4 
2 
1 
1 
1 
2 
2 
31 
1 
2 
10 
2 
2 
5 
1 
1 
1 
646 
12 
1 
1 
3 
23 
30 
1 
2 
647 
1 
1 
5 
1 
4 
2 
5 
6 
1 
1 
1 
1 
4 
5 
1 
3 
7 
5 
2 
1 
1 
1 
1 
2 
2 
4 
96 
63 
14 
6 
3 
4 
1 
6 
15 
1 
1 
2 
9 
1 
5 
1 
1 
3 
9 
14 
1 
1 
2 
1 
1 
6 
39 
237 
5 
2 
339 
1 
3 
1 
4 
4 
1 
2 
57 
11 
74 
6 
5 
1 
2 
31 
1 
2 
1 
5 
1 
1 
14 
126 
1 
1 
4 
1 
1 
1 
4 
1 
1 
3 
1 
3 
1 
2 
2 
3 
1 
2 
1 
1 
7 
1 
1 
1 
1 
8 
12 
11 
158 
2 
5 
1 
1 
6 
8 
2 
1 
642 
5 
52 
1 
16 
4 
4 
1 
18 
1 
1 
1 
2 
2 
1 
1 
15 
13 
1 
142 
8 
16 
6 
1 
2 
1 
2 
1 
2 
8 
649 
1 
15 
1 
4 
63 
3 
1 
1 
7 
18 
679 
1 
2 
1 
1 
1 
2 
72 
6 
3 
15 
26 
5 
19 
2 
205 
1 
2 
4 
218 
10 
244 
89 
4 
2 
3 
3 
1 
67 
13 
1 
1 
1 
9 
470 
145 
1 
22 
7 
2 
4 
1 
2 
24 
32 
14 
5 
2 
1 
5 
13 
3 
4 
1 
11 
24 
1 
1 
2 
2 
3 
1 
3 
15 
228 
5 
1 
3 
2 
6 
10 
1 
230 
1 
120 
45 
691 
9 
1 
1 
4 
2 
6 
1 
2 
2 
1 
373 
2 
11 
375 
9 
3 
4 
33 
2 
1 
41 
19 
7 
181 
6 
19 
1 
2 
1 
1 
1 
6 
4 
1 
1 
1 
2 
1 
1 
2 
5 
1 
1 
1 
2 
19 
2 
1 
1 
1 
2 
47 
2 
3 
21 
13 
2 
1 
22 
13 
50 
129 
30 
2 
5 
1 
8 
3 
119 
1 
2 
4 
1 
242 
1 
1 
1 
69 
1 
1 
262 
1 
52 
2 
28 
1 
6 
9 
449 
1 
33 
38 
3 
16 
1 
145 
5 
2 
42 
7 
24 
31 
1 
87 
16 
1 
49 
2 
7 
1 
2 
14 
3 
1 
2 
1 
1 
1 
29 
2 
55 
5 
10 
67 
21 
1 
1 
2 
1 
281 
6 
1 
1 
2 
52 
1 
4 
2 
1 
18 
54 
2 
9 
26 
19 
17 
109 
18 
3 
1 
1 
5 
2 
285 
1 
14 
1 
2 
2 
3 
2 
4 
1 
1 
26 
26 
7 
140 
1 
576 
85 
2 
2 
1 
7 
26 
1 
1 
1 
3 
57 
2 
2 
3 
1 
8 
3 
1 
2 
11 
1 
12 
1 
1 
8 
5 
1 
1 
1 
1 
8 
9 
29 
5 
1 
51 
2 
1 
5 
66 
3 
2 
34 
2 
1 
6 
13 
197 
1 
1 
2 
2 
2 
236 
1 
3 
2 
4 
16 
1 
1 
1 
1 
1 
1 
5 
1 
4 
4 
1 
7 
3 
14 
14 
1 
11 
6 
3 
2 
11 
1 
114 
5 
6 
1 
115 
12 
1 
39 
19 
1 
4 
1 
183 
12 
30 
4 
65 
1 
1 
64 
1 
39 
1 
8 
3 
3 
1 
1 
91 
1 
1 
1 
6 
136 
1 
3 
177 
5 
149 
1 
4 
27 
1 
1 
4 
6 
1 
15 
40 
12 
2 
1 
2 
1 
13 
15 
3 
10 
1 
1 
1 
9 
3 
1 
8 
21 
