1 
230 
1 
29 
555 
1 
6 
1 
1 
1 
8 
11 
2 
2 
12 
98 
1 
1 
8 
1 
1 
1 
17 
132 
6 
42 
1 
13 
1 
2 
4 
2 
79 
6 
1 
60 
2 
1 
24 
2 
6 
7 
18 
1 
10 
1 
2 
1 
1 
3 
2 
1 
3 
1 
1 
2 
1 
2 
4 
45 
3 
3 
8 
11 
12 
2 
578 
1 
1 
1 
2 
9 
1 
6 
100 
182 
1 
8 
2 
3 
2 
30 
1 
1 
1 
2 
1 
30 
567 
1 
2 
3 
1 
6 
25 
5 
1 
4 
1 
1 
1 
1 
1 
5 
1 
3 
1 
2 
1 
2 
1 
1 
1 
1 
1 
4 
2 
1 
7 
132 
1 
1 
1 
1 
2 
4 
1 
3 
6 
9 
1 
10 
1 
1 
11 
14 
2 
1 
13 
5 
21 
1 
1 
1 
8 
1 
1 
2 
10 
1 
149 
2 
34 
761 
11 
2 
40 
9 
1 
1 
7 
1 
18 
1 
2 
2 
2 
1 
1 
1 
190 
1 
1 
2 
1 
2 
12 
1 
8 
16 
1 
11 
1 
249 
10 
1 
1 
4 
8 
49 
1 
3 
1 
1 
1 
74 
1 
2 
3 
1 
1 
3 
13 
1 
9 
1 
1 
6 
3 
1 
4 
1 
3 
100 
1 
7 
1 
3 
1 
1 
1 
27 
110 
280 
6 
1 
1 
1 
621 
8 
460 
1 
1 
1 
8 
18 
1 
5 
7 
7 
1 
3 
1 
1 
2 
1 
425 
1 
2 
1 
1 
1 
3 
47 
11 
1 
1 
1 
1 
3 
4 
2 
2 
1 
2 
2 
1 
1 
1 
17 
1 
1 
20 
1 
1 
1 
4 
9 
1 
1 
46 
1 
28 
8 
5 
1 
1 
222 
1 
4 
2 
1 
15 
22 
2 
2 
1 
2 
2 
58 
2 
1 
1 
2 
19 
232 
2 
10 
2 
9 
2 
35 
1 
15 
97 
3 
1 
2 
1 
42 
1 
1 
1 
8 
1 
66 
5 
15 
10 
2 
30 
3 
37 
6 
1 
14 
1 
1 
3 
13 
1 
1 
6 
67 
14 
1 
47 
1 
15 
44 
9 
56 
1 
1 
12 
1 
1 
1 
1 
18 
2 
1 
1 
4 
1 
9 
939 
3 
6 
5 
2 
17 
1 
1 
2 
3 
4 
3 
7 
1 
27 
2 
1 
1 
3 
1 
2 
1 
2 
3 
8 
1 
3 
1 
10 
10 
1 
1 
19 
1 
11 
2 
32 
4 
1 
1 
1 
3 
1 
4 
1 
3 
14 
4 
1 
16 
1 
2 
22 
2 
9 
1 
22 
12 
6 
1 
1 
2 
2 
5 
1 
188 
23 
13 
1 
1 
19 
2 
5 
1 
4 
1 
1 
1 
3 
18 
3 
15 
1 
1 
1 
33 
1 
1 
1 
3 
4 
32 
10 
1 
1 
2 
5 
2 
2 
10 
124 
345 
8 
1 
6 
1 
1 
4 
520 
2 
1 
1 
4 
3 
21 
3 
2 
1 
2 
3 
1 
8 
2 
3 
2 
1 
1 
1 
1 
3 
2 
1 
2 
11 
1 
3 
1 
2 
12 
2 
1 
2 
6 
68 
27 
1 
1 
1 
6 
1 
42 
16 
2 
13 
4 
11 
3 
311 
4 
5 
1 
78 
5 
1 
1 
3 
3 
1 
2 
15 
1 
22 
37 
2 
9 
3 
4 
2 
1 
45 
6 
4 
1 
1 
3 
2 
17 
1 
1 
2 
1 
16 
1 
4 
1 
1 
1 
1 
3 
1 
1 
48 
1 
125 
5 
5 
126 
8 
1 
37 
2 
69 
1 
1 
565 
207 
1 
12 
2 
1 
81 
1 
3 
1 
134 
1 
1 
4 
1 
2 
37 
89 
1 
2 
5 
4 
1 
2 
63 
11 
80 
1 
1 
1 
2 
3 
2 
64 
5 
5 
1 
2 
3 
1 
54 
5 
5 
2 
22 
2 
1 
27 
1 
94 
2 
1 
2 
1 
13 
2 
9 
1 
5 
1 
166 
3 
1 
290 
1 
1 
1 
3 
1 
1 
1 
1 
4 
1 
4 
2 
10 
1 
2 
21 
8 
1 
1 
2 
1 
29 
1 
1 
664 
1 
14 
1 
6 
11 
2 
2 
1 
2 
6 
1 
19 
30 
98 
2 
3 
2 
11 
1 
22 
11 
1 
2 
4 
4 
1 
216 
2 
1 
2 
1 
1 
1 
2 
3 
17 
4 
1 
3 
208 
2 
10 
16 
13 
2 
5 
4 
8 
1 
136 
1 
1 
3 
6 
1 
8 
2 
1 
1 
1 
5 
1 
1 
1 
1 
3 
135 
1 
3 
1 
157 
8 
13 
1 
1 
48 
2 
1 
2 
10 
10 
1 
1 
1 
30 
1 
1 
3 
19 
1 
3 
3 
4 
2 
2 
4 
1 
2 
1 
1 
153 
17 
3 
1 
1 
6 
4 
199 
1 
2 
1 
2 
2 
24 
1 
1 
6 
1 
1 
1 
9 
4 
41 
1 
2 
11 
2 
3 
3 
3 
2 
1 
17 
61 
1 
1 
12 
18 
1 
32 
1 
1 
6 
1 
1 
1 
19 
1 
11 
1 
1 
4 
1 
1 
1 
2 
1 
2 
1 
2 
1 
1 
3 
2 
2 
1 
1 
6 
5 
8 
1 
16 
1 
1 
1 
4 
3 
24 
4 
2 
1 
4 
2 
33 
50 
2 
1 
2 
1 
9 
2 
1 
595 
2 
1 
4 
1 
3 
1 
3 
2 
2 
214 
90 
96 
1 
4 
3 
11 
2 
2 
7 
1 
2 
1 
1 
70 
2 
1 
8 
1 
40 
4 
1 
1 
3 
6 
5 
399 
5 
1 
19 
1 
2 
1 
1 
1 
14 
7 
1 
1 
1 
14 
7 
8 
1 
156 
1 
2 
24 
2 
7 
26 
4 
1 
1 
497 
1 
60 
2 
1 
1 
13 
7 
11 
4 
2 
249 
3 
8 
1 
1 
2 
2 
1 
3 
2 
7 
1 
1 
18 
3 
99 
2 
1 
1 
9 
5 
83 
1 
159 
174 
3 
302 
2 
7 
29 
7 
1 
15 
56 
2 
19 
1 
12 
22 
3 
2 
38 
133 
4 
1 
1 
157 
20 
1 
4 
9 
1 
1 
9 
1 
3 
2 
646 
35 
1 
1 
105 
93 
4 
1 
113 
34 
6 
1 
91 
2 
3 
1 
1 
3 
1 
27 
1 
1 
7 
1 
1 
2 
14 
4 
2 
1 
16 
3 
58 
4 
39 
1 
1 
4 
4 
1 
2 
32 
49 
2 
1 
1 
3 
2 
2 
1 
1 
1 
1 
1 
5 
1 
1 
44 
2 
22 
1 
1 
7 
9 
2 
4 
3 
1 
77 
1 
2 
18 
3 
38 
10 
3 
1 
1 
12 
27 
2 
4 
21 
61 
7 
1 
7 
1 
3 
15 
2 
6 
11 
715 
6 
1 
1 
1 
3 
1 
1 
1 
1 
5 
1 
3 
2 
2 
29 
7 
1 
204 
3 
1 
1 
321 
1 
17 
2 
1 
3 
1 
2 
2 
85 
3 
662 
1 
35 
23 
1 
1 
6 
1 
66 
2 
1 
4 
1 
4 
194 
6 
25 
2 
1 
1 
7 
2 
15 
1 
7 
1 
200 
1 
6 
10 
41 
109 
2 
1 
95 
1 
1 
2 
1 
1 
3 
4 
5 
2 
1 
4 
2 
1 
1 
1 
11 
1 
1 
1 
4 
10 
1 
15 
7 
1 
33 
3 
954 
66 
34 
1 
1 
1 
31 
2 
2 
160 
1 
1 
14 
1 
12 
1 
1 
5 
42 
2 
1 
1 
2 
460 
452 
16 
13 
12 
1 
1 
2 
4 
4 
1 
1 
2 
3 
8 
19 
1 
2 
1 
6 
1 
697 
1 
6 
4 
35 
45 
1 
270 
1 
13 
5 
32 
1 
13 
1 
4 
2 
4 
13 
7 
1 
11 
1 
1 
1 
1 
2 
2 
2 
4 
6 
2 
3 
1 
191 
3 
7 
4 
2 
1 
1 
43 
1 
146 
1 
5 
9 
2 
2 
11 
1 
28 
1 
1 
1 
1 
2 
3 
34 
1 
1 
9 
1 
10 
17 
5 
2 
293 
1 
2 
1 
1 
1 
95 
10 
25 
1 
434 
13 
6 
18 
21 
2 
1 
2 
1000 
417 
1 
1 
106 
389 
1 
1 
10 
1 
4 
6 
1 
1 
19 
267 
1 
1 
3 
22 
6 
3 
1 
1 
1 
5 
1 
322 
1 
1 
66 
1 
10 
1 
2 
1 
27 
1 
19 
3 
1 
1 
1 
3 
1 
1 
2 
128 
4 
2 
4 
1 
8 
1 
5 
29 
1 
2 
1 
280 
4 
42 
1 
4 
30 
1 
2 
46 
1 
34 
5 
9 
3 
28 
137 
1 
24 
6 
21 
173 
19 
3 
24 
1 
1 
1 
3 
200 
11 
93 
31 
1 
1 
1 
42 
2 
575 
299 
10 
1 
1 
1 
15 
1 
6 
2 
1 
14 
2 
1 
4 
5 
211 
1 
1 
9 
20 
1 
14 
2 
1 
5 
1 
10 
1 
1 
50 
1 
3 
1 
2 
4 
2 
2 
2 
5 
1 
2 
1 
1 
6 
1 
3 
1 
1 
1 
8 
1 
1 
1 
382 
3 
6 
6 
2 
2 
1 
2 
14 
1 
4 
8 
1 
3 
1 
4 
1 
36 
31 
1 
1 
7 
219 
4 
10 
1 
1 
5 
46 
1 
9 
16 
838 
2 
32 
1 
2 
2 
2 
10 
1 
1 
4 
1 
2 
17 
6 
4 
1 
3 
1 
1 
1 
1 
1 
11 
3 
29 
31 
1 
3 
2 
10 
1 
1 
2 
10 
8 
4 
2 
10 
1 
2 
14 
3 
4 
1 
1 
1 
10 
1 
1 
1 
2 
12 
2 
2 
242 
55 
4 
2 
1 
28 
2 
2 
4 
134 
3 
7 
111 
3 
170 
2 
1 
2 
4 
1 
2 
15 
19 
4 
2 
1 
2 
10 
4 
3 
38 
2 
124 
2 
1 
1 
4 
3 
4 
10 
1 
1 
56 
1 
2 
1 
1 
1 
1 
5 
3 
1 
1 
1 
5 
3 
497 
2 
3 
1 
1 
3 
102 
1 
3 
31 
1 
17 
11 
1 
1 
1 
1 
5 
1 
3 
1 
39 
1 
12 
1 
5 
3 
1 
54 
1 
1 
1 
2 
1 
1 
5 
3 
1 
4 
13 
1 
2 
87 
1 
1 
15 
4 
1 
1 
1 
8 
1 
24 
1 
1 
1 
2 
19 
1 
1 
13 
1 
2 
1 
1 
9 
2 
1 
1 
409 
27 
1 
7 
97 
1 
1 
5 
2 
2 
580 
1 
3 
1 
44 
1 
1 
3 
1 
7 
2 
4 
1 
1 
3 
2 
96 
1 
1 
3 
10 
4 
175 
2 
20 
5 
2 
25 
2 
9 
1 
1 
11 
7 
1 
1 
28 
1 
1 
7 
2 
2 
192 
1 
14 
1 
1 
4 
1 
115 
4 
3 
1 
1 
2 
2 
2 
3 
5 
10 
8 
610 
15 
1 
1 
1 
58 
1 
1 
2 
1 
156 
37 
1 
18 
1 
2 
6 
2 
9 
28 
1 
521 
112 
6 
12 
1 
1 
5 
1 
4 
2 
2 
110 
10 
1 
1 
1 
1 
1 
1 
2 
13 
1 
2 
2 
39 
149 
1 
26 
1 
2 
1 
1 
1 
11 
7 
1 
8 
1 
1 
33 
41 
1 
7 
13 
1 
1 
2 
1 
4 
19 
1 
9 
1 
1 
1 
1 
1 
3 
2 
2 
1 
3 
10 
1 
93 
103 
3 
3 
4 
14 
1 
3 
6 
1 
2 
1 
6 
6 
12 
14 
28 
1 
1 
4 
2 
1 
2 
1 
286 
5 
6 
2 
4 
2 
2 
58 
4 
1 
1 
1 
5 
1 
243 
1 
1 
1 
4 
2 
2 
1 
13 
1 
2 
2 
1 
1 
1 
27 
29 
1 
34 
1 
1 
14 
1 
1 
1 
118 
2 
1 
62 
3 
10 
1 
30 
1 
3 
331 
1 
1 
1 
1 
1 
480 
11 
1 
7 
1 
66 
1 
1 
3 
2 
1 
1 
1 
1 
3 
9 
1 
2 
24 
4 
29 
1 
1 
1 
3 
3 
3 
2 
4 
106 
2 
4 
1 
3 
1 
2 
7 
9 
1 
3 
1 
2 
13 
12 
1 
1 
3 
2 
1 
1 
7 
1 
166 
1 
29 
3 
2 
1 
3 
1 
1 
1 
1 
1 
3 
1 
1 
5 
1 
105 
2 
1 
4 
1 
1 
1 
3 
1 
28 
1 
2 
2 
1 
2 
7 
4 
1 
1 
4 
4 
2 
1 
2 
1 
286 
1 
3 
4 
3 
1 
2 
1 
2 
1 
1 
8 
2 
2 
1 
1 
30 
1 
2 
54 
1 
4 
1 
766 
2 
2 
4 
14 
64 
5 
5 
5 
1 
1 
10 
1 
31 
30 
1 
14 
2 
4 
1 
4 
1 
105 
2 
2 
2 
1 
3 
9 
1 
1 
1 
1 
496 
17 
2 
1 
4 
2 
32 
8 
5 
9 
1 
1 
1 
6 
2 
3 
22 
1 
1 
2 
1 
8 
620 
2 
1 
5 
3 
5 
14 
4 
3 
1 
7 
2 
9 
1 
3 
1 
2 
8 
1 
1 
5 
8 
2 
1 
51 
1 
1 
30 
1 
14 
113 
1 
1 
1 
10 
5 
1 
23 
18 
1 
1 
4 
1 
1 
2 
2 
7 
1 
150 
1 
1 
1 
2 
2 
5 
5 
13 
10 
1 
1 
1 
1 
100 
1 
8 
1 
3 
3 
1 
1 
1 
4 
1 
1 
4 
43 
1 
19 
7 
187 
99 
6 
29 
2 
199 
132 
9 
1 
1 
1 
7 
3 
1 
21 
11 
4 
3 
1 
35 
10 
1 
1 
8 
1 
6 
2 
73 
1 
74 
63 
12 
1 
9 
9 
7 
1 
22 
1 
1 
1 
1 
1 
2 
13 
1 
1 
1 
1 
28 
5 
1 
4 
1 
1 
1 
29 
8 
5 
2 
2 
1 
1 
1 
9 
2 
1 
4 
2 
5 
2 
3 
9 
1 
1 
1 
10 
13 
1 
79 
45 
1 
8 
62 
1 
4 
5 
19 
2 
33 
1 
62 
2 
7 
18 
1 
9 
1 
1 
7 
43 
4 
2 
26 
1 
3 
4 
71 
1 
150 
1 
83 
1 
1 
1 
1 
59 
3 
1 
1 
1 
4 
1 
1 
21 
37 
3 
3 
2 
4 
12 
1 
1 
15 
1 
1 
1 
4 
1 
7 
3 
108 
1 
1 
6 
1 
6 
2 
2 
2 
546 
3 
10 
50 
6 
6 
1 
1 
4 
2 
1 
14 
3 
6 
1 
6 
179 
14 
19 
68 
4 
201 
1 
4 
20 
3 
1 
8 
1 
1 
5 
4 
5 
17 
1 
1 
12 
1 
1 
3 
10 
1 
1 
2 
173 
19 
2 
13 
108 
1 
54 
1 
1 
25 
1 
3 
6 
13 
2 
1 
2 
1 
1 
2 
2 
1 
10 
8 
1 
201 
473 
5 
1 
1 
1 
12 
35 
1 
1 
8 
1 
31 
1 
8 
1 
53 
53 
2 
3 
2 
1 
145 
3 
9 
8 
9 
20 
6 
2 
46 
1 
1 
4 
1 
112 
4 
82 
2 
1 
4 
5 
1 
6 
1 
3 
1 
4 
1 
171 
2 
315 
2 
5 
1 
3 
45 
11 
2 
6 
24 
1 
2 
1 
1 
288 
1 
4 
2 
2 
1 
1 
3 
7 
9 
99 
1 
3 
14 
3 
1 
955 
1 
2 
16 
1 
4 
2 
2 
12 
11 
2 
5 
46 
1 
1 
5 
25 
4 
2 
228 
2 
1 
7 
2 
2 
29 
1 
3 
1 
525 
3 
1 
37 
16 
1 
1 
6 
1 
1 
3 
2 
131 
5 
1 
74 
2 
4 
3 
35 
1 
1 
12 
1 
1 
1 
191 
1 
1 
2 
87 
2 
7 
3 
1 
3 
705 
2 
1 
1 
1 
2 
2 
45 
10 
6 
1 
13 
1 
3 
53 
2 
33 
2 
5 
2 
5 
1 
1 
9 
1 
9 
3 
2 
1 
1 
1 
865 
3 
1 
6 
28 
3 
1 
1 
1 
3 
1 
2 
1 
2 
5 
35 
6 
8 
1 
8 
3 
3 
1 
1 
1 
5 
1 
2 
1 
6 
1 
4 
4 
1 
44 
2 
22 
2 
4 
1 
12 
1 
7 
1 
507 
229 
1 
53 
5 
2 
2 
4 
1 
203 
3 
2 
7 
1 
28 
2 
10 
1 
1 
1 
245 
1 
1 
1 
3 
3 
1 
91 
8 
7 
2 
1 
1 
2 
1 
1 
1 
1 
6 
5 
11 
12 
4 
2 
1 
1 
1 
1 
1 
1 
1 
1 
1 
1 
1 
1 
2 
1 
9 
12 
9 
35 
407 
135 
1 
109 
10 
1 
2 
55 
1 
1 
10 
1 
1 
1 
1 
1 
1 
14 
5 
96 
3 
1 
1 
40 
1 
4 
19 
1 
4 
2 
7 
2 
7 
1 
1 
49 
1 
8 
2 
114 
1 
1 
4 
8 
7 
14 
1 
1 
3 
1 
3 
2 
1 
882 
54 
1 
1 
54 
1 
2 
872 
1 
2 
2 
97 
5 
18 
13 
3 
3 
1 
1 
1 
1 
1 
2 
3 
1 
2 
9 
1 
2 
2 
26 
2 
117 
6 
422 
1 
3 
1 
1 
1 
2 
4 
56 
18 
2 
7 
1 
8 
542 
2 
7 
3 
48 
1 
2 
41 
1 
1 
10 
58 
2 
1 
613 
1 
5 
3 
1 
4 
1 
1 
699 
1 
1 
1 
10 
1 
2 
7 
3 
1 
1 
1 
1 
2 
1 
1 
2 
4 
1 
121 
1 
1 
1 
1 
7 
60 
11 
1 
108 
3 
1 
2 
4 
2 
2 
1 
296 
2 
57 
45 
1 
2 
1 
1 
3 
1 
2 
1 
2 
2 
1 
2 
1 
1 
1 
1 
1 
79 
4 
2 
2 
1 
7 
1 
1 
1 
12 
1 
1 
9 
1 
2 
1 
1 
64 
251 
1 
2 
24 
11 
1 
4 
1 
2 
416 
6 
2 
8 
1 
1 
2 
1 
1 
13 
1 
4 
4 
1 
468 
3 
2 
7 
55 
8 
10 
60 
1 
1 
1 
45 
2 
1 
1 
1 
4 
3 
1 
1 
1 
2 
1 
7 
1 
46 
2 
1 
1 
29 
3 
1 
2 
1 
58 
5 
2 
19 
1 
1 
1 
4 
2 
1 
2 
358 
1 
1 
1 
3 
2 
1 
7 
2 
5 
24 
1 
1 
1 
1 
124 
3 
7 
1 
57 
2 
1 
3 
164 
546 
1 
15 
2 
5 
2 
36 
21 
2 
4 
7 
5 
49 
5 
53 
1 
10 
47 
1 
2 
5 
1 
4 
626 
121 
1 
6 
2 
5 
1 
10 
2 
3 
4 
2 
22 
1 
1 
1 
1 
4 
466 
7 
41 
7 
1 
3 
10 
5 
1 
29 
1 
1 
29 
4 
5 
8 
4 
1 
2 
1 
1 
1 
7 
1 
1 
2 
5 
133 
3 
1 
1 
6 
6 
1 
1 
2 
2 
8 
1 
8 
2 
6 
2 
3 
5 
1 
2 
90 
5 
2 
91 
4 
1 
3 
2 
2 
29 
4 
2 
2 
1 
1 
1 
13 
2 
4 
3 
54 
1 
10 
1 
8 
2 
2 
1 
1 
11 
1 
3 
1 
1 
1 
1 
6 
1 
7 
2 
1 
2 
1 
119 
4 
1 
1 
674 
15 
4 
1 
1 
6 
1 
1 
2 
1 
4 
5 
1 
1 
8 
3 
71 
188 
1 
3 
2 
1 
1 
6 
1 
1 
325 
371 
99 
792 
2 
2 
2 
4 
1 
3 
1 
4 
4 
27 
1 
23 
14 
817 
2 
1 
9 
30 
29 
383 
20 
13 
58 
1 
3 
1 
5 
1 
1 
1 
2 
12 
1 
52 
5 
2 
2 
1 
1 
1 
1 
3 
4 
2 
4 
1 
1 
1 
2 
6 
3 
1 
4 
1 
2 
1 
1 
44 
17 
52 
1 
15 
143 
4 
14 
3 
2 
1 
2 
1 
2 
219 
1 
2 
1 
6 
4 
3 
1 
7 
6 
1 
2 
26 
214 
5 
6 
2 
12 
3 
6 
47 
2 
2 
4 
223 
1 
1 
7 
8 
2 
19 
27 
1 
1 
6 
1 
3 
1 
1 
2 
23 
1 
3 
21 
303 
1 
4 
1 
1 
1 
3 
2 
1 
2 
5 
3 
1 
11 
9 
4 
1 
236 
3 
1 
1 
1 
4 
24 
1 
13 
4 
1 
1 
1 
1 
1 
1 
1 
1 
5 
3 
6 
1 
1 
1 
1 
609 
7 
3 
60 
1 
1 
1 
1 
27 
28 
7 
1 
1 
1 
23 
1 
15 
8 
1 
1 
1 
1 
1 
2 
2 
2 
166 
2 
1 
1 
1 
3 
1 
1 
44 
6 
4 
3 
1 
44 
2 
36 
1 
29 
1 
1 
302 
1 
11 
71 
1 
1 
1 
1 
1 
5 
4 
1 
2 
3 
1 
1 
2 
2 
2 
1 
1 
1 
2 
3 
1 
3 
35 
7 
11 
4 
2 
6 
1 
1 
4 
2 
15 
1 
1 
1 
1 
5 
5 
3 
1 
7 
1 
2 
1 
4 
1 
1 
1 
6 
343 
1 
1 
1 
90 
5 
3 
1 
2 
15 
1 
1 
7 
27 
223 
1 
2 
1 
10 
1 
3 
1 
1 
151 
3 
1 
10 
1 
225 
2 
1 
3 
12 
40 
3 
298 
103 
1 
1 
1 
15 
1 
15 
1 
1 
16 
1 
2 
5 
3 
3 
13 
8 
5 
5 
1 
2 
165 
1 
5 
2 
2 
2 
2 
1 
2 
3 
6 
1 
33 
1 
2 
1 
108 
1 
1 
1 
1 
2 
1 
1 
4 
20 
2 
26 
1 
1 
2 
85 
7 
49 
6 
1 
1 
2 
15 
6 
10 
1 
1 
1 
19 
3 
1 
11 
2 
3 
35 
1 
17 
8 
1 
3 
1 
1 
1 
3 
3 
8 
1 
2 
2 
3 
6 
13 
1 
6 
3 
102 
1 
19 
10 
11 
1 
2 
5 
7 
1 
1 
1 
1 
2 
1 
2 
2 
3 
1 
1 
1 
2 
10 
2 
83 
1 
2 
1 
1 
15 
6 
1 
58 
1 
11 
6 
43 
6 
2 
3 
1 
3 
1 
269 
4 
1 
43 
1 
1 
7 
181 
1 
5 
1 
44 
1 
1 
8 
1 
19 
6 
110 
1 
1 
11 
600 
2 
33 
3 
358 
12 
1 
1 
10 
1 
1 
45 
1 
3 
95 
1 
1 
6 
1 
11 
342 
3 
2 
2 
1 
1 
345 
1 
96 
1 
1 
1 
3 
1 
6 
5 
2 
97 
2 
2 
32 
41 
1 
2 
3 
30 
1 
74 
1 
1 
1 
2 
2 
11 
1 
1 
1 
1 
3 
4 
1 
5 
3 
2 
4 
2 
1 
36 
2 
3 
66 
2 
1 
1 
1 
3 
12 
392 
1 
1 
19 
11 
1 
4 
1 
2 
49 
1 
4 
1 
29 
103 
1 
2 
4 
17 
3 
102 
1 
22 
2 
2 
25 
5 
3 
2 
68 
1 
1 
1 
1 
2 
5 
1 
2 
77 
1 
76 
1 
5 
1 
1 
1 
3 
1 
42 
5 
94 
1 
1 
3 
1 
796 
2 
2 
3 
5 
11 
7 
5 
5 
1 
1 
61 
19 
5 
1 
3 
1 
119 
3 
10 
1 
2 
3 
3 
1 
4 
7 
18 
1 
1 
52 
1 
2 
13 
2 
1 
10 
3 
1 
2 
1 
1 
1 
7 
1 
6 
9 
8 
9 
4 
28 
4 
1 
3 
1 
1 
2 
929 
1 
1 
12 
1 
15 
1 
3 
2 
1 
3 
1 
2 
36 
8 
1 
1 
1 
22 
1 
2 
1 
29 
1 
7 
34 
2 
3 
1 
4 
9 
1 
2 
1 
1 
19 
111 
37 
4 
1 
36 
1 
4 
7 
1 
1 
2 
1 
34 
78 
1 
1 
4 
73 
3 
1 
1 
302 
1 
5 
81 
1 
1 
2 
3 
18 
15 
1 
1 
4 
6 
1 
2 
1 
22 
1 
4 
5 
40 
1 
3 
2 
1 
6 
1 
9 
55 
5 
2 
3 
4 
10 
1 
14 
5 
4 
1 
4 
1 
1 
1 
1 
7 
4 
7 
40 
2 
1 
64 
74 
1 
1 
6 
2 
37 
2 
1 
1 
1 
10 
1 
10 
1 
1 
12 
1 
2 
3 
2 
6 
2 
1 
28 
1 
1 
13 
11 
2 
1 
2 
1 
1 
2 
27 
11 
21 
2 
7 
13 
2 
7 
13 
1 
2 
27 
1 
1 
3 
4 
1 
3 
3 
1 
6 
2 
1 
2 
474 
2 
1 
46 
2 
7 
1 
2 
73 
1 
1 
483 
9 
34 
1 
4 
1 
1 
6 
5 
1 
158 
1 
81 
7 
169 
1 
1 
1 
294 
5 
1 
1 
1 
6 
133 
1 
5 
3 
4 
1 
1 
21 
68 
3 
2 
147 
4 
20 
2 
4 
120 
27 
16 
1 
1 
88 
2 
2 
7 
3 
7 
2 
369 
3 
1 
161 
4 
2 
2 
5 
8 
1 
2 
1 
1 
1 
2 
3 
13 
3 
2 
2 
24 
36 
1 
1 
3 
1 
4 
2 
1 
1 
1 
2 
1 
28 
137 
2 
6 
54 
11 
6 
1 
3 
198 
3 
2 
3 
1 
1 
1 
3 
9 
1 
1 
3 
1 
4 
43 
6 
4 
1 
51 
1 
2 
4 
1 
6 
1 
1 
1 
1 
28 
1 
3 
3 
3 
21 
9 
2 
1 
1 
1 
1 
1 
3 
1 
1 
29 
1 
1 
2 
9 
8 
1 
1 
3 
1 
4 
2 
47 
1 
3 
1 
12 
51 
1 
2 
3 
1 
3 
23 
3 
1 
2 
2 
4 
2 
1 
1 
1 
1 
1 
1 
76 
2 
3 
3 
48 
1 
1 
2 
1 
2 
1 
1 
27 
28 
246 
2 
31 
8 
2 
1 
1 
13 
48 
1 
2 
39 
1 
7 
9 
1 
87 
6 
2 
4 
13 
71 
113 
3 
1 
1 
2 
4 
1 
5 
1 
1 
1 
3 
30 
156 
1 
1 
5 
1 
22 
41 
1 
1 
1 
116 
1 
1 
2 
25 
1 
1 
5 
1 
58 
5 
3 
5 
3 
1 
7 
7 
6 
1 
3 
218 
20 
6 
18 
1 
16 
1 
1 
13 
1 
1 
1 
1 
3 
27 
15 
30 
2 
7 
3 
2 
11 
1 
6 
6 
1 
2 
1 
1 
1 
1 
4 
3 
1 
2 
3 
42 
1 
3 
2 
1 
1 
1 
1 
1 
1 
7 
5 
6 
14 
4 
32 
72 
5 
1 
1 
1 
1 
1 
1 
85 
22 
12 
3 
1 
2 
1 
1 
1 
14 
1 
1 
1 
18 
1 
1 
1 
1 
4 
1 
52 
1 
1 
1 
210 
1 
5 
39 
1 
2 
3 
12 
34 
2 
2 
1 
1 
1 
1 
9 
1 
1 
39 
6 
1 
1 
2 
215 
1 
8 
27 
2 
2 
2 
1 
22 
1 
1 
3 
1 
640 
4 
1 
8 
1 
23 
1 
18 
17 
46 
3 
14 
2 
1 
7 
14 
2 
80 
3 
3 
4 
1 
197 
3 
1 
22 
531 
2 
2 
51 
2 
1 
1 
1 
1 
25 
3 
1 
1 
2 
5 
2 
3 
1 
5 
1 
1 
4 
1 
1 
1 
10 
1 
69 
1 
1 
2 
1 
4 
1 
1 
1 
3 
1 
2 
1 
1 
1 
93 
1 
1 
1 
2 
1 
1 
62 
5 
492 
1 
3 
2 
1 
2 
3 
1 
8 
5 
2 
1 
29 
1 
4 
40 
1 
1 
10 
15 
2 
3 
2 
1 
1 
10 
1 
1 
1 
1 
41 
9 
1 
25 
90 
1 
1 
3 
3 
1 
1 
20 
1 
1 
1 
24 
77 
1 
3 
6 
17 
7 
1 
6 
1 
1 
3 
1 
6 
2 
4 
9 
1 
10 
1 
15 
1 
1 
9 
1 
3 
2 
2 
59 
107 
1 
20 
6 
5 
14 
29 
3 
1 
11 
5 
1 
1 
14 
1 
3 
2 
1 
1 
12 
2 
10 
1 
11 
1 
43 
1 
14 
1 
6 
25 
733 
8 
5 
21 
1 
1 
4 
3 
2 
1 
1 
24 
2 
2 
17 
1 
3 
2 
25 
6 
1 
337 
45 
1 
1 
1 
1 
62 
5 
1 
1 
3 
1 
1 
1 
406 
6 
5 
1 
5 
1 
3 
6 
1 
1 
2 
22 
1 
21 
1 
1 
1 
1 
12 
1 
4 
842 
1 
9 
1 
7 
11 
1 
5 
23 
1 
4 
1 
1 
1 
11 
1 
1 
1 
1 
33 
2 
3 
8 
2 
2 
24 
1 
6 
4 
1 
1 
4 
2 
2 
7 
3 
1 
24 
1 
2 
13 
2 
2 
15 
6 
48 
1 
230 
4 
2 
1 
4 
16 
62 
1 
19 
1 
16 
3 
2 
48 
11 
6 
3 
4 
1 
1 
1 
1 
7 
2 
136 
1 
1 
24 
1 
1 
1 
3 
25 
2 
1 
6 
1 
2 
39 
1 
2 
1 
58 
1 
1 
3 
46 
1 
2 
2 
10 
1 
1 
1 
2 
21 
1 
6 
1 
4 
17 
227 
2 
1 
1 
3 
1 
1 
27 
2 
1 
41 
1 
1 
33 
1 
1 
1 
1 
5 
3 
7 
1 
12 
2 
5 
14 
2 
1 
9 
1 
1 
2 
1 
1 
13 
2 
7 
1 
2 
1 
4 
2 
1 
19 
1 
3 
1 
1 
7 
30 
51 
1 
29 
1 
2 
3 
1 
5 
1 
1 
1 
2 
4 
36 
5 
3 
2 
2 
1 
1 
1 
322 
11 
658 
10 
1 
1 
4 
2 
2 
1 
3 
1 
4 
1 
2 
7 
2 
1 
1 
1 
2 
15 
868 
2 
7 
1 
2 
5 
4 
1 
31 
1 
1 
3 
24 
17 
2 
22 
3 
1 
5 
1 
2 
1 
8 
1 
2 
2 
2 
1 
1 
1 
1 
69 
1 
1 
3 
4 
1 
4 
1 
27 
342 
1 
8 
10 
4 
1 
2 
309 
1 
6 
2 
2 
1 
1 
13 
32 
8 
1 
2 
7 
1 
4 
3 
124 
5 
4 
1 
1 
15 
1 
1 
1 
4 
2 
2 
1 
15 
5 
2 
1 
1 
1 
1 
5 
1 
5 
1 
1 
1 
1 
46 
1 
1 
1 
1 
1 
3 
1 
52 
1 
443 
1 
1 
1 
1 
4 
1 
4 
1 
1 
5 
1 
1 
1 
2 
25 
1 
32 
1 
7 
45 
47 
1 
3 
1 
2 
1 
4 
12 
1 
28 
3 
18 
4 
23 
2 
75 
26 
1 
1 
3 
1 
1 
4 
1 
2 
2 
4 
3 
2 
2 
2 
1 
1 
1 
13 
1 
1 
1 
172 
2 
139 
5 
19 
1 
22 
34 
6 
1 
1 
1 
1 
1 
2 
1 
1 
3 
28 
1 
6 
1 
2 
31 
1 
2 
1 
154 
6 
1 
1 
1 
2 
2 
7 
1 
2 
1 
1 
1 
1 
13 
3 
1 
8 
64 
1 
6 
1 
1 
6 
51 
62 
1 
4 
2 
2 
5 
1 
1 
6 
6 
13 
1 
1 
1 
529 
6 
36 
1 
1 
6 
2 
1 
3 
2 
21 
1 
20 
1 
42 
6 
1 
778 
302 
1 
5 
1 
2 
52 
2 
140 
237 
2 
1 
4 
2 
2 
1 
1 
2 
1 
4 
1 
14 
1 
2 
1 
2 
4 
28 
1 
25 
4 
1 
6 
9 
102 
2 
3 
62 
2 
2 
11 
1 
1 
1 
1 
12 
1 
1 
1 
2 
3 
1 
6 
1 
2 
4 
10 
1 
5 
178 
18 
1 
3 
14 
1 
1 
1 
1 
1 
1 
11 
5 
2 
1 
11 
1 
1 
1 
1 
1 
129 
22 
5 
4 
3 
1 
5 
2 
1 
2 
2 
1 
1 
1 
1 
2 
246 
6 
1 
241 
3 
1 
1 
6 
18 
1 
1 
1 
5 
4 
1 
1 
1 
2 
8 
9 
1 
5 
11 
1 
1 
4 
3 
1 
45 
1 
1 
5 
2 
38 
1 
1 
8 
1 
5 
2 
1 
5 
1 
1 
1 
87 
349 
10 
2 
1 
2 
15 
611 
2 
5 
7 
79 
3 
8 
1 
15 
3 
2 
1 
1 
2 
6 
5 
1 
2 
25 
27 
1 
1 
167 
1 
1 
8 
4 
1 
1 
6 
1 
1 
14 
2 
2 
10 
3 
1 
2 
2 
5 
1 
15 
1 
2 
1 
71 
3 
2 
7 
1 
1 
27 
1 
18 
1 
1 
1 
6 
2 
1 
6 
1 
1 
8 
1 
842 
3 
3 
1 
3 
8 
3 
2 
8 
1 
1 
1 
6 
5 
1 
27 
43 
44 
21 
3 
5 
32 
1 
2 
6 
1 
1 
1 
1 
1 
11 
3 
1 
39 
1 
3 
1 
8 
1 
6 
11 
1 
1 
1 
1 
13 
2 
679 
5 
2 
6 
6 
1 
1 
1 
1 
6 
1 
585 
3 
27 
2 
8 
1 
2 
3 
2 
1 
4 
57 
2 
1 
27 
8 
25 
1 
6 
1 
4 
6 
2 
1 
1 
2 
3 
1 
1 
1 
16 
27 
3 
4 
3 
1 
1 
23 
4 
1 
1 
1 
2 
1 
40 
42 
1 
25 
75 
4 
1 
1 
1 
1 
2 
2 
2 
3 
1 
2 
15 
25 
1 
1 
2 
2 
1 
1 
7 
45 
2 
38 
1 
42 
3 
1 
1 
1 
1 
3 
1 
21 
416 
2 
1 
1 
5 
108 
9 
3 
1 
1 
1 
1 
2 
3 
2 
13 
1 
10 
2 
4 
1 
1 
10 
117 
1 
1 
1 
5 
292 
1 
23 
1 
22 
16 
1 
9 
1 
4 
1 
2 
18 
1 
1 
1 
1 
1 
6 
2 
2 
13 
1 
2 
1 
2 
1 
22 
772 
2 
17 
1 
1 
5 
1 
87 
120 
2 
4 
35 
1 
6 
2 
1 
5 
1 
352 
18 
2 
3 
1 
413 
1 
1 
1 
1 
2 
2 
1 
24 
1 
10 
1 
69 
2 
3 
2 
203 
2 
1 
509 
1 
1 
1 
4 
1 
1 
4 
84 
38 
1 
1 
2 
1 
33 
5 
2 
3 
13 
1 
1 
2 
3 
2 
2 
9 
3 
4 
2 
3 
1 
5 
838 
1 
1 
1 
3 
5 
3 
7 
22 
15 
1 
10 
1 
2 
2 
1 
1 
5 
15 
2 
3 
36 
113 
1 
1 
17 
1 
1 
20 
3 
53 
1 
605 
47 
44 
5 
1 
8 
1 
1 
4 
15 
6 
341 
4 
1 
1 
1 
2 
1 
1 
1 
32 
35 
1 
2 
1 
3 
25 
1 
2 
1 
1 
1 
1 
1 
5 
6 
1 
1 
29 
55 
1 
4 
1 
1 
1 
1 
24 
2 
10 
11 
2 
54 
17 
2 
593 
3 
5 
1 
2 
53 
48 
1 
7 
1 
7 
8 
2 
1 
47 
1 
9 
196 
1 
4 
7 
1 
10 
2 
2 
1 
1 
7 
4 
3 
1 
25 
13 
1 
1 
1 
3 
2 
8 
36 
10 
5 
5 
1 
3 
18 
1 
1 
57 
2 
4 
37 
6 
10 
2 
1 
14 
2 
1 
3 
7 
1 
2 
1 
3 
1 
1 
3 
1 
2 
33 
1 
8 
11 
1 
2 
1 
1 
2 
3 
21 
16 
4 
1 
1 
1 
1 
23 
1 
67 
24 
3 
1 
9 
3 
1 
1 
1 
1 
1 
368 
12 
1 
1 
112 
1 
1 
6 
8 
1 
3 
1 
2 
1 
1 
1 
1 
1 
1 
54 
1 
52 
4 
1 
18 
164 
5 
1 
3 
748 
8 
1 
23 
1 
1 
4 
38 
1 
7 
25 
6 
110 
1 
12 
6 
5 
849 
1 
1 
64 
1 
956 
2 
2 
63 
1 
59 
1 
13 
1 
1 
4 
12 
7 
4 
3 
13 
1 
15 
1 
1 
6 
1 
2 
1 
3 
1 
11 
1 
4 
6 
1 
27 
2 
13 
1 
1 
2 
2 
1 
52 
1 
13 
2 
1 
2 
1 
2 
5 
2 
1 
6 
1 
577 
1 
16 
1 
1 
1 
1 
177 
77 
1 
1 
1 
6 
1 
411 
1 
1 
653 
31 
2 
3 
1 
1 
5 
3 
1 
1 
1 
2 
19 
72 
1 
23 
1 
1 
1 
1 
5 
1 
2 
5 
1 
29 
53 
1 
1 
1 
59 
12 
13 
2 
24 
1 
952 
2 
12 
7 
1 
2 
2 
1 
4 
2 
1 
2 
85 
6 
47 
27 
18 
11 
221 
1 
1 
4 
5 
5 
4 
2 
2 
1 
1 
3 
1 
1 
3 
1 
11 
5 
2 
8 
22 
1 
1 
1 
1 
1 
2 
3 
2 
3 
10 
1 
1 
20 
1 
3 
3 
2 
36 
3 
1 
111 
108 
411 
10 
4 
4 
33 
8 
7 
4 
22 
3 
33 
1 
1 
4 
1 
1 
1 
1 
7 
7 
1 
1 
1 
2 
1 
218 
1 
2 
1 
1 
6 
1 
1 
1 
6 
1 
1 
333 
18 
1 
1 
1 
54 
1 
1 
2 
1 
4 
1 
1 
117 
18 
57 
1 
4 
3 
1 
1 
3 
2 
2 
1 
4 
2 
8 
27 
8 
1 
13 
6 
1 
1 
1 
1 
3 
14 
8 
1 
8 
9 
1 
1 
170 
50 
1 
8 
1 
829 
1 
1 
1 
1 
6 
20 
1 
20 
12 
6 
18 
1 
2 
1 
1 
35 
1 
1 
2 
8 
1 
1 
14 
1 
3 
5 
1 
7 
2 
1 
11 
3 
1 
1 
4 
1 
4 
63 
1 
113 
1 
1 
1 
1 
1 
3 
2 
1 
2 
6 
4 
33 
3 
87 
1 
3 
4 
4 
47 
2 
3 
2 
45 
3 
1 
1 
1 
1 
1 
94 
2 
1 
1 
5 
5 
1 
1 
1 
296 
1 
31 
1 
1 
2 
1 
1 
3 
1 
2 
1 
20 
1 
2 
3 
1 
1 
11 
3 
1 
68 
6 
3 
2 
3 
111 
1 
3 
1 
9 
4 
1 
3 
1 
1 
1 
158 
19 
4 
37 
8 
7 
1 
1 
2 
3 
1 
1 
259 
1 
2 
8 
1 
1 
3 
1 
9 
1 
1 
1 
1 
77 
1 
2 
2 
3 
24 
2 
2 
3 
1 
3 
1 
189 
6 
1 
2 
1 
1 
37 
4 
1 
5 
145 
11 
29 
8 
1 
1 
2 
4 
2 
1 
1 
33 
11 
1 
2 
1 
1 
1 
1 
2 
1 
4 
2 
19 
4 
1 
1 
4 
7 
1 
7 
3 
2 
6 
7 
1 
1 
532 
2 
1 
9 
1 
31 
1 
92 
18 
1 
1 
11 
1 
1 
1 
6 
2 
1 
1 
2 
1 
3 
181 
10 
1 
1 
1 
6 
183 
1 
280 
5 
157 
16 
1 
1 
15 
2 
1 
5 
2 
2 
1 
1 
23 
70 
1 
5 
34 
1 
1 
1 
1 
4 
1 
69 
20 
4 
1 
128 
1 
6 
75 
4 
3 
1 
1 
7 
1 
2 
1 
1 
1 
5 
1 
1 
1 
2 
43 
5 
9 
2 
1 
1 
2 
118 
1 
6 
8 
1 
1 
1 
3 
1 
27 
1 
83 
1 
1 
2 
1 
106 
1 
1 
19 
26 
5 
1 
2 
1 
49 
3 
4 
4 
1 
113 
2 
6 
2 
1 
1 
2 
1 
1 
5 
1 
1 
1 
1 
137 
1 
2 
1 
3 
1 
25 
1 
1 
1 
5 
1 
3 
2 
8 
3 
13 
1 
9 
2 
1 
1 
1 
3 
16 
1 
5 
74 
1 
4 
2 
2 
1 
6 
1 
1 
1 
1 
8 
2 
8 
1 
1 
222 
6 
4 
4 
1 
1 
2 
3 
1 
1 
1 
75 
1 
3 
1 
9 
71 
4 
2 
2 
3 
165 
1 
10 
77 
1 
1 
3 
1 
1 
7 
3 
4 
3 
1 
2 
1 
1 
1 
5 
1 
24 
1 
14 
1 
1 
2 
1 
1 
13 
31 
1 
6 
2 
1 
1 
9 
43 
1 
2 
3 
58 
6 
1 
384 
1 
1 
12 
1 
2 
4 
1 
1 
1 
1 
4 
4 
19 
1 
3 
1 
1 
1 
1 
13 
1 
3 
71 
2 
6 
3 
4 
1 
2 
20 
2 
23 
1 
6 
1 
18 
1 
1 
7 
4 
1 
30 
751 
4 
891 
1 
15 
1 
13 
1 
1 
7 
1 
5 
150 
12 
4 
10 
287 
1 
1 
2 
2 
1 
35 
1 
1 
6 
1 
5 
1 
1 
1 
16 
2 
3 
5 
5 
4 
1 
10 
1 
1 
152 
8 
1 
3 
11 
48 
10 
2 
2 
1 
28 
73 
27 
5 
1 
43 
1 
5 
8 
15 
4 
1 
2 
474 
2 
1 
10 
3 
4 
2 
1 
1 
1 
1 
9 
4 
17 
1 
2 
48 
7 
4 
74 
1 
372 
1 
3 
150 
14 
1 
4 
19 
1 
139 
2 
1 
7 
1 
3 
1 
5 
1 
3 
1 
10 
1 
25 
7 
1 
5 
1 
1 
18 
1 
1 
3 
1 
2 
4 
14 
1 
17 
744 
2 
43 
11 
72 
7 
1 
32 
45 
2 
51 
3 
32 
1 
100 
1 
10 
2 
1 
11 
1 
5 
3 
1 
1 
12 
1 
1 
1 
1 
4 
3 
2 
124 
4 
241 
1 
8 
2 
13 
4 
1 
32 
1 
1 
14 
7 
80 
3 
71 
16 
2 
1 
2 
2 
3 
3 
114 
1 
8 
1 
12 
1 
1 
2 
14 
2 
7 
2 
1 
2 
1 
18 
1 
1 
11 
5 
1 
185 
2 
1 
3 
3 
1 
1 
1 
3 
1 
37 
3 
9 
1 
4 
1 
30 
29 
1 
2 
78 
3 
10 
48 
1 
31 
3 
1 
6 
1 
1 
1 
4 
1 
2 
45 
8 
2 
1 
2 
2 
41 
1 
2 
23 
53 
1 
6 
1 
75 
53 
2 
7 
14 
1 
21 
1 
5 
33 
3 
6 
1 
3 
4 
50 
2 
7 
2 
1 
2 
1 
1 
1 
15 
30 
2 
2 
1 
3 
689 
6 
7 
3 
3 
43 
249 
4 
41 
42 
1 
3 
3 
1 
1 
1 
9 
5 
1 
3 
2 
3 
1 
1 
10 
350 
3 
2 
13 
1 
1 
1 
1 
1 
1 
2 
2 
10 
1 
82 
1 
1 
1 
10 
21 
7 
1 
11 
1 
12 
2 
60 
706 
8 
266 
15 
2 
1 
7 
405 
5 
1 
1 
4 
4 
1 
30 
1 
1 
11 
2 
18 
2 
508 
3 
1 
1 
1 
2 
11 
403 
599 
1 
1 
6 
2 
142 
33 
396 
3 
2 
2 
3 
1 
15 
2 
44 
1 
5 
69 
1 
11 
3 
2 
1 
1 
2 
27 
4 
1 
8 
1 
7 
5 
1 
2 
1 
3 
5 
40 
2 
1 
2 
1 
1 
1 
1 
1 
1 
1 
1 
22 
1 
2 
129 
1 
1 
895 
1 
3 
17 
6 
1 
1 
2 
2 
2 
67 
22 
109 
94 
1 
14 
3 
1 
2 
1 
2 
1 
10 
1 
2 
1 
1 
2 
4 
143 
2 
1 
101 
9 
1 
3 
2 
5 
1 
2 
2 
51 
1 
2 
4 
1 
3 
11 
1 
1 
1 
2 
36 
46 
5 
1 
4 
4 
1 
1 
1 
2 
1 
1 
1 
1 
10 
1 
3 
5 
5 
2 
166 
69 
1 
11 
20 
1 
2 
495 
1 
1 
1 
1 
333 
4 
5 
1 
1 
2 
15 
117 
17 
60 
15 
1 
62 
2 
1 
3 
1 
3 
1 
2 
88 
1 
1 
1 
25 
1 
4 
24 
254 
4 
3 
8 
3 
1 
1 
2 
4 
1 
3 
1 
1 
8 
1 
1 
7 
1 
2 
15 
7 
1 
66 
7 
1 
2 
1 
1 
2 
31 
2 
1 
11 
76 
1 
12 
10 
2 
2 
874 
11 
42 
5 
10 
1 
1 
31 
4 
2 
1 
1 
1 
1 
3 
2 
93 
5 
148 
4 
3 
93 
3 
1 
7 
1 
1 
1 
9 
1 
1 
1 
2 
2 
8 
6 
12 
1 
4 
1 
1 
5 
2 
1 
1 
2 
358 
4 
1 
2 
10 
1 
4 
1 
1 
1 
5 
1 
2 
301 
19 
1 
1 
47 
5 
1 
4 
675 
1 
1 
127 
2 
1 
1 
1 
11 
1 
4 
2 
2 
5 
1 
2 
17 
16 
14 
9 
1 
5 
1 
34 
1 
26 
22 
4 
78 
1 
1 
1 
4 
1 
1 
8 
26 
1 
51 
4 
421 
1 
1 
237 
14 
33 
3 
6 
1 
1 
1 
2 
4 
3 
2 
11 
86 
7 
9 
1 
4 
228 
1 
1 
2 
5 
1 
1 
58 
1 
1 
17 
1 
39 
5 
2 
17 
1 
2 
37 
5 
8 
1 
1 
1 
1 
192 
3 
12 
1 
1 
22 
1 
4 
1 
1 
1 
3 
4 
2 
3 
2 
101 
5 
2 
1 
1 
1 
9 
33 
4 
1 
1 
36 
67 
821 
9 
4 
5 
4 
55 
1 
2 
3 
8 
1 
6 
71 
4 
1 
3 
1 
19 
2 
1 
1 
1 
62 
14 
391 
11 
5 
4 
74 
151 
1 
1 
1 
4 
19 
1 
1 
3 
4 
7 
69 
9 
3 
1 
4 
3 
26 
1 
3 
2 
2 
1 
11 
123 
1 
1 
108 
22 
7 
1 
7 
17 
35 
1 
3 
13 
226 
2 
4 
1 
2 
8 
6 
16 
4 
4 
1 
1 
93 
3 
1 
3 
1 
1 
6 
3 
1 
1 
2 
27 
2 
1 
1 
6 
1 
3 
4 
4 
3 
37 
10 
1 
1 
33 
1 
1 
32 
1 
1 
4 
1 
1 
2 
1 
6 
1 
1 
1 
4 
2 
3 
2 
5 
1 
1 
4 
4 
12 
25 
2 
4 
2 
10 
6 
25 
48 
30 
4 
1 
3 
141 
2 
11 
2 
1 
5 
13 
1 
1 
2 
11 
1 
2 
1 
55 
1 
1 
1 
3 
4 
1 
2 
1 
3 
3 
1 
1 
38 
2 
1 
1 
1 
11 
2 
2 
1 
116 
2 
85 
2 
8 
1 
1 
1 
1 
1 
1 
8 
2 
5 
4 
1 
3 
4 
2 
6 
2 
13 
1 
1 
1 
1 
1 
49 
3 
1 
3 
5 
5 
3 
10 
2 
4 
1 
4 
2 
5 
1 
1 
29 
4 
1 
2 
2 
2 
18 
519 
1 
9 
1 
3 
5 
4 
4 
2 
7 
2 
1 
1 
22 
20 
1 
13 
1 
20 
5 
6 
59 
1 
3 
2 
9 
1 
2 
1 
2 
270 
12 
1 
1 
12 
52 
1 
1 
21 
4 
1 
1 
1 
13 
5 
1 
1 
5 
1 
616 
4 
254 
23 
1 
8 
2 
1 
5 
2 
608 
1 
2 
1 
3 
14 
5 
24 
1 
1 
2 
1 
1 
1 
6 
20 
5 
3 
4 
36 
1 
8 
1 
3 
1 
22 
1 
3 
1 
1 
3 
1 
1 
3 
1 
22 
12 
3 
1 
1 
20 
1 
1 
1 
7 
16 
44 
1 
2 
9 
409 
119 
1 
6 
1 
2 
1 
2 
2 
4 
4 
2 
1 
3 
5 
114 
1 
16 
3 
1 
1 
6 
23 
1 
66 
76 
1 
4 
1 
28 
6 
84 
2 
1 
11 
3 
1 
1 
2 
4 
15 
3 
1 
1 
50 
1 
3 
2 
107 
1 
4 
11 
1 
1 
1 
1 
6 
1 
3 
1 
14 
2 
6 
3 
3 
4 
1 
24 
16 
2 
1 
2 
1 
1 
1 
2 
44 
1 
541 
1 
1 
108 
2 
20 
1 
1 
111 
403 
1 
1 
111 
5 
8 
1 
1 
1 
47 
5 
12 
1 
38 
17 
1 
6 
34 
8 
449 
2 
1 
1 
4 
3 
1 
1 
1 
1 
1 
2 
1 
1 
1 
1 
2 
18 
2 
1 
2 
6 
1 
7 
3 
1 
1 
1 
1 
149 
2 
827 
1 
2 
1 
1 
1 
2 
1 
1 
1 
1 
55 
2 
9 
1 
3 
7 
158 
2 
9 
19 
447 
2 
3 
1 
2 
2 
4 
1 
10 
8 
14 
3 
3 
1 
29 
4 
1 
1 
1 
1 
20 
1 
1 
261 
59 
9 
1 
8 
4 
1 
1 
1 
35 
12 
2 
181 
462 
4 
1 
2 
124 
6 
2 
3 
19 
3 
1 
5 
64 
28 
1 
1 
3 
2 
3 
1 
36 
40 
7 
4 
2 
17 
1 
247 
27 
1 
673 
9 
2 
59 
1 
1 
2 
3 
4 
2 
1 
12 
1 
2 
3 
2 
1 
1 
2 
1 
72 
1 
2 
1 
2 
2 
1 
1 
1 
1 
3 
2 
5 
1 
40 
2 
1 
1 
1 
7 
5 
280 
2 
2 
16 
1 
2 
1 
1 
1 
1 
1 
5 
1 
10 
6 
6 
1 
401 
1 
2 
1 
21 
7 
1 
7 
1 
23 
2 
4 
1 
1 
3 
4 
1 
314 
7 
1 
1 
1 
1 
5 
1 
11 
10 
6 
617 
18 
3 
2 
3 
1 
1 
2 
1 
1 
20 
4 
4 
2 
5 
1 
2 
1 
1 
1 
1 
1 
10 
1 
2 
1 
3 
2 
1 
5 
2 
1 
1 
2 
5 
2 
7 
1 
144 
2 
6 
1 
21 
28 
1 
2 
1 
6 
1 
32 
95 
1 
16 
1 
1 
1 
1 
1 
1 
9 
1 
1 
1 
3 
2 
9 
3 
2 
33 
3 
1 
1 
1 
2 
453 
1 
1 
1 
285 
1 
699 
1 
282 
1 
16 
5 
1 
1 
54 
3 
2 
3 
1 
1 
1 
1 
4 
13 
1 
1 
5 
3 
7 
7 
1 
21 
17 
1 
1 
1 
4 
6 
1 
1 
432 
12 
3 
14 
1 
1 
1 
7 
109 
3 
2 
1 
1 
1 
1 
1 
121 
5 
1 
5 
150 
5 
1 
2 
4 
1 
1 
194 
3 
18 
1 
24 
1 
1 
3 
1 
4 
14 
4 
7 
3 
1 
11 
1 
2 
1 
553 
1 
4 
1 
1 
5 
4 
3 
3 
30 
7 
318 
32 
7 
12 
587 
2 
1 
1 
131 
7 
1 
9 
2 
36 
106 
5 
1 
4 
1 
26 
8 
1 
9 
17 
11 
3 
12 
3 
2 
3 
1 
36 
1 
1 
1 
1 
2 
38 
1 
4 
26 
1 
1 
18 
1 
1 
1 
16 
2 
1 
536 
1 
1 
11 
2 
7 
7 
1 
4 
1 
7 
7 
3 
1 
1 
1 
397 
194 
2 
660 
6 
1 
1 
2 
1 
4 
21 
3 
1 
6 
2 
3 
5 
1 
4 
2 
2 
1 
1 
1 
1 
8 
2 
37 
1 
10 
1 
6 
1 
99 
1 
9 
23 
6 
3 
5 
18 
71 
5 
8 
245 
9 
88 
6 
1 
50 
159 
44 
1 
4 
1 
9 
259 
245 
1 
2 
1 
19 
1 
6 
59 
41 
6 
1 
11 
34 
1 
113 
61 
3 
1 
51 
2 
8 
3 
1 
9 
1 
1 
6 
8 
2 
1 
1 
2 
238 
1 
2 
1 
1 
15 
1 
1 
5 
13 
125 
1 
230 
11 
128 
1 
1 
1 
2 
21 
2 
1 
23 
2 
10 
1 
130 
2 
47 
6 
3 
1 
5 
142 
1 
81 
7 
5 
54 
1 
5 
1 
1 
6 
12 
1 
10 
11 
27 
25 
1 
1 
1 
233 
24 
8 
6 
1 
1 
1 
2 
10 
8 
1 
3 
6 
1 
11 
2 
1 
178 
1 
1 
113 
34 
1 
9 
1 
13 
1 
1 
8 
1 
2 
3 
1 
1 
4 
4 
8 
1 
1 
1 
1 
8 
1 
3 
3 
3 
2 
19 
1 
1 
7 
5 
1 
1 
3 
1 
7 
1 
20 
4 
1 
3 
1 
4 
1 
5 
17 
1 
12 
1 
1 
1 
85 
1 
3 
5 
1 
2 
1 
1 
14 
6 
1 
13 
4 
6 
2 
1 
1 
1 
9 
1 
92 
1 
8 
3 
1 
1 
137 
3 
13 
60 
1 
2 
1 
1 
1 
1 
1 
1 
24 
1 
3 
1 
8 
4 
1 
4 
4 
2 
1 
3 
1 
3 
1 
5 
3 
1 
1 
1 
1 
3 
1 
1 
2 
2 
5 
6 
8 
1 
1 
1 
1 
1 
1 
1 
1 
1 
1 
2 
5 
76 
2 
1 
1 
3 
2 
1 
1 
10 
1 
9 
1 
10 
1 
16 
2 
2 
2 
1 
2 
11 
4 
1 
1 
1 
16 
1 
1 
147 
1 
1 
36 
8 
6 
4 
623 
7 
1 
29 
2 
1 
2 
1 
12 
9 
2 
1 
2 
9 
2 
4 
1 
3 
1 
14 
3 
10 
1 
2 
32 
3 
3 
3 
70 
1 
6 
20 
4 
1 
6 
3 
1 
1 
2 
2 
1 
1 
61 
15 
1 
4 
1 
1 
7 
3 
3 
9 
4 
6 
1 
10 
1 
1 
1 
9 
2 
1 
1 
1 
11 
1 
2 
1 
1 
9 
5 
6 
5 
1 
22 
1 
132 
3 
2 
2 
2 
2 
1 
2 
26 
2 
9 
29 
1 
223 
2 
1 
1 
6 
4 
1 
1 
126 
1 
1 
1 
1 
1 
3 
1 
10 
2 
11 
21 
4 
1 
1 
1 
35 
1 
1 
1 
22 
16 
14 
8 
1 
7 
5 
2 
7 
1 
4 
1 
6 
2 
1 
1 
30 
1 
1 
30 
3 
19 
1 
6 
1 
65 
21 
1 
1 
228 
1 
13 
1 
306 
100 
2 
1 
1 
4 
8 
30 
3 
1 
5 
1 
1 
2 
9 
1 
1 
1 
22 
1 
5 
1 
7 
1 
3 
9 
1 
2 
1 
3 
2 
6 
4 
1 
2 
1 
2 
1 
6 
2 
9 
1 
1 
1 
2 
2 
46 
2 
3 
1 
1 
3 
1 
19 
28 
10 
13 
1 
638 
84 
4 
10 
7 
1 
6 
1 
256 
592 
1 
3 
1 
2 
8 
1 
1 
2 
7 
8 
1 
2 
1 
2 
169 
1 
5 
1 
1 
11 
32 
1 
1 
11 
2 
249 
202 
10 
1 
84 
7 
2 
3 
5 
19 
407 
1 
2 
202 
2 
35 
170 
1 
1 
4 
15 
1 
1 
9 
2 
12 
11 
9 
1 
14 
666 
20 
515 
4 
3 
1 
249 
1 
1 
9 
4 
2 
12 
6 
1 
1 
10 
130 
1 
1 
3 
1 
1 
1 
2 
1 
1 
2 
1 
1 
1 
1 
12 
5 
23 
15 
1 
3 
2 
16 
2 
2 
1 
1 
1 
20 
1 
53 
4 
4 
23 
9 
1 
1 
1 
1 
7 
8 
2 
1 
1 
2 
1 
4 
1 
1 
24 
3 
2 
2 
43 
3 
1 
1 
5 
110 
1 
73 
2 
5 
1 
38 
2 
3 
5 
2 
1 
243 
1 
8 
2 
5 
9 
1 
2 
10 
5 
134 
1 
288 
1 
11 
1 
11 
1 
18 
1 
8 
1 
1 
1 
51 
2 
14 
1 
1 
3 
2 
5 
1 
6 
2 
1 
4 
2 
2 
25 
2 
5 
4 
1 
3 
1 
4 
2 
2 
1 
2 
2 
1 
6 
4 
5 
1 
1 
8 
2 
1 
7 
1 
6 
1 
100 
1 
1 
541 
10 
4 
13 
31 
2 
11 
53 
4 
2 
8 
1 
15 
36 
2 
59 
3 
2 
1 
1 
9 
1 
7 
4 
1 
1 
1 
1 
19 
1 
1 
1 
1 
3 
1 
1 
1 
2 
41 
1 
75 
1 
5 
95 
1 
4 
2 
1 
2 
4 
2 
3 
79 
1 
1 
20 
49 
1 
9 
6 
3 
48 
1 
1 
1 
1 
122 
50 
21 
3 
15 
2 
1 
2 
4 
3 
1 
1 
1 
1 
2 
13 
2 
4 
25 
11 
1 
1 
8 
26 
1 
2 
6 
1 
9 
4 
3 
3 
8 
2 
1 
159 
6 
10 
2 
1 
5 
1 
19 
1 
6 
2 
4 
1 
2 
3 
1 
1 
2 
2 
29 
1 
2 
2 
1 
4 
33 
1 
142 
2 
11 
4 
1 
55 
85 
19 
7 
14 
4 
4 
9 
18 
36 
3 
3 
1 
2 
4 
16 
5 
1 
3 
3 
6 
36 
1 
2 
1 
1 
8 
1 
1 
1 
2 
1 
16 
2 
39 
2 
2 
11 
2 
3 
1 
1 
2 
1 
1 
1 
1 
220 
4 
8 
3 
383 
6 
5 
3 
3 
8 
682 
1 
3 
2 
3 
2 
7 
1 
2 
3 
7 
32 
1 
9 
953 
8 
1 
6 
1 
20 
8 
1 
5 
1 
2 
1 
30 
1 
5 
5 
1 
19 
1 
2 
5 
2 
1 
1 
19 
50 
3 
1 
4 
9 
2 
112 
1 
1 
1 
1 
3 
2 
1 
108 
1 
6 
1 
3 
1 
20 
1 
1 
16 
5 
2 
15 
6 
1 
1 
478 
3 
4 
359 
2 
899 
1 
3 
2 
1 
1 
15 
4 
12 
3 
3 
11 
31 
1 
13 
2 
6 
1 
552 
6 
2 
5 
2 
1 
1 
2 
5 
1 
1 
1 
1 
6 
1 
1 
1 
1 
5 
4 
1 
6 
40 
1 
2 
1 
1 
1 
12 
11 
3 
18 
23 
1 
2 
6 
11 
2 
1 
7 
1 
6 
82 
3 
2 
30 
3 
1 
2 
1 
4 
1 
1 
5 
1 
1 
1 
1 
1 
1 
2 
410 
1 
3 
1 
1 
1 
1 
5 
1 
2 
5 
3 
6 
6 
9 
1 
1 
53 
1 
8 
1 
8 
1 
2 
1 
2 
53 
53 
3 
2 
1 
1 
9 
48 
3 
1 
1 
6 
1 
87 
1 
1 
1 
1 
5 
1 
24 
2 
3 
2 
2 
54 
40 
2 
1 
3 
5 
3 
13 
1 
979 
1 
5 
3 
21 
1 
32 
2 
9 
1 
180 
1 
2 
1 
1 
1 
14 
2 
2 
1 
1 
1 
3 
2 
14 
20 
1 
1 
3 
2 
1 
3 
4 
1 
561 
1 
40 
20 
186 
17 
2 
26 
1 
1 
2 
2 
9 
3 
1 
3 
1 
354 
3 
4 
5 
2 
5 
1 
2 
2 
3 
1 
1 
1 
2 
3 
1 
2 
1 
1 
1 
1 
1 
5 
3 
638 
6 
1 
824 
4 
1 
4 
32 
1 
11 
1 
1 
1 
2 
3 
29 
92 
7 
1 
1 
57 
1 
1 
1 
1 
115 
54 
2 
2 
1 
17 
2 
584 
1 
1 
24 
6 
23 
4 
3 
1 
3 
1 
27 
2 
1 
3 
2 
97 
1 
1 
1 
1 
1 
2 
5 
1 
1 
1 
1 
1 
1 
4 
4 
3 
1 
1 
1 
10 
1 
2 
4 
1 
10 
1 
25 
2 
6 
5 
1 
5 
30 
1 
2 
1 
5 
4 
12 
3 
1 
14 
3 
4 
3 
25 
1 
3 
1 
1 
1 
1 
1 
2 
2 
1 
1 
359 
6 
11 
1 
1 
1 
26 
1 
2 
1 
19 
2 
55 
7 
1 
89 
2 
16 
2 
4 
312 
1 
16 
1 
1 
1 
1 
10 
85 
1 
48 
25 
1 
15 
27 
83 
2 
12 
2 
1 
5 
5 
5 
10 
2 
1 
66 
11 
2 
2 
10 
1 
3 
1 
6 
1 
366 
2 
19 
1 
1 
3 
8 
1 
31 
1 
5 
48 
1 
3 
1 
34 
1 
80 
1 
1 
2 
1 
2 
1 
61 
5 
1 
2 
4 
2 
1 
1 
1 
55 
2 
2 
3 
8 
18 
1 
290 
1 
2 
22 
8 
28 
1 
1 
1 
20 
1 
1 
4 
2 
29 
2 
1 
1 
4 
29 
11 
2 
2 
16 
3 
1 
2 
2 
1 
1 
18 
8 
3 
1 
84 
1 
1 
6 
8 
113 
17 
2 
10 
1 
11 
1 
1 
12 
1 
12 
1 
99 
548 
1 
1 
2 
4 
13 
2 
4 
1 
1 
194 
3 
1 
5 
2 
1 
15 
1 
1 
4 
17 
1 
1 
1 
4 
11 
7 
1 
39 
4 
10 
2 
16 
5 
3 
127 
6 
1 
1 
14 
1 
3 
4 
1 
156 
1 
9 
2 
93 
1 
2 
2 
5 
18 
2 
5 
1 
4 
13 
3 
1 
1 
1 
47 
4 
1 
30 
1 
8 
6 
4 
8 
59 
1 
1 
3 
28 
1 
1 
1 
1 
1 
1 
9 
2 
22 
3 
1 
5 
8 
95 
1 
1 
12 
1 
1 
4 
27 
299 
8 
2 
2 
1 
3 
1 
3 
1 
1 
1 
961 
2 
3 
1 
3 
1 
1 
3 
9 
368 
3 
1 
686 
3 
2 
2 
367 
6 
8 
2 
1 
1 
6 
1 
2 
3 
1 
10 
1 
1 
1 
2 
5 
1 
4 
4 
2 
4 
1 
1 
1 
518 
9 
2 
3 
1 
2 
1 
2 
2 
281 
32 
1 
1 
4 
78 
8 
124 
17 
1 
4 
2 
1 
1 
97 
2 
1 
1 
1 
4 
1 
1 
1 
7 
1 
2 
1 
1 
154 
1 
1 
5 
51 
2 
9 
141 
1 
1 
5 
1 
2 
3 
1 
5 
28 
5 
5 
7 
2 
1 
14 
5 
1 
17 
40 
17 
2 
1 
1 
1 
1 
1 
1 
1 
1 
1 
3 
5 
1 
9 
5 
3 
1 
11 
37 
1 
119 
1 
2 
1 
3 
1 
1 
1 
3 
1 
2 
53 
1 
1 
1 
4 
23 
1 
2 
4 
34 
3 
1 
12 
101 
213 
4 
1 
409 
3 
1 
1 
31 
4 
3 
2 
10 
15 
3 
2 
25 
5 
1 
1 
2 
2 
1 
1 
3 
6 
33 
3 
4 
1 
1 
12 
2 
1 
2 
1 
1 
1 
1 
11 
1 
1 
1 
1 
1 
3 
1 
1 
2 
9 
1 
3 
1 
2 
10 
6 
2 
37 
11 
1 
4 
1 
1 
1 
2 
1 
187 
1 
2 
2 
12 
4 
2 
21 
32 
1 
2 
1 
1 
9 
15 
2 
1 
7 
1 
1 
6 
14 
3 
1 
4 
3 
7 
5 
8 
1 
1 
1 
11 
4 
7 
1 
2 
7 
3 
1 
15 
3 
13 
23 
1 
1 
1 
38 
1 
1 
1 
7 
8 
1 
1 
1 
5 
3 
1 
14 
27 
8 
3 
25 
1 
181 
1 
6 
1 
32 
2 
1 
12 
1 
1 
3 
2 
1 
300 
4 
2 
86 
2 
68 
3 
1 
3 
74 
4 
6 
2 
131 
1 
1 
1 
1 
11 
3 
1 
4 
3 
1 
4 
1 
7 
34 
1 
432 
2 
3 
1 
1 
1 
2 
1 
1 
