1 
1 
1 
1 
2 
2 
6 
14 
15 
72 
1 
1 
1 
2 
13 
2 
5 
1 
1 
1 
4 
316 
1 
19 
2 
1 
2 
2 
3 
1 
2 
1 
1 
6 
7 
1 
1 
1 
13 
12 
67 
5 
2 
1 
1 
1 
1 
1 
1 
219 
1 
3 
8 
1 
6 
3 
7 
1 
2 
116 
2 
1 
1 
1 
7 
25 
1 
2 
1 
1 
1 
1 
1 
3 
2 
1 
1 
8 
1 
1 
1 
1 
1 
1 
21 
1 
7 
3 
397 
1 
5 
24 
3 
1 
2 
2 
3 
2 
1 
3 
3 
2 
3 
13 
2 
1 
11 
2 
2 
153 
1 
134 
16 
1 
732 
2 
2 
1 
1 
1 
2 
1 
1 
3 
1 
1 
1 
11 
21 
1 
1 
1 
1 
24 
1 
1 
603 
1 
1 
2 
1 
1 
23 
1 
5 
2 
1 
1 
1 
9 
1 
1 
1 
1 
1 
1 
1 
1 
57 
12 
101 
3 
1 
1 
2 
1 
10 
1 
1 
2 
1 
1 
2 
3 
1 
12 
1 
1 
2 
1 
3 
1 
52 
26 
1 
2 
16 
2 
1 
7 
2 
1 
3 
1 
1 
1 
1 
1 
1 
1 
1 
1 
8 
1 
3 
3 
3 
1 
3 
3 
1 
1 
1 
4 
26 
2 
9 
1 
15 
1 
1 
1 
1 
1 
1 
10 
4 
28 
1 
4 
13 
1 
4 
1 
1 
10 
2 
1 
1 
1 
1 
1 
2 
26 
12 
1 
267 
2 
1 
14 
1 
1 
1 
3 
1 
4 
32 
20 
1 
1 
1 
1 
2 
1 
1 
1 
1 
1 
1 
1 
1 
1 
1 
1 
1 
2 
1 
2 
6 
2 
1 
1 
1 
5 
25 
1 
1 
1 
3 
10 
1 
2 
8 
1 
5 
3 
2 
1 
1 
5 
1 
1 
4 
1 
24 
2 
3 
1 
1 
17 
1 
1 
14 
1 
1 
1 
1 
2 
6 
6 
1 
27 
10 
1 
1 
2 
129 
1 
1 
21 
1 
35 
1 
1 
3 
1 
2 
1 
30 
1 
6 
9 
1 
3 
2 
1 
1 
1 
1 
1 
1 
2 
1 
4 
7 
1 
5 
2 
4 
1 
1 
1 
1 
1 
5 
4 
1 
2 
59 
2 
1 
1 
1 
1 
2 
1 
1 
273 
1 
1 
15 
1 
2 
1 
5 
1 
40 
1 
3 
2 
2 
58 
222 
1 
1 
1 
1 
4 
1 
2 
1 
1 
2 
1 
3 
2 
1 
63 
168 
92 
1 
3 
1 
1 
2 
19 
1 
2 
2 
6 
9 
3 
1 
1 
1 
1 
2 
1 
1 
1 
23 
1 
32 
7 
4 
1 
4 
2 
1 
11 
1 
10 
16 
2 
2 
84 
2 
1 
3 
10 
5 
1 
12 
1 
4 
1 
2 
1 
1 
7 
1 
1 
29 
1 
1 
1 
1 
3 
15 
1 
9 
6 
1 
9 
3 
27 
1 
832 
1 
1 
173 
2 
2 
1 
26 
1 
54 
1 
6 
1 
906 
309 
6 
26 
1 
2 
4 
2 
1 
1 
15 
53 
3 
5 
2 
3 
25 
2 
6 
3 
886 
1 
6 
45 
3 
1 
2 
2 
55 
14 
1 
1 
1 
1 
1 
3 
2 
1 
1 
21 
1 
5 
85 
1 
1 
1 
1 
207 
1 
2 
1 
4 
2 
22 
7 
1 
1 
1 
63 
1 
1 
1 
1 
96 
4 
8 
3 
1 
1 
12 
1 
5 
2 
3 
4 
2 
11 
1 
4 
9 
23 
1 
1 
1 
1 
1 
5 
5 
14 
1 
1 
3 
8 
336 
1 
1 
5 
1 
5 
4 
1 
2 
4 
1 
1 
1 
3 
1 
11 
1 
5 
3 
2 
1 
302 
1 
15 
2 
1 
1 
1 
1 
29 
1 
1 
1 
1 
5 
168 
2 
7 
3 
1 
2 
1 
2 
1 
2 
1 
1 
5 
2 
20 
2 
8 
2 
3 
18 
264 
1 
88 
1 
2 
27 
1 
1 
3 
1 
2 
1 
1 
2 
3 
2 
6 
2 
1 
1 
234 
4 
1 
8 
8 
1 
1 
1 
5 
2 
1 
1 
5 
2 
1 
1 
4 
1 
1 
1 
1 
1 
1 
9 
17 
19 
1 
1 
4 
3 
2 
1 
13 
2 
3 
1 
1 
2 
1 
4 
2 
7 
6 
4 
34 
1 
1 
1 
1 
1 
4 
2 
10 
1 
1 
2 
34 
5 
1 
10 
2 
7 
96 
1 
1 
7 
1 
1 
2 
7 
4 
1 
2 
1 
4 
2 
1 
2 
1 
6 
3 
2 
2 
5 
25 
1 
1 
4 
1 
1 
1 
1 
1 
149 
1 
5 
2 
1 
1 
108 
3 
1 
236 
5 
1 
3 
1 
2 
6 
1 
1 
1 
20 
1 
6 
1 
10 
3 
11 
16 
17 
17 
3 
2 
35 
1 
2 
1 
1 
7 
3 
1 
42 
91 
1 
1 
4 
1 
1 
5 
1 
2 
13 
1 
7 
1 
28 
1 
1 
366 
1 
1 
5 
1 
275 
1 
1 
1 
20 
2 
1 
1 
1 
1 
6 
1 
2 
4 
2 
8 
1 
1 
1 
1 
1 
1 
1 
7 
9 
1 
1 
1 
59 
1 
1 
3 
1 
9 
1 
3 
1 
23 
2 
8 
6 
4 
14 
1 
172 
5 
1 
527 
13 
36 
8 
1 
6 
1 
2 
2 
9 
1 
1 
1 
1 
1 
1 
1 
1 
1 
36 
20 
1 
3 
16 
1 
5 
36 
1 
2 
2 
1 
4 
308 
1 
4 
1 
1 
1 
7 
1 
5 
1 
1 
1 
1 
3 
4 
4 
1 
1 
3 
1 
5 
1 
1 
2 
1 
3 
1 
364 
1 
7 
1 
1 
2 
1 
3 
1 
5 
146 
3 
3 
1 
1 
2 
2 
4 
1 
141 
8 
1 
1 
1 
1 
6 
1 
4 
23 
5 
56 
1 
25 
1 
1 
1 
2 
9 
1 
2 
136 
10 
1 
4 
3 
1 
1 
2 
4 
1 
5 
1 
2 
1 
2 
2 
2 
1 
1 
2 
4 
1 
3 
2 
3 
1 
26 
1 
4 
1 
1 
17 
3 
1 
1 
1 
1 
2 
1 
17 
3 
21 
1 
2 
1 
65 
1 
1 
3 
1 
3 
130 
1 
5 
1 
49 
4 
13 
1 
9 
1 
1 
1 
2 
3 
4 
42 
2 
1 
82 
28 
2 
1 
10 
2 
1 
17 
2 
2 
1 
8 
1 
1 
66 
1 
1 
4 
1 
1 
27 
1 
3 
1 
1 
5 
2 
1 
2 
8 
1 
1 
1 
1 
1 
1 
1 
2 
1 
1 
21 
2 
4 
1 
1 
1 
1 
20 
149 
3 
1 
1 
2 
1 
4 
1 
7 
2 
2 
3 
1 
3 
2 
4 
4 
2 
5 
2 
1 
1 
2 
603 
1 
1 
4 
2 
2 
1 
5 
2 
1 
188 
1 
73 
3 
8 
1 
1 
52 
2 
15 
4 
1 
4 
4 
1 
1 
2 
1 
1 
13 
1 
15 
1 
4 
2 
1 
10 
3 
1 
1 
109 
11 
1 
2 
2 
1 
1 
1 
1 
3 
2 
1 
4 
1 
1 
1 
2 
1 
8 
3 
1 
1 
1 
2 
21 
1 
1 
103 
3 
2 
2 
4 
1 
29 
2 
1 
1 
8 
4 
1 
5 
1 
176 
1 
1 
1 
1 
1 
1 
1 
1 
6 
1 
52 
1 
4 
1 
34 
56 
1 
5 
97 
1 
1 
9 
3 
1 
2 
2 
14 
7 
675 
3 
2 
5 
3 
16 
5 
1 
9 
2 
1 
2 
3 
1 
1 
2 
38 
1 
1 
1 
6 
4 
6 
1 
239 
2 
1 
1 
1 
8 
1 
1 
100 
1 
40 
1 
1 
1 
4 
5 
1 
1 
8 
3 
7 
2 
3 
1 
2 
1 
6 
1 
1 
1 
1 
1 
2 
1 
1 
20 
2 
1 
1 
3 
1 
7 
1 
1 
1 
2 
2 
11 
2 
14 
1 
1 
1 
2 
2 
2 
2 
1 
1 
7 
1 
1 
2 
2 
17 
2 
1 
5 
1 
1 
1 
2 
23 
1 
1 
4 
1 
1000 
260 
15 
3 
5 
1 
3 
4 
1 
1 
1 
1 
93 
5 
11 
7 
17 
1 
4 
1 
50 
1 
1 
14 
1 
2 
1 
1 
1 
25 
3 
2 
1 
19 
25 
11 
8 
10 
1 
3 
40 
2 
1 
5 
6 
7 
1 
4 
232 
13 
1 
1 
1 
4 
7 
1 
92 
1 
62 
2 
3 
96 
3 
6 
17 
8 
1 
1 
3 
62 
1 
4 
1 
5 
72 
7 
321 
2 
1 
3 
2 
2 
1 
2 
1 
2 
2 
2 
3 
1 
9 
1 
2 
2 
1 
21 
14 
1 
1 
1 
1 
6 
2 
42 
1 
4 
1 
5 
3 
1 
10 
13 
1 
4 
7 
1 
1 
2 
1 
2 
37 
1 
1 
1 
1 
1 
2 
1 
5 
1 
3 
5 
7 
172 
1 
38 
1 
2 
1 
1 
3 
6 
6 
8 
1 
265 
1 
7 
2 
1 
1 
6 
1 
1 
1 
2 
1 
10 
1 
1 
2 
1 
5 
1 
6 
1 
2 
1 
1 
2 
2 
2 
1 
36 
83 
1 
40 
1 
1 
2 
62 
1 
2 
3 
9 
2 
2 
4 
1 
6 
1 
1 
56 
4 
3 
1 
1 
1 
3 
3 
1 
1 
4 
14 
3 
1 
1 
2 
1 
1 
2 
3 
1 
1 
2 
3 
6 
14 
4 
1 
2 
2 
3 
1 
1 
20 
2 
7 
1 
3 
5 
33 
1 
1 
3 
1 
5 
134 
1 
1 
8 
38 
16 
1 
14 
1 
1 
3 
27 
9 
1 
22 
1 
3 
1 
3 
4 
1 
17 
1 
3 
1 
31 
2 
1 
1 
2 
1 
3 
2 
1 
8 
1 
1 
1 
1 
10 
1 
1 
29 
1 
637 
690 
148 
1 
1 
2 
5 
1 
2 
4 
2 
1 
1 
4 
1 
1 
7 
98 
1 
26 
7 
2 
1 
1 
1 
4 
4 
1 
1 
1 
4 
2 
49 
4 
1 
1 
2 
26 
1 
1 
2 
2 
1 
2 
10 
1 
1 
2 
1 
1 
2 
14 
2 
3 
5 
1 
3 
5 
6 
5 
1 
25 
1 
4 
1 
2 
56 
1 
1 
1 
1 
2 
1 
41 
1 
15 
1 
17 
2 
4 
42 
1 
1 
3 
1 
2 
1 
2 
1 
2 
21 
1 
2 
1 
3 
24 
1 
3 
1 
10 
5 
9 
1 
10 
1 
1 
713 
4 
1 
2 
6 
1 
499 
1 
3 
4 
37 
1 
3 
1 
1 
2 
8 
2 
1 
7 
3 
5 
3 
1 
3 
1 
1 
104 
1 
1 
24 
2 
4 
5 
1 
1 
2 
24 
1 
1 
1 
4 
22 
3 
6 
1 
1 
1 
1 
35 
26 
2 
1 
1 
3 
2 
1 
4 
61 
3 
2 
2 
67 
1 
1 
1 
20 
1 
2 
2 
7 
1 
1 
1 
223 
2 
1 
1 
1 
1 
5 
10 
3 
1 
1 
9 
5 
1 
3 
1 
15 
1 
1 
1 
2 
2 
676 
15 
4 
35 
1 
4 
2 
2 
1 
1 
58 
10 
1 
2 
1 
2 
9 
5 
2 
2 
6 
1 
1 
1 
52 
2 
2 
1 
1 
1 
1 
1 
2 
4 
1 
1 
1 
1 
1 
1 
1 
4 
1 
1 
16 
1 
1 
2 
19 
32 
3 
16 
1 
8 
2 
1 
1 
19 
1 
7 
1 
60 
1 
4 
3 
2 
7 
4 
1 
1 
25 
1 
1 
135 
4 
1 
2 
5 
8 
2 
1 
1 
1 
1 
2 
1 
4 
1 
3 
1 
3 
2 
3 
4 
8 
10 
1 
1 
1 
1 
12 
1 
7 
1 
21 
1 
1 
1 
2 
1 
1 
1 
1 
2 
5 
2 
1 
2 
12 
1 
2 
1 
1 
1 
2 
5 
1 
10 
1 
9 
100 
1 
1 
6 
3 
1 
3 
3 
3 
1 
132 
2 
18 
1 
1 
1 
5 
1 
1 
1 
7 
69 
2 
1 
1 
21 
3 
2 
2 
1 
1 
1 
36 
3 
28 
16 
2 
3 
3 
2 
6 
1 
8 
10 
1 
1 
19 
3 
3 
1 
8 
3 
4 
4 
3 
1 
100 
11 
1 
3 
2 
1 
2 
1 
1 
1 
1 
2 
1 
1 
2 
1 
33 
1 
22 
1 
2 
1 
1 
1 
1 
294 
12 
4 
2 
75 
1 
2 
2 
1 
1 
1 
1 
34 
1 
7 
3 
1 
1 
1 
20 
39 
1 
1 
1 
8 
3 
7 
1 
1 
3 
5 
1 
1 
3 
1 
2 
1 
2 
2 
1 
1 
2 
1 
3 
1 
2 
1 
6 
1 
1 
22 
1 
3 
1 
2 
1 
7 
1 
24 
55 
1 
1 
1 
1 
8 
1 
1 
16 
1 
186 
3 
1 
2 
3 
13 
5 
1 
8 
1 
1 
1 
2 
3 
1 
1 
1 
1 
62 
9 
15 
342 
1 
3 
12 
9 
15 
1 
5 
1 
2 
61 
1 
1 
8 
1 
2 
5 
1 
6 
10 
2 
1 
7 
4 
1 
1 
3 
1 
7 
2 
1 
2 
1 
6 
4 
1 
6 
1 
2 
413 
1 
1 
1 
1 
6 
8 
254 
1 
1 
1 
1 
4 
1 
1 
1 
14 
13 
1 
1 
1 
2 
14 
1 
1 
6 
1 
4 
2 
1 
1 
9 
1 
2 
2 
41 
1 
3 
1 
3 
142 
3 
8 
34 
1 
1 
2 
1 
1 
1 
4 
3 
3 
2 
14 
307 
2 
3 
1 
1 
23 
13 
1 
2 
1 
2 
5 
78 
2 
1 
1 
2 
27 
1 
1 
401 
3 
1 
1 
2 
4 
1 
38 
1 
1 
32 
2 
1 
3 
49 
1 
1 
4 
6 
25 
6 
1 
1 
3 
15 
3 
4 
1 
69 
3 
4 
52 
1 
5 
55 
33 
1 
1 
3 
58 
1 
1 
42 
1 
1 
4 
5 
8 
1 
4 
1 
1 
1 
1 
2 
6 
1 
14 
1 
1 
82 
1 
1 
10 
23 
1 
1 
1 
3 
1 
21 
5 
4 
25 
1 
2 
1 
1 
1 
9 
1 
1 
2 
1 
1 
1 
5 
7 
86 
1 
2 
2 
1 
20 
4 
2 
1 
1 
1 
3 
1 
4 
2 
4 
2 
1 
3 
1 
21 
2 
1 
45 
1 
1 
1 
1 
22 
1 
1 
36 
1 
1 
1 
1 
1 
9 
107 
5 
1 
1 
5 
1 
1 
2 
2 
3 
5 
1 
1 
5 
3 
5 
1 
2 
2 
116 
47 
37 
1 
1 
2 
5 
7 
1 
2 
1 
2 
468 
5 
2 
1 
3 
6 
2 
2 
2 
2 
4 
3 
23 
1 
37 
2 
8 
1 
1 
2 
344 
19 
1 
1 
2 
10 
1 
1 
1 
1 
70 
1 
1 
5 
1 
1 
18 
1 
9 
128 
6 
3 
4 
2 
2 
2 
2 
1 
1 
1 
7 
2 
6 
1 
1 
4 
1 
2 
1 
45 
3 
3 
3 
1 
1 
6 
1 
3 
1 
132 
5 
2 
5 
3 
23 
3 
1 
3 
1 
4 
1 
3 
1 
1 
6 
1 
58 
1 
1 
1 
15 
1 
381 
41 
1 
6 
1 
3 
9 
2 
3 
2 
7 
2 
1 
2 
1 
1 
2 
1 
1 
53 
1 
98 
2 
1 
14 
1 
3 
115 
1 
1 
13 
1 
5 
1 
2 
3 
222 
1 
2 
1 
1 
1 
1 
1 
1 
3 
1 
2 
12 
66 
1 
2 
2 
1 
1 
126 
1 
7 
1 
22 
45 
1 
1 
1 
1 
26 
2 
1 
3 
2 
1 
15 
1 
2 
103 
1 
1 
14 
2 
1 
1 
56 
1 
6 
2 
10 
1 
12 
1 
1 
1 
5 
1 
1 
12 
1 
1 
769 
2 
1 
6 
42 
1 
2 
2 
1 
23 
3 
15 
2 
1 
1 
2 
1 
1 
1 
1 
1 
63 
1 
3 
5 
4 
14 
3 
1 
1 
84 
1 
5 
1 
106 
1 
1 
4 
374 
24 
2 
5 
12 
11 
3 
25 
1 
173 
1 
8 
2 
9 
1 
1 
2 
1 
7 
4 
15 
1 
20 
1 
9 
1 
1 
1 
4 
1 
4 
2 
8 
2 
3 
1 
2 
14 
8 
3 
2 
1 
2 
1 
1 
1 
7 
1 
13 
15 
1 
1 
1 
1 
1 
3 
4 
1 
727 
2 
1 
1 
1 
32 
2 
2 
2 
1 
1 
71 
2 
1 
21 
2 
1 
188 
1 
25 
1 
3 
1 
5 
19 
1 
1 
1 
1 
9 
15 
1 
1 
6 
3 
2 
1 
1 
12 
1 
13 
18 
1 
1 
3 
1 
2 
1 
1 
18 
146 
79 
6 
3 
1 
4 
1 
1 
1 
1 
1 
1 
35 
15 
1 
7 
1 
2 
1 
17 
40 
8 
1 
5 
4 
1 
1 
509 
5 
1 
29 
7 
1 
1 
4 
1 
2 
6 
1 
2 
1 
2 
13 
5 
8 
4 
1 
1 
2 
11 
1 
422 
2 
3 
2 
1 
1 
5 
1 
1 
40 
1 
1 
4 
1 
1 
3 
11 
1 
1 
8 
1 
30 
48 
38 
36 
1 
1 
3 
1 
1 
1 
1 
14 
7 
238 
1 
4 
1 
2 
1 
6 
1 
2 
3 
4 
4 
1 
1 
2 
5 
11 
1 
1 
2 
6 
7 
1 
2 
1 
1 
4 
21 
1 
1 
5 
1 
2 
3 
1 
1 
1 
11 
1 
2 
4 
71 
3 
3 
5 
28 
4 
7 
1 
2 
6 
1 
41 
18 
1 
2 
2 
73 
4 
2 
190 
130 
2 
3 
2 
1 
3 
1 
2 
22 
1 
1 
7 
1 
1 
36 
1 
1 
1 
5 
2 
1 
1 
9 
1 
3 
6 
1 
1 
3 
1 
3 
1 
1 
1 
1 
13 
6 
2 
182 
7 
1 
1 
2 
6 
1 
1 
1 
3 
31 
14 
1 
3 
1 
1 
27 
1 
1 
1 
25 
5 
24 
6 
1 
5 
1 
3 
2 
21 
19 
1 
130 
1 
1 
1 
3 
6 
1 
1 
1 
36 
2 
3 
13 
3 
2 
4 
1 
1 
22 
3 
13 
9 
1 
5 
2 
1 
13 
2 
1 
1 
2 
1 
11 
4 
1 
8 
9 
1 
1 
2 
2 
2 
4 
6 
151 
2 
1 
1 
2 
2 
1 
2 
1 
1 
3 
3 
1 
1 
1 
8 
1 
1 
2 
2 
1 
1 
7 
8 
1 
7 
1 
52 
7 
7 
3 
2 
2 
2 
3 
2 
3 
2 
1 
2 
45 
1 
1 
47 
6 
3 
1 
13 
1 
7 
4 
1 
1 
1 
4 
1 
1 
1 
2 
29 
3 
2 
3 
5 
2 
5 
3 
1 
40 
4 
46 
1 
2 
1 
3 
40 
3 
1 
1 
1 
1 
4 
2 
1 
1 
1 
1 
2 
1 
1 
62 
14 
250 
3 
1 
84 
1 
11 
12 
1 
1 
1 
5 
14 
2 
1 
20 
1 
2 
1 
2 
6 
1 
11 
1 
2 
2 
40 
3 
5 
19 
9 
245 
1 
1 
14 
9 
6 
1 
1 
1 
36 
31 
2 
15 
2 
3 
1 
1 
3 
6 
37 
3 
2 
1 
4 
20 
7 
1 
1 
21 
1 
1 
17 
1 
30 
3 
8 
1 
1 
123 
20 
6 
1 
8 
12 
7 
2 
3 
1 
1 
2 
1 
5 
1 
3 
34 
1 
1 
1 
1 
1 
5 
1 
2 
52 
313 
354 
12 
2 
30 
27 
1 
1 
1 
1 
3 
1 
20 
1 
1 
1 
1 
17 
74 
71 
35 
7 
5 
2 
1 
1 
1 
1 
1 
7 
8 
1 
1 
1 
5 
16 
1 
1 
2 
2 
1 
1 
1 
2 
1 
10 
2 
182 
2 
47 
1 
1 
1 
1 
1 
1 
1 
12 
52 
3 
1 
1 
2 
3 
1 
3 
3 
2 
1 
1 
1 
5 
1 
19 
2 
1 
4 
3 
1 
1 
2 
25 
1 
1 
2 
6 
4 
1 
1 
15 
2 
5 
98 
2 
7 
1 
1 
2 
1 
1 
86 
4 
1 
2 
1 
1 
2 
1 
1 
1 
1 
7 
11 
1 
1 
14 
275 
9 
3 
2 
2 
9 
1 
68 
3 
3 
14 
281 
1 
2 
5 
1 
9 
5 
1 
1 
1 
2 
8 
5 
3 
1 
4 
8 
1 
1 
28 
6 
1 
13 
7 
10 
6 
3 
6 
3 
3 
1 
1 
1 
1 
1 
14 
1 
1 
1 
47 
71 
7 
2 
16 
1 
7 
1 
11 
5 
1 
1 
2 
2 
1 
121 
1 
5 
4 
2 
16 
1 
1 
1 
1 
2 
3 
4 
388 
3 
26 
1 
9 
2 
24 
1 
1 
6 
1 
1 
10 
252 
58 
1 
3 
1 
1 
1 
3 
1 
1 
3 
1 
1 
27 
1 
3 
1 
1 
2 
7 
1 
1 
15 
1 
2 
1 
3 
2 
1 
9 
5 
1 
4 
3 
49 
5 
8 
6 
62 
7 
339 
1 
2 
32 
1 
105 
1 
3 
1 
11 
21 
2 
1 
1 
2 
1 
1 
1 
1 
4 
1 
3 
48 
48 
3 
33 
6 
2 
1 
1 
5 
5 
3 
3 
1 
1 
10 
4 
2 
2 
1 
41 
1 
1 
1 
1 
2 
1 
1 
3 
1 
64 
1 
39 
3 
4 
4 
1 
5 
1 
1 
1 
1 
8 
1 
3 
28 
2 
6 
1 
1 
1 
1 
1 
3 
2 
1 
56 
1 
2 
1 
1 
14 
4 
3 
1 
19 
1 
1 
1 
2 
1 
1 
2 
1 
1 
133 
8 
2 
3 
9 
14 
1 
780 
1 
77 
1 
5 
2 
1 
1 
6 
1 
3 
6 
29 
1 
1 
35 
1 
1 
2 
1 
3 
10 
47 
348 
128 
1 
21 
26 
15 
12 
1 
2 
1 
1 
1 
19 
1 
30 
1 
1 
23 
17 
1 
1 
10 
1 
1 
1 
1 
9 
4 
1 
2 
3 
3 
1 
2 
1 
1 
1 
4 
1 
1 
6 
1 
4 
2 
13 
7 
14 
2 
1 
5 
12 
1 
3 
44 
4 
1 
6 
1 
2 
2 
5 
1 
4 
5 
2 
1 
29 
1 
2 
3 
2 
1 
2 
35 
1 
3 
41 
1 
1 
5 
1 
2 
1 
1 
4 
1 
54 
4 
2 
4 
1 
4 
11 
5 
1 
1 
1 
9 
1 
1 
3 
1 
1 
21 
1 
2 
2 
2 
1 
1 
10 
1 
3 
1 
1 
1 
35 
1 
3 
3 
1 
1 
1 
1 
2 
1 
11 
7 
1 
1 
1 
1 
7 
1 
2 
1 
1 
53 
1 
2 
8 
6 
3 
9 
5 
2 
1 
2 
14 
1 
13 
2 
7 
2 
1 
1 
2 
7 
3 
2 
92 
1 
6 
3 
1 
12 
1 
1 
1 
2 
2 
1 
2 
1 
2 
218 
8 
1 
1 
2 
1 
1 
4 
1 
1 
1 
12 
1 
8 
2 
1 
1 
4 
113 
3 
1 
1 
1 
1 
1 
2 
1 
2 
6 
3 
22 
6 
3 
28 
1 
1 
8 
8 
3 
3 
11 
1 
1 
1 
1 
1 
3 
2 
1 
1 
362 
1 
2 
3 
1 
1 
11 
2 
7 
1 
873 
1 
5 
1 
3 
1 
5 
5 
1 
78 
13 
272 
1 
6 
1 
8 
2 
1 
2 
3 
1 
1 
1 
8 
1 
1 
5 
23 
1 
1 
2 
1 
1 
2 
21 
1 
1 
2 
1 
1 
6 
3 
83 
2 
3 
5 
3 
2 
18 
2 
291 
110 
6 
581 
1 
1 
2 
7 
10 
12 
1 
4 
1 
2 
1 
22 
1 
1 
16 
1 
1 
1 
1 
1 
1 
1 
1 
1 
1 
4 
2 
13 
1 
6 
1 
1 
1 
7 
56 
1 
8 
2 
37 
1 
27 
1 
1 
1 
2 
1 
920 
8 
1 
2 
2 
6 
1 
3 
1 
3 
1 
1 
21 
3 
1 
4 
1 
1 
1 
10 
8 
90 
5 
5 
1 
2 
52 
5 
4 
4 
2 
2 
5 
2 
2 
1 
3 
1 
3 
1 
1 
3 
821 
1 
1 
12 
15 
149 
1 
1 
1 
1 
1 
1 
1 
3 
1 
7 
2 
1 
2 
1 
4 
1 
9 
1 
1 
1 
5 
1 
6 
9 
1 
3 
1 
38 
234 
3 
316 
2 
1 
8 
2 
1 
4 
59 
2 
1 
2 
1 
1 
1 
2 
1 
1 
7 
28 
4 
2 
829 
2 
1 
1 
6 
3 
31 
1 
1 
2 
4 
1 
6 
1 
4 
1 
11 
1 
1 
1 
15 
1 
1 
1 
1 
1 
1 
27 
3 
33 
17 
1 
1 
1 
4 
1 
1 
1 
1 
1 
4 
4 
1 
1 
1 
1 
3 
1 
1 
9 
7 
34 
1 
1 
3 
29 
2 
6 
58 
14 
3 
288 
4 
289 
1 
1 
3 
1 
1 
155 
6 
4 
1 
1 
7 
1 
1 
2 
67 
1 
190 
1 
5 
1 
3 
4 
6 
1 
1 
1 
1 
27 
3 
13 
12 
8 
1 
1 
1 
5 
6 
1 
78 
11 
2 
317 
4 
65 
8 
33 
1 
1 
4 
5 
73 
1 
2 
1 
173 
1 
1 
64 
2 
1 
1 
1 
1 
2 
1 
2 
3 
1 
1 
2 
1 
3 
119 
1 
114 
1 
3 
1 
1 
12 
4 
1 
1 
1 
8 
1 
2 
1 
8 
15 
3 
1 
1 
1 
3 
24 
2 
3 
1 
2 
2 
2 
15 
1 
1 
1 
1 
134 
1 
10 
3 
2 
3 
1 
83 
1 
1 
1 
3 
2 
1 
42 
86 
8 
1 
2 
14 
1 
4 
1 
1 
17 
2 
4 
71 
21 
1 
1 
1 
1 
1 
1 
4 
1 
4 
1 
1 
2 
1 
1 
9 
2 
14 
1 
3 
7 
63 
1 
1 
43 
27 
2 
178 
1 
1 
17 
1 
2 
24 
2 
4 
2 
5 
1 
11 
18 
2 
1 
1 
2 
1 
1 
15 
2 
1 
9 
2 
1 
2 
2 
1 
2 
51 
1 
2 
1 
1 
6 
1 
9 
1 
1 
2 
4 
3 
1 
106 
2 
1 
2 
1 
141 
9 
1 
5 
3 
1 
1 
2 
4 
37 
5 
19 
1 
2 
2 
2 
2 
44 
1 
12 
1 
3 
10 
627 
1 
10 
1 
1 
2 
7 
99 
1 
1 
1 
2 
1 
3 
1 
8 
9 
11 
2 
1 
15 
3 
17 
28 
1 
29 
1 
2 
18 
1 
1 
1 
1 
3 
1 
2 
10 
2 
1 
6 
1 
2 
25 
2 
873 
1 
1 
4 
1 
2 
2 
2 
7 
2 
8 
1 
4 
1 
1 
3 
1 
2 
20 
1 
9 
2 
32 
1 
2 
16 
34 
5 
2 
1 
2 
2 
106 
3 
2 
221 
7 
3 
2 
2 
4 
9 
127 
1 
48 
2 
1 
5 
13 
5 
1 
144 
116 
26 
1 
1 
1 
1 
8 
1 
1 
10 
1 
1 
7 
1 
12 
1 
6 
1 
1 
3 
1 
1 
11 
1 
1 
12 
16 
2 
1 
2 
7 
4 
1 
291 
3 
34 
1 
2 
1 
8 
4 
1 
8 
2 
1 
1 
8 
1 
2 
1 
1 
2 
1 
1 
2 
2 
3 
3 
6 
5 
1 
1 
67 
3 
1 
1 
4 
18 
1 
1 
3 
1 
1 
1 
2 
1 
2 
1 
29 
6 
1 
15 
1 
46 
1 
19 
279 
3 
1 
1 
48 
71 
517 
2 
2 
3 
6 
2 
1 
2 
18 
2 
1 
1 
1 
1 
84 
2 
1 
3 
1 
1 
1 
1 
4 
2 
1 
13 
1 
1 
4 
1 
16 
1 
35 
1 
1 
2 
1 
1 
10 
1 
12 
15 
1 
2 
3 
17 
1 
494 
1 
14 
139 
1 
2 
6 
2 
1 
2 
69 
1 
3 
7 
22 
10 
4 
4 
1 
2 
1 
53 
1 
6 
3 
4 
1 
5 
7 
3 
1 
1 
1 
1 
46 
4 
252 
18 
1 
36 
1 
1 
1 
2 
1 
8 
5 
5 
1 
28 
2 
7 
1000 
78 
268 
26 
1 
1 
7 
1 
1 
114 
2 
1 
1 
246 
14 
3 
5 
1 
1 
2 
1 
1 
2 
16 
2 
4 
5 
1 
1 
1 
2 
1 
1 
1 
1 
3 
1 
2 
2 
2 
1 
7 
2 
1 
1 
1 
2 
88 
1 
10 
4 
95 
1 
37 
39 
1 
4 
2 
279 
2 
1 
1 
1 
1 
1 
1 
1 
1 
14 
6 
8 
4 
3 
1 
2 
2 
71 
2 
22 
34 
18 
1 
1 
1 
1 
1 
1 
9 
1 
43 
1 
5 
18 
71 
3 
1 
4 
1 
24 
1 
2 
2 
1 
1 
4 
29 
3 
2 
1 
1 
5 
3 
2 
1 
1 
4 
1 
1 
1 
1 
702 
2 
3 
6 
1 
2 
5 
1 
1 
9 
1 
5 
1 
1 
16 
2 
1 
24 
1 
2 
23 
5 
1 
2 
1 
1 
1 
1 
1 
1 
4 
1 
3 
8 
5 
24 
6 
1 
6 
1 
103 
1 
1 
3 
8 
1 
1 
1 
1 
1 
152 
17 
259 
1 
1 
1 
1 
1 
3 
8 
1 
1 
4 
1 
12 
3 
14 
1 
1 
1 
1 
1 
1 
1 
2 
3 
15 
1 
259 
25 
29 
2 
73 
2 
6 
1 
40 
29 
1 
1 
15 
1 
1 
1 
17 
4 
1 
4 
2 
1 
3 
29 
1 
1 
1 
1 
1 
13 
1 
9 
1 
164 
1 
3 
2 
1 
2 
1 
4 
49 
1 
1 
6 
1 
3 
1 
1 
7 
2 
1 
4 
7 
1 
12 
44 
1 
14 
3 
1 
31 
2 
3 
1 
1 
2 
1 
1 
1 
1 
1 
1 
83 
47 
5 
5 
1 
2 
10 
46 
1 
4 
1 
5 
3 
5 
43 
10 
1 
12 
5 
2 
1 
1 
1 
56 
2 
11 
1 
1 
2 
28 
1 
1 
19 
1 
2 
13 
1 
2 
8 
1 
1 
1 
4 
1 
2 
5 
4 
7 
43 
3 
8 
12 
9 
2 
2 
112 
123 
2 
3 
10 
19 
100 
3 
1 
141 
4 
1 
1 
2 
2 
3 
2 
1 
1 
2 
1 
1 
22 
1 
4 
4 
1 
17 
4 
1 
31 
6 
30 
5 
1 
1 
1 
4 
2 
6 
4 
10 
33 
1 
2 
1 
1 
1 
2 
15 
1 
2 
2 
1 
469 
10 
1 
1 
1 
1 
139 
10 
1 
1 
1 
3 
1 
3 
4 
2 
2 
1 
1 
1 
5 
10 
8 
2 
2 
1 
8 
1 
13 
1 
1 
1 
1 
1 
1 
1 
7 
3 
1 
1 
1 
1 
3 
1 
1 
1 
1 
1 
1 
2 
2 
13 
1 
19 
1 
1 
1 
1 
1 
1 
2 
1 
1 
7 
1 
1 
16 
1 
14 
1 
5 
887 
1 
1 
12 
100 
1 
1 
75 
2 
1 
126 
3 
1 
7 
5 
1 
1 
3 
1 
3 
4 
1 
1 
2 
4 
1 
1 
1 
2 
3 
6 
1 
2 
1 
3 
1 
1 
27 
1 
7 
5 
1 
278 
1 
3 
1 
29 
1 
3 
1 
1 
1 
1 
1 
1 
11 
1 
1 
1 
3 
4 
1 
1 
1 
1 
15 
1 
2 
1 
1 
2 
4 
2 
1 
1 
2 
1 
9 
1 
3 
2 
1 
2 
1 
1 
30 
1 
3 
42 
2 
3 
3 
2 
137 
2 
5 
2 
28 
2 
3 
2 
1 
1 
2 
16 
1 
3 
4 
3 
2 
1 
540 
1 
2 
8 
4 
4 
131 
4 
1 
2 
1 
8 
7 
2 
1 
2 
6 
1 
2 
2 
1 
1 
5 
4 
2 
1 
1 
2 
5 
3 
1 
16 
1 
6 
5 
6 
7 
1 
1 
2 
7 
1 
17 
12 
1 
2 
1 
4 
1 
2 
36 
2 
453 
1 
25 
28 
22 
1 
3 
1 
1 
9 
3 
10 
5 
1 
5 
4 
346 
6 
7 
1 
1 
3 
1 
1 
1 
1 
6 
853 
1 
1 
2 
12 
1 
4 
1 
1 
1 
1 
5 
3 
1 
2 
1 
18 
5 
4 
5 
159 
8 
4 
1 
2 
8 
36 
8 
1 
1 
387 
1 
1 
22 
1 
1 
41 
1 
6 
2 
1 
1 
2 
599 
1 
1 
1 
1 
16 
10 
1 
1 
1 
304 
21 
1 
4 
1 
3 
4 
1 
1 
19 
1 
1 
1 
2 
1 
1 
3 
3 
1 
1 
1 
1 
11 
400 
58 
2 
1 
2 
1 
1 
3 
14 
1 
788 
4 
44 
1 
1 
2 
1 
8 
3 
2 
1 
6 
6 
14 
3 
4 
1 
107 
1 
2 
1 
21 
1 
1 
42 
7 
2 
2 
1 
2 
2 
2 
3 
2 
1 
9 
4 
1 
1 
8 
406 
666 
3 
3 
1 
1 
1 
100 
1 
13 
15 
4 
1 
1 
378 
1 
2 
1 
1 
6 
2 
1 
2 
2 
1 
2 
2 
227 
7 
4 
5 
2 
1 
1 
28 
1 
1 
2 
1 
1 
1 
1 
2 
2 
1 
1 
17 
1 
59 
139 
2 
2 
1 
2 
1 
3 
4 
3 
1 
18 
1 
20 
2 
167 
1 
2 
3 
1 
1 
5 
61 
4 
18 
1 
1 
1 
1 
2 
1 
3 
4 
2 
2 
4 
1 
1 
1 
2 
2 
1 
28 
8 
1 
1 
1 
2 
1 
3 
2 
1 
271 
2 
2 
1 
1 
8 
1 
1 
1 
12 
10 
5 
11 
32 
2 
2 
1 
3 
1 
22 
1 
115 
13 
23 
1 
1 
438 
80 
7 
2 
1 
10 
1 
34 
3 
1 
3 
4 
137 
1 
1 
2 
6 
1 
6 
2 
2 
1 
2 
1 
9 
2 
4 
8 
1 
3 
1 
1 
2 
1 
2 
1 
6 
2 
2 
2 
2 
1 
1 
6 
31 
1 
1 
1 
1 
1 
87 
5 
2 
6 
1 
5 
3 
2 
1 
2 
2 
4 
2 
5 
1 
1 
1 
1 
7 
28 
4 
36 
2 
1 
1 
3 
1 
1 
5 
3 
17 
6 
12 
17 
9 
1 
1 
1 
897 
5 
124 
1 
1 
2 
1 
1 
1 
1 
1 
4 
8 
14 
7 
15 
2 
2 
6 
1 
1 
46 
7 
1 
1 
1 
26 
6 
1 
1 
1 
1 
2 
5 
3 
1 
7 
2 
2 
2 
1 
1 
28 
1 
3 
4 
7 
1 
1 
1 
1 
1 
1 
1 
1 
9 
1 
294 
5 
1 
2 
1 
3 
1 
2 
1 
1 
3 
419 
1 
1 
5 
1 
1 
1 
2 
1 
1 
1 
1 
29 
2 
1 
2 
4 
1 
1 
1 
6 
1 
1 
6 
12 
1 
3 
8 
4 
113 
9 
1 
24 
3 
2 
1 
4 
58 
127 
1 
1 
1 
28 
3 
1 
144 
1 
1 
28 
2 
1 
13 
1 
871 
619 
1 
1 
1 
387 
13 
12 
1 
1 
1 
22 
3 
78 
1 
68 
2 
325 
3 
4 
4 
1 
1 
1 
3 
1 
18 
1 
2 
27 
1 
9 
6 
1 
2 
12 
1 
1 
1 
2 
2 
4 
819 
47 
5 
5 
2 
1 
1 
3 
9 
2 
1 
1 
2 
2 
1 
1 
1 
1 
1 
7 
15 
17 
1 
33 
1 
920 
9 
3 
2 
1 
1 
1 
40 
1 
1 
2 
1 
1 
2 
2 
8 
1 
1 
58 
23 
91 
4 
11 
8 
7 
1 
1 
2 
1 
1 
3 
8 
5 
8 
1 
3 
1 
2 
1 
1 
9 
417 
1 
3 
1 
1 
1 
2 
2 
2 
1 
27 
1 
1 
2 
222 
46 
3 
1 
1 
748 
2 
6 
60 
58 
1 
2 
31 
1 
1 
1 
2 
1 
91 
3 
4 
252 
2 
1 
25 
1 
11 
1 
1 
1 
1 
1 
32 
1 
7 
5 
1 
1 
1 
1 
7 
1 
2 
14 
1 
1 
841 
2 
1 
1 
1 
3 
2 
1 
5 
4 
2 
6 
9 
9 
1 
1 
1 
6 
1 
1 
1 
1 
25 
1 
2 
6 
6 
11 
4 
1 
4 
1 
571 
1 
3 
1 
1 
29 
1 
5 
1 
1 
29 
3 
3 
1 
9 
1 
4 
2 
3 
1 
1 
4 
7 
1 
316 
331 
1 
6 
6 
7 
7 
1 
1 
2 
84 
8 
2 
59 
1 
1 
5 
1 
1 
1 
4 
22 
9 
1 
1 
1 
4 
1 
1 
1 
5 
1 
2 
4 
6 
1 
1 
3 
2 
1 
1 
1 
1 
2 
1 
10 
29 
89 
13 
1 
2 
28 
1 
27 
6 
3 
371 
38 
17 
1 
3 
1 
11 
1 
22 
3 
1 
34 
2 
3 
1 
1 
1 
693 
3 
3 
39 
38 
1 
3 
58 
3 
9 
1 
2 
3 
2 
1 
56 
1 
1 
3 
150 
5 
1 
3 
3 
51 
3 
1 
15 
1 
1 
1 
1 
1 
2 
1 
2 
1 
11 
1 
1 
29 
315 
3 
2 
15 
2 
5 
1 
11 
1 
1 
1 
5 
31 
12 
3 
2 
1 
17 
6 
1 
1 
1 
2 
1 
6 
1 
1 
1 
2 
1 
171 
81 
10 
1 
2 
2 
1 
1 
1 
1 
2 
11 
1 
4 
2 
6 
1 
1 
5 
1 
1 
1 
1 
22 
7 
9 
6 
1 
2 
1 
14 
7 
1 
5 
1 
1 
1 
1 
1 
4 
1 
1 
3 
1 
2 
6 
1 
80 
34 
3 
383 
8 
416 
3 
8 
1 
3 
2 
4 
1 
1 
1 
1 
8 
1 
6 
2 
1 
1 
1 
1 
6 
3 
12 
2 
3 
6 
3 
1 
4 
26 
7 
2 
1 
56 
45 
4 
2 
1 
2 
3 
1 
3 
40 
31 
2 
1 
1 
2 
1 
2 
5 
34 
1 
63 
4 
6 
1 
2 
5 
5 
1 
4 
1 
1 
1 
1 
16 
1 
1 
23 
46 
5 
2 
5 
3 
3 
2 
1 
3 
1 
3 
2 
4 
2 
1 
8 
34 
4 
1 
2 
1 
1 
1 
1 
4 
2 
1 
98 
1 
3 
3 
1 
1 
1 
52 
1 
4 
1 
1 
2 
3 
1 
3 
18 
2 
1 
4 
1 
4 
10 
7 
1 
1 
22 
4 
1 
1 
1 
1 
98 
11 
3 
2 
6 
1 
18 
13 
2 
54 
1 
1 
4 
1 
1 
1 
32 
2 
1 
8 
1 
1 
3 
2 
2 
2 
2 
36 
3 
1 
5 
19 
1 
1 
2 
2 
2 
2 
8 
7 
17 
7 
2 
2 
3 
2 
3 
1 
1 
2 
23 
1 
56 
9 
1 
770 
2 
6 
2 
1 
2 
8 
5 
1 
14 
3 
5 
3 
1 
1 
4 
2 
1 
1 
554 
2 
119 
547 
1 
1 
1 
2 
7 
1 
3 
40 
1 
9 
2 
4 
1 
1 
3 
1 
1 
5 
723 
4 
1 
2 
32 
1 
3 
1 
1 
1 
8 
1 
8 
17 
13 
1 
1 
1 
2 
1 
1 
5 
11 
1 
1 
20 
1 
2 
3 
4 
25 
1 
1 
53 
21 
12 
14 
17 
1 
3 
2 
4 
2 
1 
1 
7 
22 
15 
1 
1 
1 
19 
1 
2 
1 
16 
66 
1 
2 
1 
1 
2 
40 
4 
1 
2 
3 
1 
2 
6 
1 
1 
725 
1 
3 
1 
27 
1 
7 
2 
3 
2 
1 
149 
9 
1 
3 
1 
26 
5 
3 
1 
2 
83 
40 
3 
2 
2 
1 
1 
9 
11 
1 
3 
5 
2 
2 
1 
1 
1 
1 
8 
2 
1 
1 
2 
2 
1 
1 
4 
4 
1 
1 
3 
5 
2 
1 
3 
1 
4 
98 
3 
36 
1 
3 
1 
7 
1 
1 
4 
1 
5 
1 
1 
1 
1 
1 
1 
21 
6 
1 
1 
1 
75 
5 
1 
8 
8 
631 
2 
1 
8 
2 
1 
1 
1 
8 
1 
7 
1 
3 
3 
2 
2 
4 
1 
2 
4 
4 
10 
1 
1 
1 
1 
1 
14 
2 
6 
1 
2 
2 
1 
11 
96 
14 
1 
4 
1 
5 
8 
1 
1 
78 
1 
1 
2 
1 
8 
15 
4 
3 
1 
45 
8 
1 
1 
754 
3 
1 
2 
1 
1 
20 
1 
1 
1 
5 
2 
1 
10 
1 
1 
3 
3 
1 
1 
1 
15 
598 
1 
1 
23 
10 
10 
1 
2 
1 
6 
4 
2 
1 
1 
5 
1 
4 
3 
35 
2 
7 
1 
2 
2 
1 
2 
4 
24 
1 
12 
1 
1 
2 
1 
1 
1 
1 
1 
2 
10 
14 
1 
10 
2 
513 
1 
18 
1 
24 
745 
1 
332 
1 
1 
1 
4 
2 
1 
3 
12 
1 
1 
1 
3 
1 
1 
1 
1 
1 
10 
5 
9 
11 
1 
1 
2 
80 
1 
6 
3 
1 
578 
2 
1 
1 
1 
1 
1 
1 
1 
1 
1 
92 
1 
137 
1 
18 
9 
2 
1 
290 
1 
2 
10 
1 
5 
1 
30 
1 
1 
4 
1 
3 
660 
1 
11 
7 
1 
1 
44 
3 
59 
1 
82 
1 
1 
14 
4 
1 
6 
1 
52 
1 
1 
1 
3 
2 
10 
1 
1 
1 
1 
1 
1 
6 
1 
5 
1 
1 
5 
1 
2 
2 
6 
1 
1 
1 
3 
3 
1 
2 
2 
2 
12 
40 
2 
26 
3 
1 
683 
2 
2 
1 
1 
1 
1 
3 
1 
1 
61 
6 
2 
145 
1 
1 
3 
213 
11 
1 
17 
12 
1 
2 
12 
3 
19 
7 
531 
1 
158 
2 
1 
3 
2 
13 
6 
1 
1 
11 
1 
1 
9 
12 
1 
2 
3 
3 
4 
1 
1 
16 
10 
2 
2 
2 
1 
27 
111 
2 
19 
17 
1 
1 
1 
4 
58 
1 
1 
16 
1 
2 
1 
1 
2 
1 
1 
32 
3 
2 
3 
1 
12 
9 
23 
1 
299 
3 
2 
2 
1 
1 
1 
1 
49 
3 
1 
2 
1 
2 
3 
2 
1 
1 
1 
1 
1 
1 
1 
2 
1 
4 
1 
2 
10 
59 
2 
2 
1 
1 
1 
1 
3 
2 
1 
1 
2 
1 
1 
1 
1 
1 
19 
3 
1 
2 
4 
1 
3 
1 
1 
1 
2 
1 
14 
1 
7 
2 
2 
1 
12 
4 
1 
4 
1 
1 
1 
11 
1 
7 
1 
2 
6 
1 
4 
4 
1 
1 
1 
1 
1 
6 
1 
1 
1 
1 
7 
1 
8 
1 
1 
1 
1 
4 
1 
1 
1 
3 
1 
79 
2 
2 
1 
1 
1 
1 
2 
1 
1 
1 
7 
10 
5 
1 
1 
1 
1 
39 
7 
1 
1 
185 
1 
1 
1 
1 
1 
19 
2 
1 
1 
5 
202 
1 
2 
24 
3 
1 
2 
1 
4 
22 
1 
2 
3 
2 
3 
2 
3 
1 
2 
1 
1 
6 
1 
1 
1 
1 
1 
1 
1 
208 
207 
1 
46 
1 
1 
6 
258 
18 
1 
2 
47 
1 
11 
1 
3 
1 
1 
1 
1 
1 
1 
37 
1 
2 
1 
1 
3 
1 
1 
4 
1 
4 
1 
1 
43 
3 
22 
2 
1 
21 
1 
2 
1 
14 
1 
4 
24 
13 
3 
1 
1 
1 
3 
1 
1 
15 
508 
1 
2 
2 
5 
1 
185 
34 
3 
1 
1 
3 
10 
1 
5 
1 
3 
1 
2 
1 
30 
1 
8 
4 
16 
5 
78 
1 
2 
1 
2 
1 
196 
4 
15 
3 
2 
1 
3 
1 
14 
1 
1 
2 
33 
1 
19 
1 
1 
2 
1 
1 
3 
4 
12 
1 
6 
1 
2 
2 
45 
33 
2 
3 
3 
1 
1 
28 
2 
2 
1 
2 
8 
1 
312 
1 
2 
16 
1 
1 
2 
4 
62 
1 
8 
1 
2 
1 
8 
1 
1 
1 
1 
2 
4 
5 
5 
2 
1 
1 
1 
217 
1 
15 
1 
1 
1 
1 
1 
1 
1 
2 
1 
4 
5 
13 
1 
1 
1 
8 
1 
1 
1 
122 
1 
2 
3 
12 
22 
26 
1 
1 
1 
3 
1 
1 
1 
13 
10 
3 
2 
1 
1 
5 
21 
1 
1 
2 
80 
2 
3 
4 
2 
5 
6 
1 
2 
266 
2 
21 
3 
103 
60 
196 
1 
25 
200 
37 
14 
62 
17 
82 
1 
1 
2 
12 
1 
1 
1 
4 
2 
1 
1 
4 
1 
13 
3 
8 
1 
1 
1 
4 
1 
1 
1 
3 
1 
1 
1 
1 
20 
1 
3 
2 
1 
57 
16 
2 
14 
4 
4 
1 
2 
5 
2 
1 
14 
1 
8 
3 
1 
1 
293 
1 
23 
1 
15 
1 
1 
1 
2 
1 
1 
1 
1 
1 
1 
1 
2 
2 
27 
8 
7 
1 
1 
1 
17 
2 
2 
1 
3 
1 
1 
1 
1 
614 
1 
3 
6 
2 
2 
1 
1 
1 
1 
2 
3 
1 
16 
13 
3 
1 
113 
5 
1 
26 
1 
2 
2 
1 
3 
5 
1 
1 
1 
4 
7 
2 
7 
1 
1 
3 
1 
3 
74 
1 
17 
2 
2 
1 
1 
1 
3 
42 
1 
1 
1 
1 
7 
2 
1 
2 
1 
459 
12 
1 
7 
1 
35 
3 
2 
7 
2 
2 
1 
4 
3 
3 
1 
2 
3 
12 
25 
1 
1 
15 
8 
1 
8 
3 
7 
1 
1 
1 
7 
1 
2 
12 
9 
2 
1 
6 
1 
110 
1 
1 
5 
10 
109 
7 
1 
41 
1 
1 
2 
4 
61 
9 
1 
2 
1 
2 
50 
1 
11 
12 
1 
2 
26 
31 
17 
1 
22 
1 
1 
2 
1 
5 
38 
2 
1 
1 
1 
2 
6 
1 
1 
1 
1 
1 
4 
1 
1 
89 
1 
1 
3 
1 
2 
1 
1 
1 
4 
456 
2 
6 
1 
4 
5 
2 
1 
15 
44 
1 
8 
31 
22 
3 
8 
5 
1 
1 
41 
2 
2 
2 
1 
13 
1 
1 
4 
1 
2 
1 
1 
4 
7 
3 
33 
1 
3 
2 
6 
1 
3 
1 
75 
110 
13 
3 
3 
2 
47 
1 
1 
1 
54 
3 
1 
133 
1 
1 
1 
1 
3 
3 
1 
3 
2 
1 
1 
13 
2 
2 
3 
14 
1 
2 
1 
3 
11 
1 
1 
1 
19 
6 
3 
1 
3 
1 
1 
2 
1 
2 
18 
3 
16 
6 
15 
2 
1 
1 
15 
6 
16 
1 
1 
66 
1 
4 
6 
1 
1 
2 
6 
254 
1 
3 
1 
5 
77 
1 
3 
1 
1 
1 
11 
2 
2 
1 
1 
1 
1 
1 
2 
16 
1 
2 
2 
3 
3 
1 
1 
1 
15 
1 
15 
1 
3 
1 
1 
4 
1 
6 
1 
4 
414 
6 
1 
1 
1 
1 
2 
1 
2 
1 
2 
3 
5 
87 
6 
1 
1 
1 
1 
1 
1 
2 
3 
27 
2 
1 
1 
1 
9 
1 
1 
1 
1 
1 
1 
1 
1 
7 
9 
2 
18 
1 
11 
1 
1 
1 
1 
1 
7 
2 
1 
796 
1 
1 
14 
4 
1 
1 
1 
4 
1 
6 
2 
2 
2 
2 
263 
1 
33 
1 
1 
6 
1 
1 
45 
2 
1 
1 
2 
1 
1 
1 
1 
1 
9 
1 
2 
1 
1 
125 
1 
9 
1 
24 
1 
1 
712 
2 
3 
4 
1 
3 
1 
1 
2 
2 
1 
2 
7 
1 
1 
1 
1 
21 
23 
1 
1 
1 
3 
1 
1 
5 
1 
4 
1 
1 
5 
1 
2 
2 
1 
2 
1 
1 
1 
1 
4 
1 
4 
2 
1 
1 
1 
2 
1 
1 
1 
42 
3 
4 
1 
1 
1 
33 
1 
1 
4 
2 
16 
195 
1 
1 
2 
13 
4 
2 
1 
126 
16 
3 
1 
1 
1 
69 
2 
1 
3 
2 
1 
10 
1 
1 
1 
1 
1 
5 
2 
1 
1 
2 
6 
1 
2 
4 
5 
1 
1 
28 
671 
8 
1 
1 
1 
8 
2 
1 
22 
2 
12 
1 
17 
1 
3 
1 
1 
1 
1 
3 
1 
1 
75 
54 
31 
1 
159 
4 
5 
2 
7 
1 
1 
2 
37 
5 
5 
1 
1 
6 
4 
2 
1 
13 
1 
2 
2 
12 
1 
1 
4 
7 
7 
1 
41 
13 
1 
1 
8 
11 
1 
4 
38 
1 
15 
9 
1 
1 
1 
6 
2 
448 
1 
2 
3 
1 
2 
1 
107 
1 
2 
1 
2 
3 
2 
7 
2 
1 
6 
1 
1 
7 
1 
6 
47 
1 
111 
1 
1 
1 
1 
1 
2 
2 
6 
12 
12 
2 
4 
1 
75 
1 
2 
2 
4 
1 
2 
1 
1 
1 
1 
1 
1 
1 
5 
1 
8 
7 
316 
1 
1 
11 
1 
112 
9 
88 
1 
12 
1 
4 
1 
1 
1 
4 
1 
1 
10 
1 
37 
27 
1 
2 
2 
1 
12 
3 
13 
3 
4 
178 
7 
378 
1 
1 
1 
2 
3 
2 
37 
16 
2 
1 
1 
7 
1 
1 
1 
4 
1 
3 
1 
3 
1 
1 
1 
32 
13 
3 
1 
2 
1 
1 
1 
5 
3 
1 
17 
12 
2 
1 
1 
3 
1 
1 
3 
10 
4 
1 
1 
1 
2 
12 
11 
1 
6 
1 
2 
1 
5 
1 
2 
1 
2 
7 
12 
1 
13 
12 
7 
1 
4 
1 
6 
487 
1 
45 
15 
1 
2 
1 
1 
12 
2 
3 
2 
1 
8 
2 
55 
17 
19 
1 
84 
1 
1 
3 
1 
1 
3 
2 
23 
3 
1 
2 
1 
1 
1 
3 
2 
5 
1 
4 
4 
2 
1 
3 
3 
1 
2 
1 
1 
6 
2 
1 
1 
6 
3 
4 
1 
61 
1 
1 
2 
6 
1 
1 
2 
4 
28 
1 
1 
2 
1 
3 
132 
1 
4 
1 
3 
1 
1 
5 
1 
9 
1 
2 
1 
4 
12 
1 
12 
1 
10 
7 
2 
2 
1 
1 
180 
2 
3 
1 
122 
47 
2 
74 
3 
2 
2 
8 
1 
1 
2 
1 
1 
6 
1 
1 
6 
2 
27 
2 
2 
2 
1 
4 
1 
1 
1 
11 
1 
1 
15 
2 
1 
136 
3 
2 
1 
11 
1 
1 
31 
2 
1 
1 
1 
1 
1 
1 
1 
2 
1 
27 
2 
16 
7 
3 
2 
2 
1 
1 
1 
4 
1 
14 
3 
11 
1 
147 
1 
4 
17 
3 
12 
5 
425 
1 
29 
3 
1 
9 
2 
2 
1 
1 
1 
1 
1 
32 
1 
4 
3 
1 
25 
25 
20 
1 
11 
14 
10 
1 
1 
1 
2 
1 
3 
13 
14 
20 
2 
2 
1 
1 
2 
1 
1 
1 
1 
5 
1 
34 
1 
9 
1 
1 
1 
13 
20 
1 
3 
1 
1 
3 
1 
3 
11 
1 
3 
1 
1 
6 
1 
1 
1 
1 
17 
1 
2 
5 
79 
3 
1 
10 
2 
23 
1 
4 
7 
2 
1 
1 
36 
1 
2 
1 
2 
4 
17 
1 
1 
1 
3 
1 
409 
2 
1 
2 
1 
2 
3 
2 
2 
2 
2 
13 
1 
15 
2 
2 
1 
1 
2 
1 
85 
3 
2 
253 
302 
2 
1 
3 
2 
15 
1 
1 
2 
1 
3 
22 
10 
44 
2 
3 
1 
1 
3 
4 
1 
2 
8 
1 
20 
1 
608 
3 
208 
7 
12 
1 
2 
1 
549 
878 
723 
5 
12 
5 
1 
24 
1 
5 
1 
29 
1 
2 
8 
4 
1 
1 
1 
2 
1 
1 
6 
1 
1 
52 
1 
53 
1 
1 
2 
1 
1 
6 
2 
4 
1 
1 
204 
2 
7 
52 
2 
1 
1 
1 
1 
6 
2 
1 
1 
1 
1 
4 
2 
1 
6 
1 
8 
1 
2 
3 
1 
1 
67 
22 
6 
10 
2 
1 
1 
13 
1 
3 
1 
7 
5 
1 
9 
4 
18 
35 
3 
1 
1 
69 
1 
3 
3 
20 
2 
2 
1 
1 
40 
1 
7 
1 
5 
37 
1 
67 
14 
1 
1 
6 
443 
206 
1 
1 
4 
4 
2 
1 
12 
1 
3 
1 
3 
4 
1 
1 
7 
9 
5 
17 
1 
2 
22 
1 
2 
2 
1 
10 
1 
12 
6 
1 
2 
2 
1 
1 
3 
1 
1 
4 
43 
1 
1 
1 
1 
1 
2 
2 
9 
1 
5 
1 
3 
4 
18 
1 
48 
4 
1 
4 
2 
1 
1 
5 
1 
1 
14 
14 
1 
31 
22 
1 
3 
73 
201 
11 
7 
2 
2 
8 
2 
1 
34 
4 
1 
7 
4 
1 
5 
2 
7 
1 
2 
1 
9 
13 
1 
4 
2 
2 
5 
2 
19 
2 
2 
1 
1 
1 
2 
6 
1 
12 
2 
2 
1 
29 
1 
2 
4 
3 
1 
11 
76 
3 
1 
1 
3 
36 
1 
1 
1 
1 
2 
2 
2 
35 
2 
3 
2 
1 
1 
18 
1 
1 
4 
1 
1 
5 
1 
98 
1 
3 
2 
1 
4 
93 
4 
2 
9 
6 
1 
2 
1 
2 
3 
1 
5 
1 
2 
6 
3 
11 
4 
1 
7 
1 
1 
8 
1 
3 
1 
3 
4 
7 
1 
1 
5 
1 
1 
1 
3 
15 
9 
1 
1 
2 
21 
6 
2 
46 
1 
1 
1 
1 
1 
3 
5 
55 
24 
7 
7 
1 
2 
1 
2 
1 
1 
1 
2 
1 
1 
2 
5 
2 
3 
104 
1 
1 
1 
7 
8 
3 
5 
12 
2 
1 
1 
7 
1 
1 
8 
2 
11 
345 
3 
39 
1 
4 
2 
1 
18 
9 
1 
311 
2 
1 
1 
4 
2 
1 
14 
1 
17 
2 
4 
1 
1 
1 
2 
3 
294 
1 
1 
13 
1 
1 
1 
1 
2 
16 
9 
1 
1 
2 
2 
1 
2 
1 
28 
1 
1 
1 
9 
1 
1 
2 
1 
2 
38 
1 
2 
2 
1 
1 
2 
1 
1 
2 
1 
4 
12 
23 
2 
1 
1 
1 
1 
1 
5 
4 
1 
1 
20 
9 
7 
1 
2 
1 
7 
1 
1 
1 
8 
1 
4 
1 
6 
1 
20 
3 
1 
1 
2 
241 
1 
2 
4 
1 
1 
2 
1 
1 
1 
6 
2 
10 
1 
51 
2 
25 
3 
1 
7 
1 
1 
3 
1 
37 
2 
12 
9 
3 
2 
1 
2 
1 
3 
8 
73 
4 
104 
2 
1 
2 
2 
3 
1 
1 
1 
1 
1 
1 
2 
3 
1 
1 
3 
84 
8 
14 
1 
1 
1 
4 
5 
1 
1 
139 
1 
70 
1 
234 
51 
12 
6 
2 
1 
1 
114 
2 
1 
2 
199 
3 
6 
4 
1 
1 
9 
268 
1 
2 
1 
1 
1 
1 
1 
1 
1 
49 
2 
1 
1 
1 
1 
58 
1 
5 
4 
177 
1 
2 
1 
1 
1 
1 
1 
2 
2 
10 
1 
124 
19 
2 
1 
2 
4 
15 
2 
43 
3 
5 
5 
17 
5 
1 
1 
1 
1 
49 
1 
1 
1 
1 
1 
577 
1 
2 
1 
23 
4 
11 
2 
1 
2 
4 
1 
84 
9 
1 
1 
15 
14 
3 
11 
1 
1 
1 
1 
2 
29 
4 
5 
1 
2 
1 
47 
3 
1 
1 
1 
1 
3 
1 
1 
5 
7 
49 
276 
196 
1 
2 
33 
3 
1 
1 
1 
10 
1 
1 
6 
1 
1 
1 
1 
1 
2 
2 
6 
2 
1 
93 
1 
3 
5 
1 
1 
4 
1 
6 
61 
1 
1 
10 
8 
1 
1 
9 
5 
1 
12 
2 
1 
2 
17 
2 
2 
1 
1 
2 
233 
2 
1 
1 
1 
2 
1 
1 
1 
1 
3 
14 
4 
3 
2 
1 
2 
1 
1 
3 
1 
1 
1 
18 
1 
1 
5 
1 
1 
1 
1 
13 
1 
7 
1 
1 
5 
11 
1 
50 
1 
1 
11 
4 
11 
1 
1 
1 
47 
1 
1 
1 
2 
54 
3 
1 
1 
1 
2 
1 
14 
1 
1 
1 
1 
1 
2 
1 
9 
1 
352 
1 
1 
3 
1 
1 
31 
1 
2 
3 
2 
1 
1 
1 
1 
1 
2 
2 
2 
5 
5 
4 
17 
1 
5 
1 
1 
2 
1 
17 
6 
1 
1 
2 
29 
1 
1 
1 
1 
1 
1 
16 
1 
1 
2 
62 
5 
18 
12 
1 
1 
1 
1 
1 
1 
1 
2 
7 
1 
10 
32 
2 
1 
1 
11 
1 
1 
1 
7 
1 
1 
9 
1 
50 
2 
3 
1 
2 
4 
3 
1 
1 
2 
1 
6 
128 
1 
1 
1 
5 
12 
6 
4 
1 
12 
1 
3 
1 
19 
1 
1 
5 
1 
1 
1 
3 
2 
1 
2 
76 
1 
1 
3 
11 
1 
1 
1 
2 
1 
6 
6 
1 
1 
12 
1 
50 
4 
2 
2 
2 
1 
1 
1 
151 
2 
1 
9 
1 
10 
2 
1 
1 
1 
990 
5 
1 
2 
3 
7 
1 
1 
1 
2 
4 
1 
2 
14 
1 
8 
1 
2 
1 
1 
1 
1 
5 
5 
1 
1 
36 
404 
40 
2 
4 
7 
2 
1 
2 
1 
1 
2 
2 
10 
1 
1 
10 
1 
23 
4 
1 
5 
1 
1 
1 
1 
1 
31 
2 
1 
1 
211 
3 
2 
1 
1 
1 
1 
1 
11 
1 
1 
1 
1 
2 
7 
4 
1 
39 
3 
1 
1 
1 
271 
1 
1 
2 
5 
40 
1 
2 
1 
56 
2 
1 
4 
6 
671 
6 
2 
1 
2 
1 
2 
1 
30 
3 
5 
52 
1 
18 
1 
2 
134 
2 
1 
8 
2 
1 
12 
33 
1 
1 
6 
7 
1 
1 
2 
1 
1 
5 
1 
9 
1 
3 
2 
1 
16 
1 
2 
12 
11 
2 
16 
4 
13 
1 
1 
3 
21 
10 
1 
1 
2 
1 
2 
4 
232 
1 
1 
14 
31 
2 
1 
2 
3 
1 
1 
50 
1 
3 
3 
34 
262 
1 
8 
1 
1 
2 
1 
1 
1 
1 
1 
3 
16 
1 
1 
1 
1 
7 
3 
6 
4 
4 
1 
20 
1 
1 
1 
56 
1 
1 
2 
1 
1 
2 
2 
9 
22 
14 
1 
1 
1 
11 
1 
2 
1 
2 
1 
1 
3 
1 
1 
9 
2 
2 
12 
2 
6 
1 
1 
7 
36 
85 
1 
1 
3 
1 
17 
1 
95 
1 
2 
28 
10 
5 
30 
7 
1 
1 
4 
5 
35 
6 
17 
1 
5 
1 
1 
28 
18 
1 
605 
5 
98 
2 
2 
1 
3 
102 
1 
3 
1 
2 
1 
2 
1 
1 
1 
191 
1 
1 
11 
2 
2 
161 
7 
1 
2 
2 
1 
15 
10 
5 
2 
1 
3 
151 
1 
2 
1 
5 
190 
19 
45 
1 
3 
5 
2 
1 
1 
3 
5 
1 
1 
1 
1 
1 
4 
1 
2 
109 
2 
1 
1 
6 
2 
1 
1 
1 
1 
1 
7 
12 
2 
3 
45 
1 
5 
5 
1 
1 
17 
1 
311 
4 
5 
3 
1 
3 
66 
1 
1 
2 
1 
3 
28 
90 
1 
1 
1 
4 
1 
3 
7 
19 
1 
1 
1 
18 
1 
1 
5 
1 
1 
19 
2 
3 
3 
1 
5 
1 
4 
6 
6 
350 
4 
1 
6 
10 
1 
1 
19 
5 
2 
2 
8 
2 
2 
588 
1 
2 
7 
2 
8 
9 
2 
2 
3 
1 
1 
4 
1 
1 
1 
2 
1 
1 
2 
1 
3 
1 
1 
1 
3 
2 
1 
1 
1 
4 
15 
307 
5 
1 
4 
742 
2 
34 
9 
1 
3 
30 
2 
3 
1 
3 
4 
2 
1 
1 
1 
37 
121 
1 
2 
9 
3 
1 
1 
1 
1 
12 
1 
7 
1 
43 
2 
18 
21 
67 
7 
2 
1 
1 
11 
4 
47 
1 
2 
2 
21 
1 
1 
1 
3 
3 
5 
6 
5 
1 
5 
31 
16 
1 
1 
21 
4 
4 
1 
1 
1 
14 
1 
2 
6 
1 
3 
2 
2 
1 
1 
5 
2 
2 
1 
1 
2 
1 
1 
1 
3 
13 
1 
1 
4 
2 
1 
1 
3 
1 
1 
1 
2 
2 
1 
1 
1 
6 
38 
1 
1 
2 
1 
1 
2 
1 
8 
2 
5 
3 
4 
3 
10 
179 
268 
5 
1 
1 
95 
1 
1 
3 
3 
1 
1 
1 
5 
1 
1 
204 
26 
2 
6 
1 
2 
17 
20 
1 
1 
34 
4 
5 
1 
1 
1 
1 
3 
1 
1 
1 
2 
83 
2 
2 
1 
1 
5 
9 
1 
102 
1 
1 
1 
86 
3 
51 
2 
1 
29 
6 
1 
33 
25 
1 
31 
1 
1 
1 
7 
5 
18 
2 
1 
1 
7 
33 
1 
1 
29 
1 
1 
12 
1 
10 
1 
1 
24 
2 
2 
1 
1 
6 
1 
1 
35 
1 
1 
2 
3 
1 
2 
11 
1 
1 
6 
1 
7 
4 
2 
1 
1 
4 
32 
1 
3 
1 
6 
5 
87 
54 
1 
18 
2 
3 
4 
3 
1 
1 
1 
1 
1 
114 
3 
1 
1 
1 
3 
6 
4 
27 
3 
2 
2 
1 
1 
1 
1 
11 
1 
1 
29 
14 
6 
1 
1 
14 
2 
2 
1 
1 
1 
2 
2 
1 
11 
15 
2 
2 
4 
1 
1 
2 
1 
1 
2 
1 
451 
2 
1 
1 
1 
1 
17 
22 
2 
2 
1 
1 
4 
5 
2 
1 
1 
4 
8 
1 
36 
1 
4 
1 
1 
1 
1 
1 
1 
26 
2 
66 
17 
1 
1 
4 
2 
7 
1 
16 
1 
4 
1 
1 
1 
18 
1 
1 
1 
1 
21 
1 
7 
