1 
1 
8 
6 
1 
4 
6 
2 
2 
13 
2 
7 
1 
2 
17 
1 
1 
1 
2 
1 
1 
3 
1 
7 
1 
46 
2 
1 
1 
20 
1 
46 
1 
6 
2 
2 
4 
9 
8 
1 
1 
3 
1 
6 
1 
1 
4 
1 
2 
1 
1 
1 
1 
3 
1 
7 
1 
1 
1 
1 
1 
2 
5 
1 
5 
1 
2 
2 
1 
1 
2 
2 
3 
2 
1 
14 
510 
9 
34 
1 
1 
1 
1 
3 
4 
3 
2 
1 
247 
1 
57 
1 
63 
4 
1 
1 
1 
1 
2 
1 
1 
42 
12 
1 
2 
4 
3 
2 
1 
1 
1 
4 
1 
1 
2 
1 
4 
2 
1 
1 
2 
3 
1 
1 
1 
1 
32 
1 
1 
1 
1 
1 
2 
2 
2 
2 
2 
2 
128 
1 
1 
1 
1 
2 
4 
36 
1 
2 
1 
1 
13 
1 
1 
1 
1 
3 
1 
1 
2 
3 
1 
1 
2 
1 
1 
1 
1 
1 
1 
89 
1 
1 
2 
4 
1 
1 
1 
1 
1 
4 
31 
3 
4 
8 
1 
3 
2 
1 
1 
2 
1 
2 
1 
15 
9 
9 
1 
4 
1 
1 
3 
28 
5 
1 
1 
20 
1 
4 
4 
1 
6 
15 
1 
1 
5 
1 
2 
1 
2 
1 
1 
22 
11 
1 
1 
1 
1 
2 
1 
2 
4 
1 
1 
1 
3 
7 
3 
2 
1 
4 
161 
1 
35 
3 
1 
2 
154 
2 
4 
1 
1 
1 
1 
1 
1 
1 
2 
2 
1 
1 
1 
1 
2 
1 
195 
3 
2 
2 
1 
2 
1 
1 
2 
2 
5 
7 
1 
1 
1 
6 
1 
1 
1 
3 
1 
27 
1 
5 
1 
1 
1 
3 
6 
1 
74 
4 
4 
5 
7 
2 
8 
6 
1 
5 
49 
1 
9 
1 
14 
492 
56 
32 
1 
448 
2 
38 
1 
4 
1 
2 
7 
1 
2 
1 
1 
158 
1 
648 
6 
1 
1 
1 
3 
2 
1 
2 
4 
1 
1 
1 
1 
2 
4 
1 
1 
1 
7 
133 
1 
7 
5 
1 
7 
1 
5 
2 
1 
8 
1 
13 
1 
1 
3 
24 
1 
2 
2 
2 
1 
1 
6 
4 
13 
1 
4 
1 
1 
1 
15 
5 
9 
7 
4 
6 
17 
1 
1 
1 
5 
1 
1 
3 
1 
1 
30 
6 
1 
1 
2 
3 
2 
3 
1 
1 
1 
5 
11 
1 
3 
1 
1 
5 
9 
1 
4 
29 
1 
4 
1 
1 
9 
1 
5 
8 
2 
2 
10 
1 
7 
7 
2 
2 
97 
5 
1 
1 
2 
2 
1 
1 
6 
2 
2 
1 
2 
1 
2 
1 
78 
1 
1 
1 
1 
1 
1 
1 
2 
1 
1 
1 
7 
1 
1 
24 
6 
3 
1 
1 
125 
2 
25 
1 
1 
267 
1 
1 
1 
3 
1 
1 
1 
2 
2 
1 
1 
1 
11 
1 
1 
1 
2 
4 
1 
2 
10 
2 
20 
5 
2 
1 
1 
1 
7 
79 
1 
7 
3 
4 
6 
1 
1 
1 
1 
2 
2 
1 
1 
1 
1 
18 
2 
7 
1 
1 
2 
2 
39 
2 
2 
2 
2 
18 
1 
89 
1 
1 
1 
1 
35 
4 
6 
5 
1 
1 
1 
2 
1 
6 
7 
13 
1 
14 
2 
15 
1 
1 
1 
4 
7 
1 
1 
1 
1 
22 
5 
3 
2 
62 
1 
3 
1 
1 
1 
2 
1 
6 
48 
2 
1 
1 
2 
1 
1 
1 
1 
1 
2 
1 
17 
1 
1 
17 
76 
3 
1 
1 
1 
2 
2 
4 
5 
3 
2 
1 
1 
7 
6 
4 
1 
2 
14 
1 
1 
1 
1 
1 
1 
42 
1 
123 
3 
2 
2 
2 
16 
2 
6 
1 
213 
2 
33 
1 
1 
9 
5 
1 
1 
4 
1 
2 
48 
11 
46 
8 
4 
10 
1 
4 
3 
1 
54 
3 
3 
8 
10 
3 
7 
1 
2 
2 
5 
1 
2 
11 
1 
1 
1 
12 
1 
1 
3 
5 
1 
53 
8 
1 
4 
49 
1 
1 
1 
4 
6 
1 
2 
1 
2 
1 
1 
7 
1 
4 
2 
5 
3 
1 
11 
1 
3 
1 
1 
1 
1 
4 
1 
2 
2 
2 
1 
2 
11 
11 
1 
2 
1 
7 
2 
1 
1 
1 
15 
1 
4 
1 
1 
8 
23 
1 
1 
1 
1 
3 
1 
4 
46 
1 
38 
1 
1 
1 
1 
3 
2 
50 
61 
18 
1 
1 
1 
1 
1 
17 
3 
2 
4 
1 
2 
1 
1 
31 
1 
7 
1 
3 
2 
9 
1 
12 
4 
2 
33 
4 
1 
1 
34 
2 
3 
1 
1 
3 
4 
3 
122 
2 
46 
1 
1 
1 
1 
1 
1 
1 
8 
1 
2 
1 
1 
16 
4 
2 
3 
11 
3 
3 
5 
95 
2 
6 
27 
101 
1 
9 
4 
81 
4 
1 
2 
1 
34 
1 
1 
32 
1 
2 
4 
1 
2 
1 
2 
7 
24 
1 
6 
1 
25 
1 
21 
1 
2 
3 
1 
1 
1 
1 
1 
1 
3 
2 
3 
2 
1 
1 
2 
2 
1 
1 
1 
1 
3 
2 
2 
9 
1 
1 
10 
1 
2 
29 
1 
1 
1 
1 
1 
1 
5 
5 
1 
44 
1 
1 
2 
1 
1 
2 
1 
21 
10 
8 
1 
25 
1 
1 
1 
1 
10 
239 
55 
2 
1 
1 
2 
3 
5 
1 
44 
1 
2 
1 
1 
1 
1 
3 
2 
5 
9 
2 
35 
1 
1 
5 
7 
5 
1 
3 
9 
1 
1 
2 
2 
16 
1 
1 
4 
1 
1 
31 
16 
1 
9 
1 
1 
2 
1 
1 
1 
125 
1 
1 
12 
1 
1 
11 
3 
1 
15 
9 
2 
1 
4 
3 
1 
5 
1 
1 
12 
1 
3 
1 
3 
1 
1 
13 
4 
1 
1 
1 
1 
1 
1 
25 
31 
1 
1 
2 
5 
2 
2 
3 
1 
314 
1 
1 
1 
3 
33 
1 
17 
6 
1 
1 
1 
1 
1 
1 
1 
1 
5 
1 
1 
2 
1 
1 
3 
6 
1 
59 
1 
2 
3 
4 
5 
2 
82 
2 
1 
1 
6 
1 
3 
4 
2 
815 
2 
1 
11 
1 
2 
4 
1 
3 
1 
1 
3 
1 
1 
2 
1 
1 
1 
1 
1 
1 
2 
3 
1 
1 
9 
1 
16 
4 
1 
1 
1 
2 
1 
2 
37 
1 
1 
1 
4 
2 
3 
1 
1 
1 
1 
1 
1 
1 
1 
6 
1 
1 
1 
1 
1 
11 
70 
3 
60 
11 
6 
1 
12 
1 
8 
6 
1 
14 
1 
1 
1 
6 
2 
13 
1 
1 
104 
4 
1 
6 
1 
1 
2 
1 
2 
6 
6 
2 
1 
1 
1 
2 
6 
1 
2 
5 
212 
1 
5 
1 
1 
1 
29 
1 
10 
1 
3 
35 
1 
1 
12 
2 
3 
2 
1 
2 
1 
3 
1 
1 
21 
1 
8 
1 
1 
155 
1 
4 
1 
1 
1 
14 
23 
1 
217 
27 
5 
2 
3 
3 
3 
1 
1 
1 
2 
1 
1 
1 
1 
1 
1 
1 
1 
4 
1 
6 
1 
219 
1 
2 
1 
2 
2 
1 
4 
1 
5 
1 
1 
1 
2 
10 
5 
1 
1 
18 
5 
6 
1 
2 
8 
2 
4 
1 
1 
1 
1 
1 
5 
11 
1 
2 
61 
10 
1 
4 
1 
2 
2 
1 
3 
2 
1 
42 
1 
1 
5 
2 
20 
2 
1 
1 
2 
1 
47 
1 
1 
1 
1 
1 
3 
1 
1 
2 
1 
2 
7 
2 
1 
2 
19 
6 
10 
49 
1 
7 
7 
31 
1 
6 
11 
1 
4 
1 
6 
3 
4 
46 
2 
2 
1 
1 
7 
3 
1 
34 
1 
1 
6 
4 
2 
1 
3 
13 
1 
1 
1 
1 
2 
1 
5 
2 
1 
42 
5 
1 
78 
1 
1000 
150 
2 
34 
2 
1 
1 
1 
1 
1 
5 
4 
3 
1 
7 
2 
1 
2 
7 
16 
1 
4 
3 
2 
1 
1 
14 
3 
1 
3 
1 
8 
33 
1 
1 
1 
4 
1 
1 
3 
2 
8 
1 
18 
1 
1 
3 
1 
1 
1 
1 
1 
18 
1 
12 
2 
3 
2 
7 
1 
2 
1 
1 
11 
10 
1 
11 
1 
1 
1 
2 
2 
1 
2 
39 
1 
1 
1 
1 
1 
1 
2 
5 
3 
1 
6 
2 
1 
1 
1 
4 
1 
26 
6 
7 
1 
4 
1 
2 
16 
8 
1 
1 
2 
1 
10 
3 
3 
7 
1 
559 
1 
1 
1 
1 
6 
2 
28 
1 
2 
6 
2 
2 
1 
1 
989 
1 
1 
14 
1 
6 
9 
1 
2 
1 
1 
1 
2 
1 
1 
2 
1 
26 
1 
8 
21 
18 
1 
1 
6 
3 
25 
4 
1 
1 
1 
1 
1 
4 
1 
1 
1 
1 
1 
1 
1 
15 
35 
26 
2 
10 
1 
2 
1 
1 
10 
2 
73 
2 
2 
1 
4 
1 
4 
4 
41 
2 
8 
2 
4 
1 
3 
1 
1 
5 
1 
1 
16 
1 
3 
3 
1 
1 
1 
14 
1 
1 
1 
2 
1 
2 
3 
1 
1 
28 
6 
4 
110 
3 
1 
1 
4 
4 
1 
1 
1 
6 
1 
814 
1 
1 
1 
12 
1 
2 
18 
97 
73 
1 
1 
1 
3 
10 
1 
1 
17 
12 
4 
1 
3 
2 
7 
1 
37 
3 
2 
1 
1 
25 
1 
2 
1 
5 
2 
6 
1 
1 
1 
12 
1 
1 
1 
1 
1 
1 
1 
12 
1 
1 
17 
2 
2 
3 
4 
1 
4 
2 
17 
9 
6 
1 
1 
42 
5 
10 
1 
2 
1 
1 
1 
3 
1 
1 
3 
11 
3 
1 
1 
1 
23 
1 
1 
1 
3 
1 
14 
3 
18 
1 
29 
2 
1 
20 
3 
7 
1 
3 
1 
1 
1 
1 
2 
18 
69 
5 
2 
1 
1 
3 
10 
1 
1 
1 
2 
1 
3 
35 
2 
687 
12 
1 
1 
6 
2 
3 
2 
1 
2 
273 
4 
1 
4 
2 
1 
1 
1 
1 
1 
212 
1 
3 
1 
1 
3 
1 
1 
14 
1 
36 
1 
2 
3 
1 
6 
1 
1 
2 
2 
1 
1 
3 
29 
2 
1 
2 
6 
2 
1 
1 
1 
1 
1 
7 
1 
1 
4 
1 
125 
2 
1 
1 
2 
1 
3 
56 
6 
235 
3 
29 
4 
1 
1 
5 
1 
2 
2 
2 
1 
106 
1 
2 
4 
21 
3 
10 
1 
4 
2 
1 
1 
1 
5 
5 
1 
1 
7 
1 
2 
4 
1 
33 
5 
3 
4 
3 
1 
1 
5 
1 
187 
1 
3 
1 
3 
1 
4 
37 
1 
2 
1 
4 
7 
1 
1 
106 
1 
1 
1 
1 
13 
1 
1 
2 
2 
2 
1 
3 
1 
3 
4 
1 
1 
1 
1 
4 
3 
1 
1 
11 
2 
1 
1 
1 
3 
1 
1 
5 
2 
46 
1 
2 
2 
1 
1 
1 
2 
2 
2 
1 
4 
1 
1 
1 
4 
1 
7 
1 
2 
1 
2 
1 
1 
1 
1 
10 
1 
1 
1 
5 
1 
1 
1 
2 
1 
1 
1 
3 
12 
2 
3 
4 
1 
1 
5 
3 
4 
74 
1 
2 
10 
9 
1 
3 
1 
2 
1 
1 
1 
13 
1 
14 
1 
6 
1 
1 
1 
1 
5 
2 
1 
2 
1 
1 
2 
2 
1 
3 
2 
1 
1 
59 
1 
4 
1 
41 
1 
3 
1 
1 
1 
1 
2 
1 
3 
1 
1 
26 
4 
1 
2 
2 
1 
9 
2 
5 
5 
10 
1 
1 
1 
1 
4 
12 
1 
1 
1 
2 
4 
1 
1 
1 
1 
61 
7 
1 
435 
1 
4 
1 
2 
1 
4 
9 
45 
1 
6 
1 
1 
1 
1 
62 
1 
2 
1 
1 
1 
2 
108 
7 
4 
1 
3 
8 
1 
2 
1 
1 
6 
30 
1 
2 
2 
14 
1 
1 
1 
1 
1 
3 
2 
2 
14 
17 
2 
1 
1 
5 
1 
2 
2 
10 
1 
3 
1 
1 
1 
1 
1 
2 
10 
13 
2 
5 
2 
8 
3 
4 
6 
2 
4 
2 
1 
2 
3 
10 
2 
2 
5 
5 
1 
13 
3 
2 
1 
1 
36 
2 
1 
25 
10 
294 
2 
1 
11 
2 
43 
11 
5 
5 
2 
5 
20 
1 
1 
2 
30 
17 
3 
1 
1 
1 
2 
1 
1 
2 
40 
6 
2 
2 
3 
4 
1 
2 
1 
1 
7 
2 
1 
74 
1 
4 
1 
3 
1 
3 
1 
2 
231 
1 
2 
3 
1 
1 
1 
3 
16 
1 
1 
2 
1 
3 
102 
1 
73 
7 
4 
6 
1 
1 
1 
1 
44 
1 
12 
1 
1 
3 
2 
31 
1 
2 
3 
2 
3 
1 
1 
1 
2 
1 
1 
1 
3 
2 
1 
6 
1 
1 
8 
2 
2 
3 
1 
7 
1 
1 
5 
3 
1 
2 
1 
1 
24 
2 
1 
1 
3 
2 
1 
2 
1 
3 
1 
1 
2 
3 
1 
1 
3 
6 
1 
3 
1 
1 
1 
3 
1 
2 
1 
1 
9 
3 
1 
1 
3 
12 
1 
4 
5 
1 
1 
16 
1 
2 
1 
2 
1 
1 
1 
6 
1 
13 
1 
114 
1 
11 
5 
1 
1 
1 
8 
3 
16 
4 
1 
1 
1 
48 
1 
1 
4 
1 
113 
1 
5 
1 
4 
1 
1 
1 
3 
2 
67 
4 
19 
2 
1 
3 
1 
2 
11 
5 
2 
4 
1 
7 
1 
3 
1 
4 
1 
1 
5 
1 
1 
4 
1 
1 
3 
49 
26 
3 
1 
8 
20 
2 
5 
1 
4 
7 
1 
9 
2 
5 
1 
2 
3 
1 
1 
3 
9 
1 
3 
2 
1 
2 
2 
1 
199 
3 
2 
39 
4 
1 
1 
1 
52 
3 
5 
1 
1 
6 
2 
3 
12 
1 
1 
1 
3 
1 
5 
1 
2 
1 
1 
65 
1 
1 
3 
1 
1 
60 
1 
2 
9 
7 
230 
1 
20 
6 
1 
2 
1 
1 
1 
5 
3 
3 
1 
4 
17 
8 
1 
1 
67 
2 
36 
1 
19 
1 
1 
1 
2 
1 
1 
1 
1 
4 
1 
1 
1 
1 
1 
1 
3 
1 
1 
50 
2 
5 
1 
1 
3 
2 
8 
1 
2 
1 
7 
2 
1 
20 
2 
1 
87 
1 
6 
2 
5 
432 
1 
1 
2 
7 
1 
1 
2 
4 
24 
1 
1 
1 
545 
2 
10 
1 
6 
6 
2 
11 
4 
1 
6 
1 
2 
1 
1 
8 
11 
3 
2 
3 
117 
1 
3 
1 
8 
1 
5 
1 
12 
12 
1 
2 
1 
1 
113 
1 
2 
32 
1 
1 
1 
1 
4 
4 
124 
11 
1 
1 
1 
1 
1 
1 
16 
12 
21 
3 
23 
10 
1 
1 
1 
1 
153 
1 
5 
1 
4 
4 
35 
1 
39 
1 
1 
1 
2 
1 
1 
1 
6 
2 
1 
3 
1 
16 
1 
1 
4 
2 
1 
3 
1 
1 
2 
1 
1 
58 
1 
1 
1 
1 
2 
1 
2 
1 
1 
1 
1 
1 
1 
1 
5 
2 
1 
1 
4 
1 
25 
1 
13 
1 
1 
1 
23 
1 
1 
2 
2 
1 
1 
1 
1 
9 
14 
17 
31 
1 
3 
1 
2 
1 
1 
1 
3 
1 
2 
1 
1 
4 
2 
1 
1 
1 
3 
630 
1 
1 
6 
285 
1 
2 
1 
62 
1 
43 
1 
2 
1 
2 
1 
2 
21 
1 
5 
2 
1 
3 
1 
1 
4 
3 
3 
1 
10 
3 
17 
8 
11 
1 
5 
16 
9 
1 
3 
1 
1 
48 
2 
1 
8 
2 
1 
8 
1 
1 
206 
8 
2 
1 
2 
7 
1 
9 
13 
1 
7 
1 
1 
1 
1 
1 
1 
5 
2 
1 
1 
2 
1 
2 
3 
1 
10 
10 
2 
153 
1 
1 
105 
5 
90 
1 
1 
4 
2 
2 
1 
1 
1 
1 
1 
3 
4 
3 
1 
3 
2 
1 
1 
1 
1 
5 
39 
2 
1 
1 
3 
1 
1 
3 
2 
38 
126 
1 
1 
1 
2 
2 
9 
7 
3 
1 
1 
1 
2 
7 
1 
1 
1 
1 
1 
64 
1 
4 
1 
1 
2 
5 
18 
1 
6 
17 
7 
10 
2 
5 
2 
1 
1 
7 
1 
205 
3 
6 
4 
1 
1 
1 
83 
1 
1 
10 
1 
1 
1 
1 
7 
4 
1 
19 
1 
1 
1 
3 
1 
1 
115 
2 
1 
1 
1 
1 
2 
1 
2 
1 
1 
1 
3 
12 
1 
1 
6 
13 
4 
1 
1 
12 
34 
4 
1 
1 
1 
2 
3 
2 
61 
1 
1 
2 
3 
1 
3 
18 
1 
6 
9 
1 
2 
3 
2 
1 
2 
1 
4 
1 
20 
12 
2 
1 
2 
2 
23 
2 
8 
15 
1 
25 
1 
1 
2 
9 
1 
1 
2 
3 
1 
1 
2 
1 
3 
4 
1 
1 
1 
1 
7 
4 
1 
1 
1 
3 
1 
4 
1 
2 
1 
2 
3 
1 
48 
4 
8 
1 
1 
4 
1 
7 
2 
1 
1 
401 
1 
1 
20 
1 
1 
5 
4 
21 
1 
2 
8 
1 
2 
1 
1 
11 
3 
1 
4 
1 
1 
7 
1 
7 
5 
2 
1 
25 
1 
1 
1 
1 
1 
7 
1 
2 
1 
20 
19 
1 
4 
1 
2 
1 
3 
2 
6 
1 
1 
7 
1 
1 
7 
5 
1 
1 
2 
2 
4 
2 
4 
1 
2 
1 
1 
14 
138 
1 
1 
1 
4 
6 
1 
2 
8 
1 
4 
2 
12 
1 
1 
27 
2 
1 
1 
18 
1 
1 
1 
2 
26 
2 
4 
1 
2 
8 
1 
13 
1 
1 
1 
1 
1 
40 
1 
2 
1 
1 
1 
3 
1 
6 
1 
2 
1 
1 
1 
8 
10 
1 
1 
66 
2 
80 
2 
1 
1 
1 
1 
2 
1 
1 
1 
1 
1 
1 
16 
1 
42 
1 
1 
1 
78 
1 
3 
8 
2 
1 
1 
3 
1 
1 
1 
2 
3 
2 
1 
3 
20 
417 
1 
1 
581 
10 
2 
2 
1 
1 
1 
1 
40 
191 
1 
1 
3 
1 
92 
1 
1 
8 
2 
2 
5 
5 
1 
8 
3 
1 
1 
1 
5 
1 
8 
3 
1 
1 
1 
10 
111 
1 
1 
1 
3 
3 
1 
1 
1 
14 
1 
1 
1 
4 
26 
2 
1 
2 
1 
5 
1 
1 
6 
4 
1 
2 
1 
4 
3 
1 
1 
10 
1 
1 
1 
1 
22 
1 
1 
1 
1 
1 
3 
1 
3 
2 
4 
6 
11 
3 
1 
9 
6 
2 
2 
3 
1 
3 
12 
2 
1 
23 
21 
1 
13 
1 
23 
1 
1 
1 
2 
1 
1 
5 
6 
1 
1 
3 
1 
5 
8 
1 
2 
10 
2 
4 
1 
3 
1 
1 
14 
1 
1 
1 
2 
1 
1 
1 
8 
4 
2 
1 
3 
1 
1 
5 
1 
1 
23 
5 
1 
1 
1 
1 
1 
3 
1 
3 
1 
1 
3 
7 
1 
2 
1 
1 
1 
6 
47 
1 
2 
1 
1 
1 
2 
1 
1 
6 
1 
5 
4 
13 
1 
1 
49 
9 
3 
15 
5 
1 
4 
311 
1 
1 
5 
1 
1 
1 
3 
5 
2 
3 
2 
1 
15 
1 
2 
59 
4 
2 
2 
1 
1 
1 
1 
2 
1 
4 
2 
1 
4 
1 
1 
5 
1 
1 
3 
1 
3 
11 
1 
1 
1 
3 
1 
6 
1 
1 
1 
8 
1 
13 
4 
1 
1 
3 
1 
7 
1 
1 
145 
69 
7 
1 
18 
7 
118 
2 
2 
2 
2 
1 
2 
3 
1 
1 
1 
2 
23 
1 
2 
1 
13 
4 
1 
27 
1 
1 
1 
1 
1 
2 
1 
5 
12 
1 
1 
1 
3 
2 
9 
1 
6 
1 
1 
84 
1 
1 
1 
2 
3 
1 
1 
1 
3 
1 
1 
2 
1 
1 
6 
1 
1 
1 
1 
1 
1 
4 
1 
2 
9 
13 
2 
1 
1 
18 
3 
1 
1 
1 
1 
27 
2 
1 
1 
2 
25 
6 
4 
6 
1 
2 
5 
3 
1 
4 
1 
1 
1 
1 
6 
1 
11 
1 
2 
1 
1 
1 
2 
1 
8 
2 
12 
1 
2 
1 
45 
5 
3 
1 
1 
1 
1 
2 
1 
2 
1 
1 
1 
1 
1 
2 
4 
1 
1 
1 
1 
1 
2 
1 
1 
4 
2 
1 
4 
1 
1 
1 
1 
1 
2 
1 
1 
1 
1 
1 
2 
1 
17 
1 
1 
2 
31 
2 
3 
1 
6 
2 
1 
3 
127 
1 
3 
1 
3 
3 
2 
2 
9 
8 
3 
1 
1 
2 
3 
1 
1 
2 
2 
2 
1 
1 
30 
16 
3 
4 
1 
4 
1 
1 
1 
2 
1 
1 
3 
2 
3 
4 
1 
1 
1 
670 
7 
1 
1 
2 
1 
19 
1 
1 
3 
2 
2 
5 
4 
3 
3 
2 
5 
4 
11 
1 
2 
1 
6 
1 
2 
32 
7 
12 
1 
9 
7 
9 
1 
1 
4 
1 
5 
1 
1 
2 
1 
4 
2 
4 
1 
7 
12 
1 
2 
1 
1 
4 
1 
7 
1 
5 
1 
3 
6 
5 
1 
1 
1 
6 
2 
1 
4 
4 
807 
11 
4 
1 
2 
42 
2 
13 
1 
5 
3 
2 
1 
2 
16 
2 
1 
2 
3 
3 
2 
1 
1 
1 
1 
2 
1 
1 
2 
1 
3 
1 
1 
3 
1 
4 
4 
1 
1 
14 
3 
2 
7 
4 
2 
1 
1 
1 
5 
1 
2 
3 
64 
5 
4 
2 
8 
1 
2 
12 
1 
5 
1 
2 
11 
1 
2 
2 
1 
1 
2 
1 
3 
1 
713 
1 
1 
1 
1 
9 
1 
1 
1 
2 
2 
16 
1 
1 
1 
3 
1 
1 
1 
4 
2 
1 
4 
1 
1 
117 
539 
1 
418 
1 
11 
1 
20 
1 
1 
1 
1 
2 
2 
5 
3 
4 
7 
4 
1 
2 
22 
2 
2 
1 
1 
2 
2 
30 
1 
2 
133 
3 
3 
3 
1 
1 
10 
1 
8 
2 
1 
2 
3 
2 
1 
1 
26 
1 
2 
2 
1 
2 
1 
1 
7 
1 
1 
2 
1 
1 
2 
46 
1 
1 
1 
20 
1 
1 
1 
2 
2 
4 
4 
7 
2 
2 
1 
1 
1 
1 
13 
1 
1 
1 
1 
1 
940 
7 
1 
1 
1 
2 
8 
11 
2 
41 
1 
16 
16 
2 
21 
5 
1 
1 
1 
1 
2 
1 
66 
1 
1 
2 
2 
2 
1 
1 
3 
1 
1 
2 
2 
1 
1 
1 
1 
779 
1 
1 
67 
1 
824 
1 
7 
4 
3 
1 
4 
22 
2 
1 
2 
7 
3 
1 
44 
4 
1 
1 
1 
1 
2 
1 
1 
2 
5 
1 
8 
4 
60 
2 
1 
11 
1 
2 
1 
2 
1 
1 
1 
1 
1 
12 
33 
11 
1 
2 
8 
10 
1 
157 
1 
14 
2 
2 
1 
2 
1 
1 
3 
3 
40 
10 
1 
2 
1 
4 
1 
1 
8 
5 
1 
2 
1 
1 
1 
1 
1 
1 
6 
2 
3 
1 
13 
1 
1 
66 
1 
4 
9 
1 
16 
1 
4 
8 
1 
4 
1 
5 
1 
1 
2 
4 
1 
1 
1 
1 
1 
1 
3 
36 
17 
4 
1 
45 
11 
1 
1 
1 
1 
82 
6 
1 
12 
104 
3 
2 
116 
2 
6 
1 
1 
2 
37 
36 
1 
3 
1 
2 
3 
1 
7 
1 
1 
8 
3 
1 
1 
3 
4 
1 
1 
1 
37 
1 
57 
1 
174 
1 
10 
1 
1 
2 
5 
46 
1 
2 
1 
1 
28 
185 
22 
6 
1 
188 
1 
1 
1 
1 
4 
1 
1 
1 
1 
1 
1 
1 
4 
1 
1 
1 
1 
8 
4 
4 
6 
4 
1 
4 
1 
2 
1 
2 
2 
15 
2 
1 
22 
1 
1 
3 
7 
1 
1 
2 
9 
1 
2 
1 
1 
1 
1 
1 
5 
1 
1 
5 
1 
1 
1 
6 
1 
1 
1 
2 
1 
29 
58 
13 
3 
1 
4 
2 
4 
1 
1 
122 
1 
1 
1 
1 
2 
11 
1 
3 
12 
3 
10 
10 
22 
1 
3 
1 
1 
1 
6 
1 
46 
1 
37 
1 
1 
39 
3 
2 
1 
1 
1 
1 
4 
72 
11 
48 
1 
1 
2 
16 
21 
1 
1 
2 
4 
1 
1 
1 
1 
6 
14 
1 
1 
1 
2 
1 
1 
4 
660 
2 
1 
1 
1 
1 
5 
2 
4 
3 
1 
1 
1 
23 
1 
38 
1 
1 
1 
1 
1 
1 
1 
1 
8 
32 
1 
11 
16 
4 
1 
2 
1 
1 
107 
2 
1 
56 
1 
1 
12 
1 
1 
5 
6 
1 
1 
2 
90 
2 
4 
1 
3 
2 
4 
1 
9 
16 
1 
2 
5 
1 
9 
1 
2 
1 
174 
6 
1 
2 
2 
3 
1 
1 
9 
1 
1 
5 
4 
1 
1 
1 
1 
1 
1 
2 
1 
1 
2 
2 
4 
1 
4 
1 
1 
7 
1 
1 
2 
21 
2 
9 
1 
1 
1 
2 
9 
14 
1 
13 
3 
1 
3 
1 
1 
1 
5 
2 
1 
1 
1 
2 
7 
1 
3 
1 
1 
10 
1 
1 
1 
1 
2 
2 
58 
1 
9 
1 
25 
1 
1 
42 
3 
1 
2 
1 
1 
302 
4 
1 
1 
1 
72 
338 
30 
24 
2 
6 
1 
1 
1 
2 
1 
1 
1 
2 
2 
1 
3 
2 
1 
1 
1 
1 
21 
5 
1 
218 
5 
3 
99 
5 
25 
5 
15 
10 
7 
1 
11 
2 
2 
1 
2 
67 
1 
1 
1 
3 
7 
11 
1 
11 
3 
2 
1 
2 
1 
2 
1 
1 
3 
1 
1 
1 
3 
3 
1 
1 
1 
1 
1 
1 
2 
37 
4 
1 
1 
1 
313 
1 
2 
1 
1 
1 
2 
8 
3 
1 
4 
5 
1 
2 
2 
13 
1 
1 
13 
1 
2 
1 
32 
1 
1 
1 
1 
1 
1 
22 
1 
2 
1 
2 
1 
5 
58 
5 
30 
1 
2 
12 
2 
1 
145 
1 
4 
1 
3 
1 
44 
1 
1 
90 
3 
1 
1 
1 
1 
1 
2 
1 
1 
2 
1 
11 
2 
2 
1 
1 
1 
15 
11 
4 
1 
26 
40 
1 
1 
2 
1 
1 
6 
4 
2 
10 
1 
1 
1 
1 
2 
9 
4 
1 
5 
2 
17 
2 
1 
1 
8 
1 
1 
1 
12 
3 
3 
5 
2 
1 
1 
2 
4 
6 
2 
1 
3 
2 
7 
1 
1 
45 
2 
3 
3 
1 
1 
2 
3 
7 
1 
1 
1 
2 
1 
1 
5 
5 
2 
1 
1 
31 
1 
1 
1 
11 
4 
1 
3 
1 
2 
2 
4 
12 
1 
26 
27 
1 
1 
3 
1 
11 
1 
2 
8 
1 
3 
2 
1 
43 
2 
1 
4 
2 
2 
1 
1 
1 
22 
1 
1 
1 
16 
18 
1 
1 
12 
10 
14 
4 
3 
3 
1 
4 
2 
1 
6 
95 
1 
2 
9 
1 
1 
3 
2 
2 
1 
1 
1 
1 
6 
1 
6 
1 
1 
2 
4 
1 
2 
24 
1 
2 
1 
3 
2 
1 
1 
1 
1 
4 
1 
144 
1 
59 
6 
3 
1 
1 
1 
4 
2 
56 
2 
1 
69 
7 
2 
3 
5 
1 
1 
1 
1 
1 
25 
1 
1 
1 
9 
1 
1 
2 
2 
1 
7 
1 
1 
1 
1 
8 
2 
1 
24 
16 
3 
1 
46 
1 
3 
4 
1 
1 
28 
17 
2 
2 
1 
1 
2 
1 
1 
3 
9 
3 
2 
1 
26 
2 
8 
1 
1 
1 
2 
4 
1 
1 
4 
1 
25 
1 
1 
3 
3 
1 
1 
1 
10 
1 
1 
1 
104 
1 
1 
39 
31 
1 
120 
4 
1 
2 
3 
19 
11 
1 
24 
3 
1 
1 
1 
1 
13 
1 
1 
1 
1 
14 
1 
1 
4 
2 
1 
1 
2 
9 
1 
7 
1 
1 
2 
1 
1 
1 
1 
1 
4 
3 
1 
1 
1 
1 
2 
5 
202 
2 
1 
2 
1 
1 
5 
1 
4 
2 
1 
1 
1 
268 
4 
5 
4 
1 
6 
2 
3 
3 
9 
16 
4 
1 
59 
6 
70 
34 
2 
3 
22 
27 
92 
15 
1 
1 
1 
1 
24 
1 
1 
31 
1 
1 
1 
4 
32 
2 
1 
34 
3 
4 
1 
1 
58 
1 
1 
3 
2 
4 
39 
32 
4 
3 
2 
1 
4 
2 
1 
1 
1 
1 
1 
1 
3 
3 
303 
1 
1 
10 
1 
1 
1 
1 
6 
3 
13 
10 
1 
1 
6 
1 
1 
12 
72 
12 
8 
2 
1 
1 
1 
1 
2 
1 
2 
1 
1 
34 
1 
6 
4 
1 
6 
4 
1 
1 
13 
1 
22 
1 
2 
1 
2 
4 
1 
1 
3 
6 
11 
1 
7 
28 
2 
1 
1 
3 
1 
3 
1 
36 
1 
2 
1 
32 
1 
6 
1 
3 
1 
10 
2 
1 
23 
9 
25 
3 
2 
1 
10 
1 
1 
1 
5 
5 
2 
1 
1 
2 
6 
5 
2 
1 
4 
2 
1 
1 
2 
2 
13 
4 
1 
2 
2 
1 
5 
1 
4 
1 
9 
5 
1 
1 
10 
3 
4 
3 
4 
9 
1 
1 
1 
117 
3 
1 
1 
15 
2 
1 
2 
1 
7 
12 
2 
1 
9 
1 
1 
20 
3 
2 
1 
1 
1 
1 
21 
3 
1 
5 
3 
1 
285 
5 
1 
127 
9 
1 
1 
1 
2 
139 
3 
1 
1 
8 
3 
1 
1 
3 
1 
1 
3 
2 
1 
24 
1 
365 
1 
1 
1 
8 
1 
27 
1 
1 
1 
2 
2 
1 
7 
3 
5 
65 
1 
1 
1 
1 
5 
2 
1 
5 
1 
1 
2 
1 
2 
2 
4 
1 
1 
2 
1 
3 
17 
135 
4 
2 
4 
1 
2 
1 
2 
2 
21 
8 
4 
526 
12 
2 
15 
1 
1 
1 
1 
2 
2 
7 
3 
1 
7 
1 
1 
4 
3 
1 
1 
2 
1 
5 
1 
4 
5 
1 
36 
2 
1 
4 
26 
1 
92 
1 
1 
1 
1 
24 
16 
1 
5 
1 
1 
1 
19 
1 
4 
2 
4 
2 
4 
2 
1 
3 
4 
1 
425 
1 
1 
1 
1 
1 
7 
15 
1 
3 
1 
1 
1 
1 
3 
1 
1 
1 
1 
2 
1 
3 
2 
1 
13 
1 
1 
1 
1 
1 
1 
1 
2 
2 
3 
1 
865 
341 
1 
3 
2 
2 
1 
1 
5 
8 
1 
1 
1 
3 
2 
4 
30 
1 
3 
75 
1 
1 
1 
1 
48 
1 
1 
1 
3 
4 
2 
1 
3 
1 
1 
57 
1 
1 
1 
54 
18 
2 
59 
4 
4 
2 
247 
3 
1 
1 
1 
1 
1 
2 
2 
1 
3 
1 
1 
1 
4 
5 
8 
4 
1 
1 
1 
2 
1 
21 
3 
1 
1 
12 
15 
2 
2 
8 
1 
25 
1 
2 
4 
3 
25 
10 
1 
2 
4 
1 
3 
2 
3 
7 
3 
1 
1 
5 
1 
1 
28 
1 
1 
3 
9 
2 
4 
1 
6 
1 
3 
2 
1 
1 
1 
1 
27 
2 
1 
2 
55 
1 
1 
21 
1 
12 
1 
1 
1 
1 
2 
3 
1 
1 
1 
3 
18 
2 
5 
11 
608 
1 
1 
1 
25 
19 
23 
1 
3 
1 
125 
2 
247 
49 
2 
1 
1 
7 
1 
10 
12 
1 
1 
2 
2 
2 
1 
3 
275 
3 
12 
3 
11 
1 
1 
1 
1 
7 
4 
53 
1 
1 
1 
12 
1 
2 
3 
1 
1 
1 
4 
1 
4 
1 
26 
1 
1 
1 
1 
1 
1 
21 
1 
9 
10 
1 
8 
2 
1 
4 
2 
1 
1 
6 
1 
1 
2 
8 
16 
3 
6 
2 
1 
1 
4 
11 
264 
40 
1 
1 
128 
14 
1 
1 
1 
4 
1 
1 
1 
42 
47 
1 
1 
1 
3 
7 
11 
1 
1 
1 
1 
1 
1 
1 
1 
1 
1 
1 
5 
4 
23 
1 
9 
2 
1 
2 
1 
5 
1 
1 
1 
1 
1 
12 
1 
13 
66 
2 
2 
11 
2 
51 
11 
3 
2 
2 
1 
1 
4 
1 
1 
1 
1 
14 
1 
3 
3 
1 
1 
1 
4 
1 
8 
1 
2 
92 
3 
1 
1 
1 
1 
1 
1 
1 
1 
53 
3 
1 
2 
3 
2 
1 
1 
1 
1 
8 
3 
1 
3 
1 
2 
1 
70 
2 
26 
11 
2 
4 
1 
1 
871 
1 
1 
1 
1 
1 
1 
1 
1 
1 
2 
3 
7 
98 
1 
4 
1 
4 
1 
8 
1 
1 
1 
16 
8 
2 
1 
1 
1 
2 
1 
2 
1 
1 
1 
9 
167 
2 
1 
3 
8 
1 
1 
1 
2 
5 
1 
2 
33 
1 
1 
1 
1 
1 
59 
2 
1 
2 
1 
1 
1 
2 
2 
1 
1 
20 
1 
1 
3 
1 
1 
21 
1 
1 
2 
2 
1 
1 
1 
1 
2 
1 
1 
1 
3 
1 
1 
1 
1 
1 
2 
1 
1 
1 
1 
2 
33 
16 
1 
9 
1 
1 
8 
1 
1 
1 
1 
2 
26 
6 
3 
1 
1 
4 
15 
1 
4 
1 
8 
3 
1 
2 
2 
1 
4 
19 
1 
10 
2 
2 
2 
1 
6 
1 
6 
4 
4 
473 
3 
1 
3 
1 
3 
1 
1 
18 
553 
41 
1 
1 
1 
2 
1 
22 
2 
1 
33 
1 
16 
61 
36 
3 
1 
1 
3 
4 
7 
1 
1 
3 
1 
1 
1 
1 
1 
2 
1 
3 
1 
2 
1 
17 
12 
1 
1 
3 
5 
1 
1 
4 
3 
1 
2 
3 
7 
3 
1 
1 
4 
6 
1 
1 
1 
2 
2 
4 
1 
1 
1 
4 
6 
1 
5 
1 
2 
2 
2 
2 
4 
15 
11 
2 
1 
2 
1 
16 
1 
15 
7 
5 
3 
1 
1 
1 
2 
1 
61 
6 
2 
2 
17 
29 
1 
8 
1 
2 
1 
1 
2 
1 
5 
1 
7 
1 
1 
1 
1 
1 
3 
13 
1 
2 
5 
1 
1 
3 
5 
1 
2 
1 
1 
5 
5 
1 
2 
2 
8 
1 
1 
1 
2 
13 
1 
1 
1 
3 
13 
2 
1 
39 
9 
1 
1 
11 
11 
3 
67 
142 
16 
4 
2 
1 
19 
13 
855 
1 
6 
1 
1 
2 
1 
1 
8 
4 
1 
70 
1 
1 
2 
5 
1 
551 
2 
2 
1 
1 
1 
2 
41 
45 
2 
2 
5 
1 
7 
4 
34 
5 
1 
7 
2 
3 
2 
1 
1 
1 
1 
37 
7 
1 
1 
1 
2 
28 
4 
2 
5 
1 
1 
3 
4 
1 
6 
14 
1 
2 
1 
7 
1 
1 
1 
2 
4 
2 
1 
1 
2 
3 
1 
4 
1 
7 
12 
5 
1 
7 
4 
1 
5 
3 
285 
2 
7 
12 
1 
4 
3 
1 
6 
2 
1 
6 
3 
8 
64 
1 
1 
3 
1 
2 
5 
1 
4 
1 
9 
4 
1 
290 
1 
1 
66 
1 
6 
1 
22 
2 
59 
7 
1 
3 
9 
11 
1 
4 
24 
21 
415 
3 
1 
1 
1 
3 
2 
2 
5 
4 
1 
75 
122 
1 
64 
1 
1 
21 
2 
11 
4 
1 
1 
1 
1 
6 
1 
2 
1 
2 
36 
1 
1 
1 
1 
1 
69 
1 
1 
16 
2 
8 
2 
1 
6 
1 
1 
351 
1 
2 
5 
1 
2 
5 
1 
1 
6 
2 
1 
2 
1 
60 
1 
4 
4 
1 
1 
1 
1 
4 
1 
8 
1 
2 
2 
4 
16 
1 
3 
1 
1 
1 
2 
2 
2 
1 
2 
3 
3 
1 
34 
22 
1 
1 
4 
1 
1 
1 
1 
1 
1 
1 
1 
10 
1 
4 
1 
2 
62 
1 
1 
6 
1 
1 
4 
11 
1 
1 
1 
18 
1 
1 
11 
1 
1 
1 
1 
5 
1 
1 
8 
1 
1 
3 
3 
1 
4 
2 
2 
2 
4 
1 
3 
11 
3 
14 
1 
1 
88 
2 
41 
5 
15 
3 
15 
1 
1 
1 
1 
1 
1 
1 
1 
1 
1 
2 
1 
2 
1 
5 
1 
27 
1 
1 
1 
1 
1 
3 
3 
1 
5 
1 
6 
2 
2 
1 
1 
1 
1 
1 
1 
1 
1 
1 
1 
12 
3 
2 
2 
2 
2 
4 
2 
5 
4 
55 
1 
1 
6 
52 
4 
1 
2 
8 
1 
1 
3 
2 
2 
1 
1 
1 
2 
1 
1 
4 
1 
1 
122 
3 
5 
1 
2 
2 
1 
1 
1 
1 
1 
1 
2 
2 
58 
8 
1 
1 
3 
1 
1 
8 
1 
1 
3 
2 
6 
5 
8 
21 
2 
19 
1 
143 
23 
2 
1 
6 
2 
1 
1 
3 
16 
4 
1 
3 
1 
6 
1 
1 
1 
1 
2 
3 
1 
3 
1 
1 
10 
5 
1 
2 
1 
8 
3 
1 
1 
1 
1 
1 
3 
4 
12 
55 
52 
3 
1 
98 
1 
2 
3 
1 
1 
1 
13 
3 
3 
2 
2 
1 
2 
1 
6 
2 
2 
1 
1 
1 
1 
1 
1 
1 
1 
6 
2 
2 
4 
1 
3 
1 
1 
1 
1 
5 
2 
7 
2 
4 
1 
1 
1 
53 
2 
1 
1 
2 
1 
2 
1 
1 
1 
1 
33 
18 
1 
96 
13 
95 
1 
16 
17 
1 
1 
1 
6 
13 
2 
1 
20 
1 
4 
1 
6 
3 
1 
279 
1 
2 
1 
1 
7 
2 
1 
4 
3 
1 
1 
17 
5 
1 
1 
14 
1 
1 
1 
1 
11 
2 
2 
77 
4 
1 
1 
1 
1 
1 
1 
2 
1 
4 
12 
1 
3 
4 
1 
25 
6 
1 
1 
3 
1 
2 
68 
2 
4 
2 
1 
2 
3 
2 
3 
1 
1 
1 
1 
1 
1 
1 
1 
1 
7 
2 
1 
1 
4 
1 
7 
1 
1 
1 
1 
1 
78 
9 
10 
4 
2 
2 
3 
2 
1 
40 
2 
2 
4 
4 
2 
5 
1 
2 
11 
1 
1 
1 
4 
10 
1 
3 
1 
3 
1 
39 
8 
3 
2 
2 
215 
3 
1 
1 
3 
2 
1 
7 
15 
18 
9 
22 
1 
2 
2 
4 
1 
5 
1 
1 
2 
1 
3 
1 
47 
1 
1 
5 
2 
8 
2 
2 
1 
7 
2 
2 
1 
27 
1 
5 
2 
1 
4 
3 
5 
1 
1 
3 
1 
1 
19 
25 
1 
5 
193 
4 
1 
5 
1 
1 
1 
4 
1 
1 
1 
5 
1 
11 
1 
1 
1 
1 
1 
2 
2 
8 
1 
1 
3 
1 
1 
15 
1 
1 
1 
4 
1 
1 
1 
2 
4 
1 
1 
1 
1 
3 
2 
402 
3 
37 
1 
15 
5 
3 
5 
2 
1 
117 
2 
26 
1 
1 
5 
3 
2 
2 
1 
17 
1 
5 
15 
1 
1 
1 
3 
10 
16 
19 
1 
1 
1 
11 
1 
37 
1 
1 
1 
1 
535 
4 
1 
1 
13 
1 
1 
1 
1 
1 
1 
1 
1 
1 
3 
1 
7 
1 
401 
1 
3 
9 
4 
1 
48 
2 
17 
1 
2 
1 
69 
11 
1 
3 
95 
1 
1 
2 
1 
1 
3 
13 
2 
1 
3 
1 
1 
47 
2 
1 
1 
1 
1 
1 
2 
1 
3 
1 
1 
1 
3 
1 
1 
1 
2 
3 
16 
11 
1 
1 
1 
35 
4 
1 
3 
3 
1 
1 
1 
1 
3 
1 
1 
4 
2 
1 
1 
5 
190 
43 
6 
4 
5 
4 
1 
1 
2 
2 
2 
14 
2 
1 
1 
28 
1 
1 
1 
1 
1 
1 
14 
1 
1 
1 
1 
1 
3 
1 
1 
2 
1 
7 
1 
1 
1 
1 
1 
7 
2 
360 
2 
1 
2 
1 
33 
1 
1 
5 
10 
1 
1 
4 
1 
8 
1 
2 
1 
1 
3 
1 
2 
3 
1 
4 
1 
21 
3 
5 
1 
3 
2 
122 
15 
1 
26 
1 
13 
14 
16 
2 
1 
1 
1 
1 
7 
1 
1 
1 
1 
3 
23 
3 
11 
22 
2 
1 
1 
8 
1 
2 
1 
2 
7 
66 
1 
31 
1 
5 
4 
11 
1 
5 
3 
1 
2 
5 
2 
2 
5 
11 
7 
3 
4 
1 
5 
2 
1 
5 
1 
2 
2 
1 
1 
6 
2 
4 
1 
1 
7 
1 
2 
30 
1 
1 
4 
2 
9 
4 
1 
1 
1 
3 
466 
1 
1 
3 
2 
1 
362 
1 
1 
1 
1 
1 
1 
1 
2 
1 
4 
1 
2 
1 
2 
1 
1 
1 
1 
3 
16 
1 
1 
3 
11 
1 
1 
2 
8 
2 
5 
2 
2 
4 
1 
6 
1 
2 
7 
1 
1 
3 
1 
1 
2 
1 
4 
1 
1 
1 
5 
1 
1 
2 
3 
6 
1 
1 
1 
1 
1 
27 
2 
1 
1 
156 
780 
1 
2 
1 
18 
1 
5 
1 
2 
1 
2 
1 
1 
3 
1 
22 
1 
1 
1 
2 
3 
1 
19 
1 
158 
1 
9 
2 
1 
3 
1 
13 
1 
1 
1 
1 
1 
3 
1 
1 
1 
1 
4 
1 
1 
1 
1 
1 
1 
4 
1 
1 
13 
1 
4 
2 
1 
1 
2 
1 
1 
1 
2 
1 
31 
3 
1 
2 
2 
30 
1 
1 
1 
1 
1 
1 
1 
1 
4 
2 
1 
2 
3 
1 
3 
1 
2 
9 
26 
14 
1 
2 
1 
1 
5 
1 
5 
3 
9 
2 
2 
16 
2 
1 
1 
1 
1 
1 
5 
1 
2 
23 
1 
1 
1 
1 
5 
1 
45 
1 
25 
2 
4 
12 
1 
1 
1 
8 
1 
84 
278 
1 
4 
2 
11 
7 
1 
1 
2 
1 
3 
1 
12 
1 
1 
1 
1 
1 
1 
1 
1 
2 
1 
1 
8 
1 
6 
1 
19 
1 
1 
2 
1 
3 
1 
27 
11 
123 
1 
1 
1 
9 
3 
231 
1 
10 
1 
1 
4 
153 
4 
1 
18 
2 
2 
12 
1 
5 
3 
1 
6 
27 
2 
4 
3 
3 
1 
1 
2 
1 
3 
1 
1 
3 
5 
5 
2 
3 
26 
1 
24 
1 
1 
1 
3 
1 
1 
6 
2 
3 
2 
1 
1 
1 
1 
2 
11 
1 
1 
1 
2 
2 
11 
1 
5 
1 
1 
116 
6 
5 
43 
3 
2 
1 
2 
1 
1 
1 
1 
1 
1 
1 
7 
2 
1 
5 
3 
1 
1 
2 
1 
2 
179 
2 
23 
1 
1 
18 
3 
1 
1 
1 
1 
19 
1 
2 
6 
25 
2 
80 
496 
8 
1 
1 
2 
1 
16 
1 
1 
1 
24 
1 
1 
1 
15 
1 
7 
2 
1 
2 
2 
1 
17 
1 
1 
1 
11 
1 
2 
1 
4 
10 
1 
1 
1 
1 
2 
6 
1 
17 
1 
1 
2 
10 
1 
1 
4 
2 
9 
4 
1 
16 
16 
5 
1 
1 
1 
8 
1 
2 
10 
1 
1 
1 
1 
1 
13 
1 
1 
3 
2 
1 
1 
4 
1 
1 
1 
2 
3 
3 
1 
11 
1 
1 
11 
2 
7 
1 
2 
3 
1 
9 
4 
2 
1 
56 
1 
1 
1 
5 
1 
6 
1 
3 
1 
3 
1 
1 
2 
1 
1 
2 
3 
106 
5 
14 
57 
2 
1 
1 
1 
2 
1 
1 
6 
2 
2 
1 
5 
1 
1 
2 
3 
19 
3 
1 
1 
1 
2 
1 
1 
1 
1 
1 
1 
1 
126 
3 
1 
7 
1 
1 
3 
1 
1 
1 
10 
1 
45 
8 
1 
6 
6 
1 
188 
1 
3 
1 
1 
36 
5 
1 
1 
1 
1 
1 
5 
1 
99 
2 
6 
1 
1 
1 
2 
2 
1 
1 
36 
1 
1 
9 
10 
12 
2 
2 
1 
1 
27 
1 
1 
115 
6 
1 
78 
2 
3 
1 
195 
1 
1 
8 
2 
1 
12 
1 
3 
1 
15 
6 
59 
1 
35 
1 
30 
18 
1 
1 
3 
2 
10 
2 
17 
13 
1 
1 
4 
6 
10 
7 
11 
1 
58 
2 
10 
2 
3 
10 
3 
1 
54 
1 
129 
4 
1 
1 
1 
1 
1 
2 
1 
2 
5 
1 
1 
1 
1 
5 
1 
1 
5 
1 
1 
5 
4 
2 
24 
1 
3 
580 
3 
2 
1 
1 
1 
1 
1 
1 
1 
224 
1 
4 
2 
2 
1 
6 
3 
2 
1 
1 
33 
1 
1 
2 
1 
1 
4 
1 
1 
1 
1 
1 
1 
1 
1 
1 
1 
3 
3 
1 
1 
3 
1 
8 
5 
2 
5 
1 
21 
1 
2 
2 
69 
1 
2 
1 
1 
5 
25 
1 
2 
2 
8 
1 
2 
1 
10 
2 
2 
3 
3 
1 
4 
5 
3 
1 
1 
2 
1 
1 
1 
1 
1 
2 
1 
1 
1 
12 
1 
1 
1 
5 
1 
3 
21 
3 
1 
1 
1 
21 
2 
2 
2 
4 
2 
1 
1 
1 
1 
15 
3 
5 
2 
2 
2 
2 
6 
3 
1 
1 
1 
1 
1 
17 
18 
1 
1 
79 
4 
1 
50 
4 
6 
1 
1 
1 
1 
2 
37 
1 
3 
4 
2 
2 
7 
1 
4 
1 
12 
1 
2 
1 
3 
8 
1 
4 
1 
16 
1 
4 
4 
1 
1 
8 
2 
1 
1 
1 
3 
2 
3 
13 
35 
3 
3 
1 
2 
2 
4 
146 
2 
1 
1 
1 
2 
1 
5 
1 
23 
24 
1 
36 
2 
1 
1 
4 
4 
1 
77 
2 
4 
1 
3 
1 
1 
2 
25 
23 
9 
4 
6 
2 
1 
3 
1 
1 
1 
1 
1 
2 
1 
1 
1 
1 
1 
1 
1 
1 
10 
1 
1 
1 
1 
3 
1 
2 
1 
9 
8 
1 
1 
1 
3 
1 
1 
2 
18 
1 
1 
1 
1 
1 
1 
1 
1 
3 
9 
2 
1 
2 
6 
1 
7 
15 
2 
1 
2 
39 
1 
1 
62 
1 
86 
1 
1 
2 
1 
2 
1 
1 
1 
2 
1 
1 
1 
1 
1 
6 
2 
6 
1 
1 
9 
4 
2 
11 
2 
1 
6 
1 
16 
1 
1 
1 
2 
10 
1 
1 
1 
1 
2 
1 
1 
1 
1 
8 
558 
6 
3 
1 
6 
1 
1 
11 
3 
2 
2 
1 
1 
3 
1 
3 
4 
7 
1 
1 
2 
1 
6 
2 
207 
1 
2 
3 
5 
3 
3 
1 
2 
2 
9 
1 
1 
1 
53 
1 
1 
1 
1 
18 
5 
1 
6 
3 
1 
1 
1 
6 
14 
1 
8 
20 
1 
9 
2 
1 
8 
1 
1 
2 
2 
1 
2 
1 
4 
1 
3 
3 
1 
2 
1 
1 
1 
1 
1 
4 
2 
3 
11 
1 
2 
1 
1 
1 
2 
1 
1 
2 
3 
2 
20 
3 
2 
1 
2 
1 
1 
1 
2 
1 
1 
1 
4 
3 
159 
51 
2 
2 
1 
1 
2 
1 
12 
29 
9 
3 
1 
1 
2 
1 
2 
2 
1 
3 
87 
25 
67 
1 
1 
2 
1 
5 
1 
1 
1 
2 
1 
4 
3 
1 
1 
4 
1 
1 
6 
7 
5 
2 
3 
1 
3 
3 
1 
3 
1 
4 
64 
2 
5 
3 
6 
1 
1 
2 
7 
1 
3 
4 
1 
289 
2 
2 
11 
1 
4 
1 
1 
755 
2 
4 
1 
2 
2 
15 
43 
16 
1 
1 
1 
2 
1 
4 
2 
2 
2 
33 
1 
1 
6 
4 
1 
8 
1 
1 
1 
1 
1 
1 
1 
2 
866 
1 
1 
5 
2 
2 
1 
1 
1 
2 
1 
1 
1 
1 
1 
2 
10 
1 
24 
1 
1 
5 
1 
1 
25 
1 
3 
1 
2 
3 
7 
1 
1 
3 
2 
12 
3 
8 
2 
1 
4 
1 
3 
1 
1 
1 
1 
1 
39 
2 
1 
1 
1 
5 
1 
1 
1 
1 
8 
51 
3 
8 
1 
2 
2 
2 
1 
1 
1 
2 
2 
3 
1 
9 
16 
5 
208 
205 
1 
27 
2 
2 
5 
4 
2 
1 
12 
1 
6 
1 
2 
14 
2 
3 
3 
1 
1 
1 
10 
1 
3 
551 
3 
2 
1 
65 
1 
581 
5 
1 
1 
60 
51 
2 
2 
14 
1 
3 
1 
3 
1 
1 
1 
2 
1 
2 
2 
1 
2 
54 
1 
1 
1 
70 
2 
3 
12 
4 
6 
2 
14 
1 
5 
1 
1 
2 
1 
1 
5 
1 
1 
5 
1 
1 
45 
3 
1 
19 
1 
12 
1 
1 
1 
7 
1 
402 
4 
2 
1 
11 
1 
1 
1 
3 
1 
1 
1 
1 
5 
1 
1 
1 
1 
1 
3 
3 
1 
4 
1 
1 
2 
2 
1 
1 
1 
1 
1 
2 
1 
1 
1 
1 
1 
2 
1 
4 
8 
41 
1 
318 
1 
1 
1 
2 
1 
49 
1 
1 
1 
1 
4 
1 
2 
1 
15 
1 
2 
19 
2 
4 
4 
1 
5 
6 
2 
1 
3 
216 
1 
1 
1 
1 
1 
3 
13 
3 
4 
4 
1 
6 
2 
1 
5 
74 
1 
1 
1 
7 
1 
10 
18 
1 
1 
1 
7 
3 
3 
11 
3 
2 
22 
16 
3 
206 
34 
1 
1 
9 
2 
2 
1 
301 
1 
1 
5 
3 
1 
1 
1 
1 
26 
1 
2 
5 
1 
1 
2 
1 
7 
3 
5 
6 
144 
1 
1 
1 
1 
92 
1 
2 
1 
4 
1 
15 
1 
1 
1 
1 
3 
1 
1 
1 
1 
2 
1 
1 
2 
1 
1 
1 
1 
2 
1 
1 
1 
1 
1 
1 
5 
117 
5 
23 
1 
11 
12 
1 
1 
21 
1 
7 
1 
27 
3 
5 
1 
1 
1 
1 
1 
2 
1 
3 
2 
8 
2 
1 
1 
1 
2 
3 
2 
1 
1 
1 
18 
1 
1 
2 
1 
2 
2 
44 
2 
6 
2 
2 
2 
2 
1 
2 
1 
1 
1 
25 
1 
6 
2 
1 
1 
2 
4 
1 
22 
1 
11 
4 
1 
8 
12 
2 
1 
8 
1 
2 
3 
1 
4 
15 
9 
2 
27 
20 
3 
2 
4 
2 
22 
3 
11 
3 
1 
1 
1 
63 
8 
79 
2 
1 
5 
2 
1 
1 
6 
1 
3 
1 
1 
1 
1 
1 
1 
4 
1 
8 
1 
9 
2 
1 
1 
19 
7 
1 
1 
1 
1 
1 
2 
1 
1 
2 
1 
1 
1 
1 
3 
1 
18 
4 
12 
1 
2 
1 
1 
2 
4 
1 
1 
4 
1 
1 
1 
11 
18 
449 
3 
2 
1 
4 
13 
1 
1 
1 
1 
2 
2 
32 
1 
1 
1 
46 
1 
1 
1 
40 
1 
3 
1 
3 
4 
1 
1 
76 
4 
2 
1 
8 
1 
6 
1 
1 
1 
4 
1 
1 
1 
5 
3 
1 
9 
1 
4 
1 
2 
2 
1 
40 
1 
1 
2 
1 
3 
1 
5 
1 
2 
3 
1 
9 
1 
44 
1 
1 
2 
2 
2 
1 
1 
10 
18 
4 
1 
3 
8 
1 
17 
483 
16 
1 
3 
6 
6 
2 
1 
11 
6 
1 
2 
1 
1 
4 
77 
1 
1 
3 
1 
3 
1 
13 
2 
1 
1 
8 
2 
1 
1 
3 
1 
1 
1 
9 
630 
1 
3 
1 
1 
1 
8 
1 
3 
1 
1 
1 
1 
1 
1 
2 
1 
8 
1 
1 
2 
13 
3 
1 
6 
1 
6 
6 
2 
1 
1 
3 
2 
1 
3 
184 
7 
1 
4 
4 
2 
1 
1 
3 
1 
3 
1 
1 
4 
1 
1 
98 
1 
1 
1 
1 
9 
7 
15 
9 
15 
5 
4 
2 
1 
1 
5 
1 
2 
2 
1 
1 
3 
2 
7 
19 
1 
1 
1 
26 
4 
3 
1 
38 
1 
1 
4 
3 
6 
2 
1 
1 
1 
12 
1 
1 
3 
1 
2 
1 
8 
3 
3 
1 
10 
1 
1 
4 
6 
4 
1 
1 
19 
1 
8 
32 
1 
7 
1 
1 
5 
1 
2 
3 
1 
1 
4 
15 
3 
1 
16 
1 
1 
1 
1 
1 
1 
2 
1 
1 
1 
1 
2 
1 
5 
1 
2 
1 
2 
2 
1 
2 
2 
3 
2 
4 
1 
1 
1 
1 
3 
10 
1 
1 
2 
68 
4 
1 
1 
2 
1 
2 
3 
2 
6 
1 
82 
1 
1 
1 
1 
8 
8 
5 
1 
2 
5 
23 
7 
209 
3 
1 
1 
1 
3 
3 
628 
338 
9 
1 
1 
1 
1 
2 
1 
1 
2 
2 
4 
4 
1 
1 
2 
2 
1 
1 
10 
17 
1 
17 
3 
17 
10 
2 
2 
1 
6 
3 
1 
520 
6 
2 
1 
1 
16 
5 
25 
5 
10 
25 
1 
25 
1 
1 
1 
1 
6 
3 
3 
1 
1 
6 
1 
1 
3 
24 
1 
14 
1 
1 
72 
8 
2 
3 
2 
26 
119 
1 
12 
1 
1 
1 
2 
1 
2 
1 
1 
5 
18 
1 
1 
3 
4 
1 
7 
1 
1 
1 
1 
9 
51 
2 
2 
1 
3 
19 
2 
1 
1 
193 
1 
2 
1 
1 
2 
1 
23 
1 
1 
6 
2 
4 
1 
157 
3 
1 
266 
1 
2 
18 
1 
7 
11 
1 
2 
10 
2 
1 
1 
1 
3 
1 
19 
19 
2 
1 
40 
1 
122 
1 
8 
1 
1 
1 
67 
19 
27 
1 
1 
2 
8 
10 
2 
8 
1 
1 
1 
1 
1 
1 
1 
97 
25 
2 
1 
1 
1 
3 
5 
1 
3 
1 
1 
19 
1 
1 
3 
13 
1 
1 
2 
1 
1 
2 
3 
27 
32 
1 
3 
38 
1 
1 
6 
15 
1 
18 
1 
1 
1 
30 
3 
10 
1 
1 
5 
2 
2 
5 
6 
1 
15 
2 
2 
1 
24 
1 
3 
18 
1 
1 
1 
1 
1 
1 
9 
1 
2 
3 
2 
1 
5 
1 
1 
4 
1 
2 
2 
1 
2 
1 
1 
9 
1 
46 
26 
6 
1 
1 
1 
1 
7 
2 
1 
1 
2 
5 
1 
5 
1 
15 
2 
35 
600 
16 
8 
1 
10 
1 
1 
2 
2 
1 
5 
1 
2 
1 
1 
1 
1 
1 
1 
1 
2 
7 
6 
1 
22 
1 
1 
2 
1 
87 
18 
1 
22 
1 
1 
5 
1 
12 
1 
5 
1 
66 
1 
120 
7 
11 
3 
4 
1 
1 
1 
1 
14 
1 
1 
1 
1 
15 
3 
1 
1 
1 
1 
1 
132 
1 
6 
1 
1 
1 
6 
38 
1 
4 
4 
1 
3 
1 
1 
1 
1 
28 
1 
1 
3 
1 
5 
1 
1 
1 
3 
7 
8 
180 
1 
1 
6 
1 
88 
2 
1 
7 
1 
1 
1 
1 
2 
1 
7 
67 
1 
1 
1 
2 
4 
1 
69 
6 
1 
1 
1 
1 
1 
2 
2 
10 
1 
1 
1 
1 
17 
1 
6 
3 
2 
1 
11 
1 
1 
5 
1 
1 
1 
3 
1 
1 
46 
4 
1 
10 
1 
1 
1 
16 
15 
2 
10 
1 
3 
4 
2 
4 
5 
1 
1 
7 
21 
17 
3 
8 
7 
1 
90 
1 
1 
1 
1 
1 
1 
4 
5 
1 
3 
2 
42 
5 
1 
4 
1 
1 
1 
4 
3 
7 
94 
185 
33 
2 
14 
1 
3 
12 
2 
1 
1 
1 
1 
1 
2 
206 
1 
1 
4 
1 
7 
7 
2 
3 
1 
17 
8 
1 
1 
1 
1 
1 
1 
1 
1 
1 
3 
2 
1 
38 
8 
5 
1 
1 
1 
1 
80 
2 
1 
13 
2 
1 
3 
2 
104 
1 
3 
2 
4 
1 
1 
27 
7 
1 
1 
2 
3 
19 
862 
5 
1 
1 
1 
1 
5 
5 
1 
44 
1 
2 
8 
42 
1 
4 
16 
1 
1 
2 
1 
3 
1 
3 
1 
2 
1 
1 
1 
3 
1 
2 
3 
1 
90 
1 
2 
3 
1 
1 
1 
3 
4 
1 
1 
2 
3 
3 
2 
2 
1 
9 
2 
1 
1 
1 
1 
4 
1 
7 
2 
1 
2 
1 
2 
4 
1 
3 
1 
1 
1 
7 
118 
3 
1 
1 
1 
1 
1 
1 
1 
1 
3 
34 
1 
4 
1 
1 
67 
2 
14 
4 
109 
5 
1 
4 
5 
1 
1 
10 
1 
5 
27 
1 
1 
1 
1 
1 
6 
1 
1 
1 
1 
1 
14 
1 
17 
1 
1 
2 
7 
6 
8 
2 
2 
4 
1 
1 
1 
1 
1 
104 
2 
1 
10 
41 
4 
1 
3 
1 
1 
1 
2 
1 
1 
1 
4 
8 
2 
1 
1 
1 
2 
202 
4 
1 
1 
1 
3 
2 
1 
1 
2 
1 
1 
3 
2 
4 
6 
3 
3 
9 
1 
1 
6 
1 
2 
2 
1 
1 
1 
3 
2 
1 
1 
17 
5 
1 
18 
1 
19 
1 
3 
2 
5 
1 
4 
3 
5 
1 
1 
1 
1 
6 
2 
1 
1 
2 
20 
1 
2 
2 
1 
1 
1 
1 
15 
1 
2 
6 
1 
1 
2 
1 
4 
1 
1 
6 
1 
1 
1 
1 
1 
3 
1 
6 
1 
1 
1 
1 
1 
12 
2 
14 
1 
1 
1 
2 
1 
1 
1 
1 
1 
1 
2 
2 
29 
1 
8 
1 
13 
1 
1 
16 
1 
1 
10 
2 
4 
3 
6 
1 
2 
1 
10 
2 
5 
22 
4 
10 
7 
15 
3 
2 
5 
2 
2 
3 
295 
259 
3 
1 
3 
1 
1 
1 
1 
4 
2 
8 
1 
1 
1 
9 
1 
1 
1 
1 
35 
5 
1 
2 
24 
106 
3 
3 
1 
1 
1 
61 
4 
1 
4 
17 
1 
1 
1 
21 
1 
5 
6 
1 
640 
5 
1 
2 
1 
2 
1 
27 
1 
1 
3 
1 
1 
15 
37 
2 
3 
2 
1 
1 
3 
1 
1 
126 
1 
4 
1 
14 
1 
3 
2 
1 
12 
2 
10 
21 
3 
1 
12 
1 
2 
1 
3 
2 
7 
1 
1 
5 
1 
1 
4 
3 
15 
1 
1 
4 
5 
1 
1 
1 
8 
2 
1 
1 
4 
1 
1 
7 
243 
1 
1 
2 
1 
5 
28 
1 
5 
2 
7 
6 
1 
1 
53 
41 
4 
1 
1 
1 
3 
2 
3 
1 
1 
1 
1 
11 
1 
1 
23 
1 
438 
27 
17 
1 
4 
48 
1 
1 
1 
1 
1 
1 
1 
33 
4 
1 
17 
1 
1 
1 
1 
1 
3 
5 
7 
1 
67 
25 
9 
11 
13 
1 
4 
1 
1 
10 
1 
11 
1 
1 
131 
1 
486 
2 
4 
1 
2 
2 
3 
1 
1 
4 
3 
1 
12 
1 
2 
28 
1 
1 
2 
2 
1 
13 
2 
1 
1 
1 
1 
1 
1 
1 
3 
1 
1 
1 
1 
1 
6 
1 
2 
1 
2 
1 
2 
1 
1 
1 
2 
1 
2 
2 
1 
19 
1 
94 
1 
2 
1 
1 
2 
1 
5 
1 
1 
1 
15 
2 
2 
3 
2 
6 
1 
451 
1 
1 
1 
1 
1 
1 
1 
1 
1 
3 
1 
1 
1 
1 
5 
1 
2 
1 
6 
2 
4 
1 
1 
1 
3 
7 
3 
1 
1 
36 
112 
1 
4 
2 
228 
5 
1 
1 
1 
1 
1 
1 
2 
1 
2 
5 
1 
17 
3 
1 
1 
1 
1 
1 
3 
5 
2 
1 
2 
1 
4 
1 
2 
3 
5 
1 
2 
1 
796 
5 
1 
1 
1 
1 
1 
4 
1 
1 
1 
1 
1 
1 
1 
1 
1 
1 
2 
2 
1 
2 
1 
1 
3 
3 
1 
2 
1 
1 
1 
2 
168 
1 
1 
9 
5 
2 
1 
1 
1 
7 
3 
1 
3 
15 
2 
1 
2 
13 
4 
1 
2 
1 
1 
4 
3 
1 
1 
137 
2 
2 
1 
1 
1 
2 
1 
1 
1 
11 
27 
4 
1 
1 
6 
1 
1 
1 
1 
16 
1 
1 
2 
11 
17 
10 
5 
1 
2 
1 
3 
2 
2 
7 
26 
43 
41 
1 
1 
1 
1 
1 
1 
19 
1 
42 
3 
1 
37 
36 
3 
1 
39 
152 
3 
5 
1 
1 
71 
6 
175 
2 
1 
10 
1 
11 
4 
2 
1 
1 
10 
1 
14 
1 
3 
6 
6 
1 
2 
1 
3 
20 
3 
1 
20 
1 
1 
10 
2 
1 
9 
1 
1 
3 
3 
2 
2 
7 
1 
1 
1 
34 
1 
1 
1 
3 
1 
26 
2 
1 
4 
1 
3 
5 
1 
4 
1 
