1 
1 
2 
1 
2 
20 
6 
1 
1 
5 
11 
1 
29 
2 
33 
2 
1 
1 
11 
1 
1 
1 
2 
3 
1 
1 
2 
4 
1 
2 
1 
3 
3 
7 
1 
11 
1 
2 
6 
2 
1 
3 
1 
2 
3 
1 
1 
15 
12 
7 
4 
2 
1 
23 
1 
400 
3 
1 
1 
1 
1 
1 
1 
3 
4 
9 
4 
2 
1 
1 
1 
13 
113 
1 
2 
1 
18 
11 
3 
7 
10 
1 
1 
1 
2 
1 
1 
1 
145 
238 
1 
1 
1 
1 
2 
1 
1 
1 
6 
1 
2 
1 
1 
1 
4 
1 
1 
2 
2 
48 
1 
1 
79 
1 
1 
1 
8 
5 
7 
1 
2 
20 
1 
1 
1 
4 
8 
1 
1 
3 
37 
3 
3 
1 
21 
65 
281 
2 
2 
1 
2 
1 
1 
2 
3 
1 
2 
1 
2 
4 
1 
1 
1 
2 
3 
1 
1 
3 
1 
1 
1 
2 
1 
2 
1 
1 
2 
2 
1 
1 
1 
20 
2 
13 
1 
2 
2 
1 
1 
1 
1 
1 
2 
4 
3 
8 
1 
1 
1 
1 
1 
1 
5 
3 
2 
1 
1 
1 
11 
6 
1 
2 
4 
1 
1 
1 
2 
1 
7 
1 
1 
4 
14 
1 
2 
8 
1 
3 
1 
1 
23 
1 
1 
1 
6 
4 
1 
1 
2 
1 
2 
1 
4 
1 
1 
5 
8 
1 
2 
1 
7 
13 
1 
1 
2 
5 
88 
4 
1 
1 
1 
1 
14 
1 
3 
1 
1 
1 
3 
1 
4 
13 
3 
1 
3 
1 
6 
6 
1 
631 
1 
1 
1 
6 
1 
1 
85 
1 
2 
1 
1 
1 
1 
3 
1 
3 
1 
1 
5 
1 
12 
6 
4 
2 
1 
5 
24 
1 
1 
1 
1 
2 
1 
1 
1 
4 
1 
3 
2 
1 
3 
1 
44 
2 
17 
2 
2 
12 
3 
1 
2 
1 
1 
3 
1 
1 
2 
2 
1 
3 
2 
2 
1 
1 
2 
72 
1 
1 
2 
2 
1 
1 
1 
1 
51 
1 
1 
14 
4 
1 
1 
11 
1 
11 
3 
3 
1 
1 
3 
1 
15 
1 
18 
2 
5 
1 
4 
1 
1 
1 
1 
1 
3 
1 
10 
3 
3 
7 
1 
1 
6 
1 
1 
2 
1 
1 
14 
1 
18 
1 
1 
1 
7 
1 
1 
1 
1 
4 
1 
9 
21 
1 
7 
4 
3 
1 
3 
3 
1 
2 
1 
7 
1 
37 
48 
267 
1 
9 
1 
1 
12 
2 
1 
1 
1 
3 
1 
1 
1 
1 
1 
32 
1 
4 
4 
1 
1 
1 
4 
5 
1 
1 
1 
2 
2 
1 
1 
1 
1 
1 
18 
1 
25 
1 
1 
1 
2 
2 
1 
2 
2 
1 
1 
3 
1 
1 
3 
65 
1 
4 
1 
6 
1 
1 
4 
4 
1 
1 
3 
1 
1 
1 
2 
1 
10 
6 
5 
1 
1 
6 
718 
1 
1 
1 
2 
2 
1 
142 
1 
3 
1 
3 
1 
1 
3 
106 
1 
8 
7 
13 
1 
1 
3 
1 
1 
1 
2 
218 
19 
38 
24 
1 
10 
1 
44 
2 
1 
14 
1 
1 
3 
1 
3 
13 
1 
2 
1 
1 
1 
8 
1 
10 
1 
2 
2 
9 
6 
1 
3 
2 
1 
2 
1 
6 
10 
1 
3 
1 
1 
1 
1 
2 
1 
1 
9 
10 
1 
1 
1 
2 
1 
5 
3 
9 
1 
1 
1 
1 
6 
1 
4 
36 
2 
1 
1 
1 
1 
1 
1 
11 
1 
1 
1 
1 
7 
1 
1 
16 
1 
1 
5 
3 
4 
5 
1 
1 
3 
42 
2 
2 
2 
3 
11 
3 
5 
5 
2 
1 
6 
1 
1 
2 
1 
2 
1 
2 
2 
2 
5 
17 
1 
2 
3 
1 
4 
1 
1 
2 
2 
2 
28 
1 
1 
4 
1 
2 
3 
1 
7 
1 
4 
4 
3 
1 
70 
3 
1 
1 
1 
1 
1 
1 
1 
2 
1 
1 
1 
1 
1 
2 
2 
139 
6 
2 
1 
1 
1 
3 
6 
1 
2 
2 
3 
3 
1 
34 
2 
5 
1 
1 
6 
11 
2 
1 
13 
2 
2 
1 
3 
8 
206 
1 
12 
1 
2 
21 
3 
1 
1 
2 
16 
1 
4 
2 
1 
16 
10 
17 
3 
996 
6 
10 
1 
4 
3 
2 
1 
4 
2 
4 
2 
67 
10 
1 
2 
2 
9 
1 
1 
3 
1 
2 
1 
4 
1 
1 
2 
1 
1 
3 
1 
6 
28 
1 
1 
1 
1 
1 
1 
2 
7 
19 
4 
4 
20 
1 
1 
2 
1 
26 
1 
1 
3 
2 
1 
2 
2 
6 
2 
1 
13 
8 
1 
3 
1 
6 
11 
2 
1 
3 
2 
1 
2 
1 
2 
1 
7 
1 
1 
2 
1 
1 
1 
136 
2 
2 
1 
2 
1 
13 
2 
1 
1 
7 
1 
1 
1 
19 
5 
1 
4 
5 
1 
2 
10 
1 
3 
1 
1 
2 
5 
6 
1 
1 
5 
3 
1 
4 
9 
1 
1 
1 
2 
2 
3 
1 
1 
2 
1 
1 
1 
1 
1 
1 
3 
1 
54 
3 
1 
223 
1 
4 
1 
2 
70 
1 
1 
1 
1 
1 
1 
2 
1 
2 
1 
1 
15 
2 
4 
2 
8 
4 
3 
2 
1 
13 
2 
1 
1 
3 
1 
3 
1 
2 
1 
2 
2 
1 
4 
1 
1 
1 
1 
2 
1 
1 
1 
2 
2 
6 
1 
2 
8 
1 
1 
3 
1 
1 
1 
1 
8 
1 
4 
5 
2 
113 
1 
1 
1 
1 
1 
4 
1 
21 
1 
1 
1 
3 
10 
1 
2 
1 
39 
2 
1 
1 
1 
1 
5 
2 
2 
1 
1 
1 
1 
12 
1 
3 
1 
2 
1 
8 
55 
1 
1 
7 
2 
1 
2 
1 
1 
1 
1 
28 
2 
1 
1 
8 
1 
2 
1 
2 
27 
5 
2 
34 
1 
69 
1 
1 
1 
1 
1 
192 
1 
2 
3 
3 
17 
1 
22 
3 
1 
1 
32 
1 
17 
1 
6 
1 
1 
1 
1 
2 
1 
1 
1 
1 
1 
1 
1 
2 
1 
1 
2 
11 
1 
1 
1 
1 
39 
1 
2 
1 
7 
3 
2 
1 
4 
1 
1 
5 
1 
2 
2 
11 
1 
1 
1 
2 
1 
1 
1 
12 
1 
1 
11 
1 
2 
1 
1 
1 
6 
1 
5 
1 
1 
1 
1 
1 
353 
32 
1 
31 
1 
1 
1 
2 
2 
1 
1 
10 
1 
1 
1 
22 
248 
1 
1 
5 
1 
1 
1 
1 
1 
29 
1 
1 
8 
2 
1 
1 
1 
1 
4 
1 
2 
1 
59 
1 
1 
34 
2 
13 
6 
5 
2 
3 
12 
4 
2 
1 
2 
6 
1 
6 
3 
3 
3 
1 
1 
1 
1 
2 
1 
1 
2 
1 
1 
1 
1 
4 
1 
9 
8 
34 
1 
1 
1 
1 
1 
40 
4 
1 
1 
29 
1 
1 
1 
1 
54 
1 
8 
3 
2 
6 
1 
1 
1 
2 
1 
1 
6 
55 
2 
1 
1 
2 
25 
1 
3 
1 
3 
1 
2 
1 
1 
1 
1 
1 
2 
1 
1 
1 
3 
1 
2 
288 
5 
1 
17 
2 
1 
1 
1 
4 
4 
39 
3 
2 
1 
2 
21 
2 
2 
1 
1 
1 
11 
2 
1 
1 
1 
1 
1 
4 
1 
1 
4 
1 
1 
44 
48 
1 
4 
2 
2 
1 
4 
3 
2 
1 
4 
1 
1 
1 
2 
4 
3 
30 
1 
1 
5 
1 
1 
1 
11 
1 
2 
1 
1 
1 
2 
1 
2 
1 
1 
1 
3 
1 
5 
1 
1 
1 
3 
1 
1 
1 
1 
1 
1 
2 
1 
1 
2 
23 
14 
1 
1 
1 
1 
1 
1 
1 
1 
1 
1 
7 
2 
3 
1 
1 
1 
36 
1 
1 
1 
4 
1 
1 
1000 
85 
1 
1 
1 
2 
5 
4 
1 
2 
1 
1 
1 
21 
5 
1 
101 
2 
15 
1 
1 
1 
1 
1 
1 
1 
4 
59 
2 
1 
12 
1 
1 
516 
10 
1 
2 
1 
2 
3 
1 
1 
1 
1 
199 
2 
1 
1 
3 
2 
4 
2 
1 
1 
246 
7 
1 
1 
3 
2 
2 
1 
2 
79 
7 
9 
2 
1 
2 
1 
1 
1 
12 
1 
23 
9 
1 
1 
1 
29 
5 
1 
1 
7 
1 
1 
1 
4 
1 
1 
2 
1 
1 
1 
1 
3 
2 
2 
15 
2 
2 
1 
124 
1 
2 
1 
1 
2 
86 
1 
1 
1 
2 
1 
1 
1 
5 
1 
4 
2 
2 
1 
2 
3 
27 
8 
10 
2 
1 
1 
60 
35 
1 
1 
1 
1 
1 
2 
24 
27 
1 
6 
1 
4 
2 
7 
1 
8 
1 
2 
75 
1 
1 
6 
11 
1 
1 
1 
1 
1 
1 
1 
1 
1 
2 
3 
1 
1 
1 
2 
1 
1 
4 
2 
1 
2 
1 
2 
9 
4 
1 
1 
2 
14 
2 
1 
2 
1 
1 
3 
1 
1 
2 
1 
16 
4 
5 
2 
6 
2 
1 
1 
4 
6 
1 
2 
11 
7 
7 
1 
1 
5 
3 
1 
1 
60 
3 
1 
3 
1 
1 
39 
5 
2 
8 
1 
1 
9 
8 
1 
1 
1 
2 
1 
1 
2 
1 
42 
3 
3 
1 
1 
6 
4 
3 
2 
1 
6 
1 
2 
1 
3 
1 
1 
1 
2 
4 
25 
105 
1 
2 
4 
2 
2 
1 
3 
1 
1 
1 
3 
1 
9 
1 
98 
8 
3 
17 
11 
1 
11 
7 
312 
1 
1 
1 
1 
1 
1 
2 
1 
2 
1 
2 
1 
1 
1 
4 
8 
3 
3 
1 
1 
7 
1 
1 
1 
14 
1 
1 
3 
4 
3 
1 
1 
1 
2 
1 
1 
1 
2 
6 
10 
1 
54 
1 
1 
1 
1 
1 
1 
1 
2 
40 
1 
21 
1 
1 
6 
2 
64 
5 
1 
1 
10 
2 
1 
1 
1 
19 
2 
2 
1 
1 
49 
1 
1 
60 
6 
1 
12 
1 
2 
4 
1 
1 
2 
2 
1 
1 
5 
4 
8 
1 
9 
9 
1 
9 
1 
1 
11 
1 
2 
1 
1 
17 
2 
1 
391 
1 
1 
11 
1 
17 
3 
3 
35 
1 
1 
1 
1 
1 
1 
1 
10 
19 
1 
3 
1 
1 
1 
1 
1 
1 
1 
33 
1 
2 
1 
1 
4 
5 
1 
1 
1 
1 
3 
1 
25 
1 
1 
2 
3 
1 
169 
1 
1 
2 
1 
3 
2 
2 
24 
1 
2 
1 
3 
1 
2 
8 
1 
3 
1 
1 
2 
123 
3 
1 
4 
1 
5 
106 
1 
1 
1 
5 
1 
2 
2 
1 
2 
1 
2 
13 
1 
2 
2 
1 
3 
2 
1 
1 
6 
2 
1 
1 
1 
1 
3 
2 
1 
1 
1 
2 
1 
2 
7 
1 
2 
1 
1 
1 
1 
1 
2 
1 
1 
2 
1 
1 
1 
3 
1 
1 
1 
1 
1 
1 
2 
3 
1 
9 
8 
34 
1 
2 
1 
2 
1 
16 
10 
1 
1 
1 
1 
6 
1 
2 
1 
1 
1 
3 
1 
1 
4 
1 
13 
3 
1 
3 
1 
4 
1 
6 
2 
1 
1 
42 
1 
5 
1 
31 
1 
3 
2 
40 
5 
1 
1 
3 
1 
3 
1 
1 
1 
2 
7 
1 
4 
1 
1 
1 
1 
1 
1 
12 
1 
1 
1 
2 
2 
2 
4 
1 
1 
6 
2 
11 
1 
1 
1 
8 
1 
1 
8 
1 
1 
3 
18 
2 
8 
1 
1 
12 
1 
1 
1 
46 
1 
1 
1 
3 
6 
1 
6 
1 
1 
19 
1 
4 
5 
6 
1 
3 
7 
1 
1 
1 
1 
2 
1 
1 
1 
2 
2 
1 
2 
1 
1 
68 
2 
1 
1 
1 
1 
2 
1 
1 
4 
1 
2 
6 
3 
2 
4 
2 
1 
1 
45 
5 
2 
1 
3 
1 
1 
1 
2 
1 
15 
1 
5 
2 
1 
2 
4 
1 
2 
1 
2 
4 
2 
2 
1 
28 
8 
3 
1 
1 
1 
1 
2 
1 
4 
1 
1 
2 
1 
2 
1 
1 
12 
10 
1 
16 
1 
4 
1 
1 
1 
4 
1 
1 
1 
1 
2 
5 
2 
2 
1 
1 
1 
2 
2 
1 
2 
1 
1 
1 
15 
1 
2 
1 
1 
1 
1 
1 
4 
1 
113 
4 
1 
2 
21 
4 
1 
10 
2 
1 
4 
1 
1 
1 
2 
1 
1 
1 
2 
1 
3 
1 
1 
1 
10 
1 
3 
1 
59 
2 
3 
1 
8 
1 
1 
4 
1 
1 
2 
1 
5 
1 
1 
1 
1 
1 
1 
3 
1 
1 
1 
1 
3 
1 
4 
2 
17 
1 
1 
2 
1 
4 
1 
2 
31 
1 
4 
14 
1 
1 
1 
10 
1 
6 
1 
1 
2 
1 
4 
3 
2 
1 
1 
1 
1 
2 
3 
1 
8 
1 
12 
5 
1 
1 
5 
2 
4 
3 
1 
1 
2 
1 
1 
2 
2 
1 
34 
2 
1 
1 
7 
2 
7 
3 
1 
1 
1 
3 
1 
1 
1 
3 
1 
14 
3 
1 
2 
1 
13 
76 
3 
1 
1 
1 
3 
14 
1 
1 
2 
2 
1 
1 
3 
5 
1 
2 
19 
1 
2 
1 
1 
2 
1 
1 
3 
40 
4 
1 
1 
2 
1 
12 
1 
1 
1 
1 
1 
1 
4 
1 
1 
1 
1 
13 
1 
2 
1 
2 
4 
1 
14 
1 
5 
1 
1 
2 
2 
1 
5 
4 
1 
1 
1 
4 
1 
5 
4 
3 
1 
1 
2 
1 
2 
1 
1 
1 
1 
88 
3 
2 
1 
3 
1 
2 
1 
2 
6 
11 
1 
7 
1 
1 
36 
1 
1 
5 
8 
1 
1 
1 
1 
1 
5 
1 
1 
1 
1 
2 
1 
1 
1 
1 
3 
1 
1 
2 
1 
6 
1 
14 
4 
1 
8 
1 
1 
1 
6 
1 
1 
1 
3 
1 
1 
2 
6 
2 
1 
3 
2 
2 
13 
1 
1 
11 
4 
2 
1 
2 
3 
21 
1 
5 
2 
1 
4 
2 
1 
2 
5 
1 
1 
1 
3 
1 
3 
3 
1 
5 
1 
1 
1 
10 
2 
1 
2 
1 
1 
1 
1 
1 
4 
1 
5 
3 
3 
2 
1 
1 
1 
1 
4 
4 
1 
1 
1 
2 
2 
2 
2 
1 
1 
5 
7 
14 
11 
2 
1 
1 
1 
1 
2 
18 
3 
7 
1 
10 
14 
1 
6 
38 
1 
1 
1 
1 
1 
1 
1 
3 
1 
1 
94 
1 
2 
2 
4 
1 
1 
2 
1 
29 
17 
2 
2 
204 
1 
2 
1 
1 
1 
1 
1 
1 
2 
2 
2 
52 
1 
4 
3 
1 
1 
9 
1 
7 
1 
1 
4 
1 
60 
1 
7 
4 
19 
1 
4 
3 
1 
1 
16 
30 
3 
10 
2 
9 
9 
1 
674 
1 
45 
18 
1 
31 
1 
8 
2 
1 
1 
6 
13 
1 
2 
1 
2 
1 
4 
2 
1 
6 
1 
11 
7 
4 
3 
369 
2 
14 
1 
1 
1 
1 
2 
1 
26 
1 
2 
1 
1 
1 
1 
9 
16 
5 
1 
11 
1 
1 
1 
1 
1 
4 
6 
2 
1 
3 
1 
1 
3 
36 
1 
9 
1 
5 
7 
1 
1 
1 
1 
1 
3 
1 
29 
3 
1 
1 
5 
1 
34 
465 
1 
1 
6 
1 
1 
4 
2 
11 
1 
1 
2 
2 
1 
1 
8 
1 
1 
1 
1 
1 
3 
1 
3 
2 
4 
1 
5 
1 
1 
1 
2 
28 
3 
1 
1 
1 
1 
3 
1 
3 
1 
1 
1 
4 
4 
6 
1 
1 
1 
1 
1 
2 
4 
1 
1 
7 
2 
6 
2 
1 
2 
4 
1 
2 
1 
1 
1 
10 
1 
2 
3 
1 
2 
2 
1 
1 
1 
1 
4 
1 
2 
6 
2 
3 
2 
1 
3 
1 
6 
7 
1 
1 
1 
2 
1 
1 
46 
115 
1 
1 
1 
14 
27 
1 
2 
1 
23 
4 
2 
1 
5 
1 
1 
76 
1 
2 
1 
1 
1 
8 
2 
6 
1 
1 
2 
1 
1 
1 
1 
1 
1 
2 
1 
1 
1 
1 
2 
1 
1 
1 
10 
1 
1 
8 
3 
6 
3 
48 
1 
1 
1 
1 
1 
1 
2 
3 
1 
2 
2 
3 
378 
1 
1 
1 
2 
4 
10 
1 
1 
1 
1 
1 
1 
1 
9 
1 
8 
1 
1 
2 
3 
1 
3 
47 
1 
1 
1 
2 
1 
1 
1 
2 
87 
1 
1 
1 
2 
1 
5 
1 
1 
1 
1 
1 
2 
1 
1 
1 
2 
1 
1 
1 
2 
9 
67 
1 
1 
11 
16 
2 
4 
5 
1 
3 
7 
3 
3 
1 
2 
1 
7 
3 
2 
1 
2 
8 
1 
12 
1 
1 
4 
1 
1 
1 
2 
34 
1 
2 
3 
6 
203 
9 
8 
3 
1 
1 
1 
1 
2 
1 
16 
1 
1 
5 
1 
1 
1 
3 
1 
2 
15 
1 
3 
5 
1 
1 
1 
1 
1 
9 
3 
2 
1 
7 
2 
1 
1 
5 
1 
1 
1 
2 
21 
1 
3 
3 
1 
3 
2 
2 
1 
3 
1 
2 
1 
13 
2 
1 
1 
18 
1 
1 
2 
1 
1 
1 
133 
1 
10 
1 
1 
1 
1 
2 
2 
1 
2 
1 
3 
1 
1 
1 
1 
3 
3 
2 
1 
3 
239 
2 
35 
7 
2 
1 
1 
1 
1 
1 
8 
1 
2 
9 
1 
1 
2 
1 
6 
1 
3 
1 
1 
2 
1 
1 
2 
2 
2 
2 
1 
1 
4 
1 
7 
1 
2 
1 
1 
3 
1 
3 
2 
6 
2 
3 
1 
2 
2 
1 
1 
9 
1 
2 
2 
1 
1 
135 
4 
4 
4 
1 
1 
8 
5 
1 
54 
1 
1 
1 
181 
1 
4 
3 
3 
2 
1 
1 
6 
3 
2 
1 
4 
6 
2 
1 
1 
2 
1 
1 
1 
4 
2 
2 
1 
8 
3 
3 
2 
1 
2 
1 
6 
2 
17 
1 
1 
1 
1 
1 
1 
69 
2 
11 
1 
1 
1 
2 
4 
15 
2 
4 
1 
1 
2 
2 
2 
1 
3 
1 
6 
129 
20 
1 
1 
1 
1 
1 
1 
1 
1 
3 
1 
3 
37 
1 
2 
1 
1 
1 
1 
1 
1 
1 
2 
2 
1 
21 
41 
1 
1 
44 
27 
31 
1 
3 
1 
3 
2 
3 
3 
3 
1 
2 
1 
1 
11 
1 
1 
1 
18 
2 
1 
1 
14 
3 
1 
342 
2 
3 
1 
3 
2 
4 
80 
17 
1 
1 
2 
1 
2 
1 
1 
2 
2 
3 
1 
1 
13 
32 
1 
11 
1 
1 
9 
2 
2 
1 
2 
1 
3 
1 
11 
4 
1 
1 
2 
3 
1 
63 
55 
2 
24 
2 
58 
374 
2 
1 
1 
2 
1 
1 
1 
1 
1 
1 
1 
1 
1 
24 
1 
1 
5 
1 
7 
3 
1 
4 
10 
1 
1 
1 
1 
3 
3 
3 
1 
1 
1 
5 
2 
1 
3 
2 
1 
2 
3 
1 
1 
3 
1 
1 
483 
4 
2 
1 
1 
1 
2 
1 
3 
1 
3 
1 
1 
1 
40 
2 
1 
1 
2 
1 
1 
1 
1 
1 
4 
1 
1 
1 
25 
3 
1 
1 
1 
2 
2 
1 
1 
3 
1 
1 
1 
1 
1 
1 
2 
1 
1 
9 
1 
1 
1 
6 
1 
1 
2 
4 
3 
3 
2 
2 
6 
1 
1 
3 
1 
495 
1 
1 
19 
1 
25 
3 
1 
3 
1 
4 
2 
1 
1 
1 
2 
24 
1 
1 
9 
1 
1 
1 
2 
1 
1 
2 
1 
1 
1 
1 
1 
2 
1 
2 
12 
2 
1 
1 
2 
6 
1 
1 
1 
2 
2 
1 
1 
1 
11 
1 
1 
1 
40 
4 
3 
1 
2 
1 
4 
3 
2 
2 
1 
1 
1 
9 
6 
1 
1 
71 
1 
5 
1 
847 
2 
2 
20 
1 
2 
20 
1 
2 
2 
1 
8 
1 
2 
19 
29 
1 
1 
70 
23 
1 
3 
1 
65 
1 
1 
141 
7 
1 
12 
2 
1 
1 
22 
11 
6 
1 
3 
1 
1 
1 
1 
3 
5 
2 
1 
2 
1 
1 
1 
2 
3 
2 
1 
1 
1 
1 
1 
1 
1 
3 
60 
3 
1 
6 
1 
2 
1 
2 
1 
2 
1 
38 
1 
1 
11 
3 
1 
1 
1 
1 
3 
2 
6 
1 
4 
39 
1 
1 
1 
27 
8 
12 
1 
1 
2 
3 
4 
1 
103 
1 
2 
1 
1 
1 
1 
1 
1 
9 
2 
3 
2 
1 
2 
2 
2 
2 
1 
2 
1 
14 
25 
5 
1 
1 
1 
1 
1 
1 
1 
2 
1 
2 
1 
4 
1 
1 
1 
1 
1 
5 
1 
2 
1 
2 
4 
1 
7 
1 
6 
11 
1 
2 
1 
1 
1 
1 
5 
1 
1 
1 
1 
2 
20 
1 
8 
2 
1 
3 
1 
9 
3 
1 
2 
1 
6 
10 
1 
1 
2 
1 
1 
1 
1 
1 
1 
1 
2 
1 
16 
3 
1 
249 
160 
1 
5 
101 
1 
1 
1 
1 
1 
20 
1 
1 
2 
2 
36 
1 
4 
3 
1 
4 
19 
1 
2 
1 
2 
1 
1 
2 
1 
9 
1 
1 
1 
1 
11 
12 
1 
91 
2 
1 
1 
5 
1 
31 
1 
1 
2 
9 
1 
4 
11 
1 
2 
5 
1 
6 
34 
3 
2 
1 
1 
1 
2 
26 
1 
2 
1 
1 
6 
3 
1 
1 
1 
15 
1 
6 
29 
22 
4 
10 
2 
1 
2 
1 
4 
1 
1 
2 
1 
4 
14 
28 
1 
1 
1 
3 
1 
4 
1 
1 
2 
1 
1 
1 
18 
1 
5 
4 
10 
1 
12 
1 
5 
321 
9 
2 
1 
1 
1 
1 
8 
3 
1 
1 
1 
2 
2 
6 
12 
181 
6 
3 
1 
1 
33 
1 
10 
1 
5 
3 
1 
45 
3 
1 
1 
841 
1 
11 
7 
18 
1 
3 
1 
2 
2 
2 
1 
1 
2 
1 
6 
1 
1 
3 
1 
2 
1 
146 
1 
1 
2 
2 
29 
14 
1 
1 
1 
1 
172 
1 
1 
1 
4 
1 
1 
1 
2 
7 
1 
7 
1 
2 
1 
1 
4 
1 
1 
114 
1 
1 
1 
3 
1 
4 
1 
3 
2 
1 
3 
1 
10 
1 
1 
1 
1 
78 
1 
1 
6 
1 
10 
3 
2 
4 
1 
6 
1 
1 
5 
5 
11 
2 
1 
1 
4 
1 
3 
1 
1 
1 
1 
1 
5 
1 
1 
1 
64 
643 
1 
2 
2 
2 
2 
1 
15 
1 
1 
1 
1 
2 
1 
3 
1 
1 
37 
5 
1 
1 
1 
1 
4 
2 
7 
1 
2 
3 
1 
1 
2 
1 
1 
1 
2 
1 
8 
1 
1 
1 
2 
2 
1 
3 
1 
1 
1 
7 
3 
1 
3 
53 
1 
3 
2 
1 
1 
1 
1 
15 
12 
9 
3 
1 
1 
1 
1 
1 
4 
1 
2 
32 
2 
1 
1 
1 
5 
1 
1 
1 
3 
1 
6 
5 
1 
1 
484 
19 
7 
1 
1 
2 
1 
1 
2 
2 
1 
1 
1 
1 
1 
1 
1 
8 
1 
1 
2 
1 
1 
1 
1 
1 
5 
1 
1 
1 
2 
10 
16 
4 
1 
3 
1 
2 
1 
18 
1 
1 
2 
2 
1 
1 
1 
2 
4 
1 
3 
1 
4 
1 
3 
1 
1 
3 
5 
3 
1 
1 
1 
8 
2 
110 
1 
1 
2 
38 
1 
1 
4 
1 
3 
12 
1 
1 
2 
1 
1 
1 
1 
1 
1 
2 
1 
3 
13 
2 
8 
108 
1 
1 
1 
1 
1 
2 
1 
1 
1 
3 
2 
1 
1 
2 
1 
2 
475 
4 
4 
19 
2 
38 
6 
1 
3 
2 
2 
1 
5 
1 
1 
1 
1 
22 
1 
1 
5 
1 
4 
21 
6 
1 
8 
1 
3 
1 
1 
1 
7 
1 
2 
1 
1 
1 
1 
1 
1 
1 
4 
10 
14 
1 
11 
2 
16 
5 
7 
46 
1 
2 
1 
1 
1 
1 
1 
2 
4 
81 
5 
1 
1 
1 
1 
3 
1 
2 
5 
2 
1 
1 
6 
2 
2 
1 
1 
4 
15 
1 
1 
3 
3 
3 
1 
1 
6 
1 
102 
1 
6 
4 
4 
10 
1 
3 
1 
1 
1 
1 
1 
27 
7 
1 
5 
1 
1 
7 
1 
1 
1 
2 
5 
3 
14 
2 
3 
1 
90 
7 
1 
1 
30 
1 
11 
3 
1 
2 
2 
1 
1 
3 
8 
11 
1 
1 
1 
1 
37 
1 
6 
1 
1 
1 
1 
2 
1 
30 
1 
11 
1 
1 
1 
1 
10 
3 
62 
9 
14 
10 
1 
1 
9 
2 
1 
4 
1 
6 
6 
1 
1 
7 
1 
42 
2 
15 
1 
10 
1 
1 
1 
2 
1 
1 
2 
3 
1 
15 
2 
4 
1 
3 
1 
1 
1 
4 
3 
1 
1 
8 
1 
1 
1 
2 
1 
2 
1 
1 
1 
2 
1 
3 
3 
1 
3 
1 
4 
2 
6 
3 
3 
1 
1 
1 
1 
2 
1 
1 
2 
8 
7 
1 
2 
1 
4 
1 
2 
1 
3 
1 
20 
229 
4 
1 
3 
2 
6 
1 
6 
4 
1 
2 
1 
2 
3 
1 
4 
1 
1 
17 
9 
1 
1 
6 
12 
1 
2 
3 
2 
11 
1 
1 
6 
2 
2 
1 
1 
1 
1 
2 
2 
2 
6 
4 
1 
1 
13 
5 
282 
8 
123 
6 
1 
1 
15 
1 
27 
1 
1 
1 
3 
3 
1 
2 
2 
1 
3 
1 
1 
7 
1 
1 
3 
1 
1 
1 
4 
1 
4 
8 
1 
1 
1 
10 
11 
1 
1 
3 
2 
2 
2 
2 
29 
1 
1 
1 
2 
1 
2 
7 
3 
2 
1 
11 
1 
13 
1 
1 
1 
2 
35 
1 
1 
4 
1 
2 
1 
3 
2 
1 
3 
1 
786 
1 
1 
4 
12 
1 
1 
62 
4 
1 
1 
1 
1 
1 
34 
8 
1 
1 
1 
1 
2 
3 
1 
4 
1 
2 
1 
6 
2 
5 
6 
1 
1 
45 
6 
1 
2 
1 
2 
4 
1 
3 
6 
16 
3 
13 
1 
1 
2 
2 
80 
1 
1 
1 
2 
1 
2 
2 
1 
1 
3 
1 
2 
1 
1 
2 
1 
1 
2 
4 
1 
1 
1 
1 
1 
1 
2 
1 
1 
22 
1 
2 
1 
1 
1 
1 
4 
3 
85 
2 
6 
59 
1 
3 
1 
2 
3 
2 
1 
1 
1 
1 
1 
1 
3 
12 
1 
1 
2 
1 
1 
3 
1 
78 
1 
3 
5 
2 
6 
558 
1 
6 
6 
3 
2 
3 
1 
1 
3 
2 
3 
1 
3 
1 
143 
1 
1 
1 
1 
1 
5 
2 
1 
19 
1 
5 
6 
2 
1 
7 
1 
1 
20 
4 
4 
1 
68 
1 
2 
87 
4 
1 
4 
17 
17 
2 
23 
2 
1 
9 
1 
2 
1 
1 
1 
1 
2 
5 
1 
2 
1 
1 
2 
1 
1 
1 
1 
3 
5 
2 
13 
1 
2 
1 
2 
1 
1 
1 
4 
4 
1 
1 
1 
1 
6 
1 
2 
2 
2 
82 
1 
2 
2 
1 
1 
14 
1 
1 
1 
1 
1 
1 
1 
1 
1 
1 
2 
1 
1 
3 
1 
2 
1 
1 
1 
22 
2 
5 
1 
1 
2 
24 
2 
1 
1 
1 
1 
1 
1 
7 
1 
1 
1 
1 
3 
2 
7 
1 
4 
1 
1 
2 
2 
2 
1 
1 
1 
2 
2 
1 
1 
3 
1 
2 
1 
1 
3 
1 
2 
14 
3 
4 
4 
1 
1 
5 
3 
1 
6 
1 
1 
3 
2 
1 
45 
4 
2 
2 
4 
1 
1 
23 
1 
1 
1 
2 
1 
5 
1 
1 
2 
1 
1 
1 
4 
2 
1 
3 
5 
1 
1 
2 
1 
9 
1 
1 
10 
17 
2 
2 
1 
1 
1 
2 
2 
1 
2 
5 
1 
1 
1 
1 
1 
1 
2 
1 
1 
3 
1 
1 
1 
1 
17 
4 
2 
1 
5 
1 
1 
1 
1 
4 
1 
2 
8 
2 
3 
2 
1 
1 
1 
1 
1 
2 
1 
1 
3 
1 
1 
1 
1 
2 
3 
1 
7 
6 
7 
1 
1 
1 
1 
1 
1 
2 
1 
2 
7 
1 
5 
1 
3 
1 
1 
7 
1 
1 
11 
1 
5 
2 
1 
2 
2 
8 
1 
1 
1 
13 
1 
1 
2 
1 
1 
85 
1 
11 
7 
1 
1 
1 
2 
4 
11 
2 
1 
2 
1 
1 
3 
7 
4 
1 
12 
6 
2 
1 
1 
1 
2 
220 
1 
1 
6 
3 
1 
13 
1 
1 
5 
1 
2 
1 
1 
1 
2 
1 
44 
7 
1 
2 
1 
1 
1 
1 
18 
4 
8 
10 
2 
2 
1 
2 
158 
3 
1 
4 
1 
1 
2 
3 
8 
4 
44 
1 
3 
2 
2 
2 
18 
2 
1 
1 
1 
2 
2 
1 
5 
2 
2 
1 
4 
1 
2 
5 
5 
140 
1 
6 
1 
1 
1 
3 
3 
2 
25 
1 
1 
8 
1 
10 
1 
2 
1 
2 
1 
2 
1 
75 
4 
1 
1 
5 
4 
1 
4 
4 
2 
1 
2 
1 
8 
1 
1 
1 
3 
4 
2 
6 
2 
3 
1 
1 
1 
1 
2 
6 
1 
3 
1 
4 
13 
1 
1 
1 
21 
1 
1 
1 
1 
8 
1 
11 
1 
2 
2 
14 
1 
1 
1 
2 
1 
1 
2 
1 
2 
1 
1 
1 
2 
10 
6 
1 
6 
4 
1 
7 
5 
3 
1 
1 
6 
3 
1 
1 
1 
1 
3 
3 
1 
8 
1 
12 
1 
3 
2 
25 
2 
10 
112 
2 
1 
4 
11 
31 
10 
1 
5 
1 
1 
1 
7 
1 
1 
7 
2 
3 
1 
2 
1 
2 
1 
2 
40 
5 
1 
1 
2 
2 
8 
1 
4 
2 
1 
1 
7 
2 
5 
2 
2 
1 
1 
1 
1 
2 
55 
5 
2 
7 
1 
3 
6 
1 
1 
24 
1 
26 
40 
12 
5 
1 
1 
1 
4 
1 
1 
1 
1 
1 
1 
1 
1 
1 
1 
4 
1 
1 
3 
18 
11 
1 
1 
1 
1 
1 
5 
9 
1 
1 
1 
1 
1 
2 
11 
1 
3 
2 
1 
12 
1 
1 
1 
1 
2 
1 
10 
3 
1 
7 
2 
1 
2 
6 
1 
22 
2 
1 
3 
2 
10 
1 
5 
1 
1 
2 
5 
2 
1 
7 
239 
1 
4 
1 
17 
5 
1 
1 
1 
1 
3 
43 
1 
1 
4 
2 
1 
2 
1 
1 
1 
66 
1 
4 
3 
4 
6 
1 
4 
1 
1 
1 
1 
2 
1 
1 
4 
1 
1 
1 
4 
1 
1 
1 
2 
1 
11 
1 
17 
4 
1 
1 
4 
1 
2 
1 
3 
1 
1 
1 
7 
2 
2 
1 
1 
219 
1 
14 
1 
9 
1 
106 
1 
1 
25 
1 
1 
1 
1 
1 
9 
1 
1 
1 
1 
3 
33 
2 
3 
1 
2 
1 
1 
5 
1 
2 
1 
1 
3 
1 
2 
1 
5 
1 
1 
4 
1 
1 
8 
13 
3 
2 
1 
1 
1 
1 
17 
1 
1 
1 
1 
2 
1 
202 
1 
5 
1 
3 
6 
1 
8 
1 
1 
1 
1 
1 
3 
1 
7 
1 
7 
1 
2 
2 
1 
1 
1 
2 
11 
1 
7 
3 
2 
6 
1 
3 
1 
1 
1 
1 
3 
1 
8 
17 
1 
1 
1 
2 
6 
1 
2 
11 
1 
1 
4 
2 
1 
2 
4 
5 
2 
1 
1 
1 
1 
1 
1 
1 
1 
1 
1 
1 
1 
2 
8 
1 
4 
3 
1 
3 
1 
2 
1 
2 
1 
7 
1 
1 
1 
1 
3 
1 
1 
1 
1 
1 
1 
1 
1 
1 
1 
1 
5 
1 
1 
1 
3 
34 
1 
1 
2 
1 
1 
1 
1 
1 
3 
1 
3 
1 
1 
32 
1 
2 
1 
1 
26 
1 
1 
1 
129 
1 
3 
1 
1 
1 
3 
3 
1 
1 
9 
7 
2 
4 
2 
1 
13 
4 
1 
4 
1 
1 
2 
2 
1 
1 
1 
2 
1 
2 
2 
69 
3 
44 
4 
1 
3 
3 
1 
2 
1 
1 
1 
7 
2 
588 
1 
53 
1 
2 
6 
2 
4 
3 
1 
9 
1 
4 
1 
5 
6 
6 
2 
4 
12 
1 
1 
1 
1 
1 
1 
2 
3 
45 
1 
1 
3 
1 
5 
29 
323 
2 
1 
3 
90 
1 
2 
1 
5 
1 
1 
5 
4 
2 
5 
1 
1 
2 
2 
1 
1 
1 
1 
2 
1 
6 
6 
1 
3 
1 
1 
1 
1 
3 
2 
2 
1 
4 
1 
3 
2 
3 
3 
1 
3 
3 
1 
1 
3 
2 
1 
1 
1 
4 
1 
4 
1 
1 
1 
2 
1 
13 
1 
1 
2 
1 
1 
1 
1 
2 
6 
1 
1 
1 
1 
8 
8 
1 
4 
1 
1 
1 
3 
1 
1 
4 
2 
4 
1 
1 
8 
1 
4 
1 
1 
1 
2 
1 
1 
10 
2 
4 
3 
1 
1 
2 
3 
64 
1 
2 
124 
6 
2 
1 
2 
1 
3 
6 
1 
2 
3 
1 
1 
2 
1 
1 
1 
1 
1 
1 
1 
1 
1 
6 
1 
1 
7 
1 
1 
1 
1 
1 
1 
53 
1 
1 
1 
1 
4 
2 
24 
1 
1 
717 
1 
1 
1 
1 
5 
168 
10 
1 
1 
2 
3 
7 
1 
1 
2 
1 
1 
1 
1 
4 
4 
1 
2 
17 
1 
1 
3 
3 
8 
2 
1 
1 
1 
1 
1 
1 
1 
1 
1 
10 
8 
1 
1 
1 
1 
1 
1 
1 
1 
1 
37 
1 
1 
1 
3 
1 
5 
1 
34 
1 
9 
1 
1 
1 
1 
2 
1 
3 
1 
1 
40 
7 
1 
1 
1 
1 
1 
2 
1 
90 
1 
1 
259 
1 
11 
2 
1 
9 
1 
8 
1 
6 
1 
3 
3 
10 
1 
1 
2 
1 
3 
4 
1 
2 
1 
1 
1 
3 
2 
1 
1 
1 
1 
3 
2 
17 
1 
94 
1 
1 
3 
7 
10 
17 
1 
5 
1 
2 
1 
1 
1 
1 
1 
1 
1 
1 
1 
1 
2 
1 
2 
1 
1 
1 
2 
2 
1 
2 
1 
1 
12 
4 
751 
2 
38 
12 
1 
11 
1 
1 
2 
1 
1 
2 
2 
1 
1 
4 
13 
2 
1 
1 
1 
2 
2 
1 
1 
10 
24 
2 
1 
6 
1 
2 
1 
4 
1 
1 
1 
3 
2 
3 
4 
1 
27 
1 
1 
103 
5 
1 
2 
1 
1 
1 
1 
1 
4 
1 
2 
3 
1 
1 
1 
2 
3 
3 
1 
1 
4 
1 
1 
4 
2 
1 
1 
1 
1 
4 
7 
1 
3 
2 
4 
5 
1 
1 
1 
1 
17 
1 
1 
218 
5 
1 
1 
33 
1 
1 
1 
1 
1 
1 
2 
1 
1 
1 
1 
4 
17 
3 
1 
2 
1 
10 
1 
1 
2 
64 
3 
1 
7 
1 
1 
1 
2 
4 
2 
5 
37 
117 
1 
4 
3 
1 
18 
1 
1 
1 
1 
1 
1 
23 
5 
1 
1 
1 
1 
1 
6 
12 
1 
1 
2 
1 
1 
1 
1 
1 
2 
2 
7 
1 
1 
1 
1 
1 
1 
2 
2 
1 
1 
1 
1 
1 
1 
23 
1 
8 
1 
2 
1 
1 
1 
6 
1 
11 
1 
1 
15 
20 
2 
2 
1 
1 
135 
3 
2 
1 
1 
1 
1 
1 
1 
1 
16 
4 
1 
1 
3 
1 
11 
1 
1 
1 
2 
3 
1 
1 
20 
1 
11 
1 
1 
1 
1 
3 
2 
1 
13 
1 
4 
14 
1 
1 
1 
1 
1 
1 
3 
2 
1 
1 
2 
4 
1 
1 
3 
1 
1 
3 
29 
1 
2 
1 
2 
395 
5 
2 
1 
6 
6 
1 
1 
2 
1 
1 
2 
11 
1 
5 
1 
7 
1 
1 
5 
1 
1 
1 
2 
2 
1 
5 
4 
1 
1 
2 
24 
3 
1 
1 
1 
144 
24 
3 
40 
2 
1 
1 
1 
6 
1 
1 
1 
2 
26 
1 
3 
2 
1 
1 
1 
1 
1 
1 
3 
1 
12 
2 
1 
1 
1 
6 
1 
1 
47 
1 
3 
2 
1 
188 
1 
2 
3 
1 
1 
1 
1 
2 
1 
3 
1 
2 
11 
10 
1 
3 
5 
1 
1 
12 
1 
1 
1 
7 
4 
1 
1 
1 
1 
7 
3 
1 
3 
1 
1 
4 
1 
1 
3 
1 
1 
1 
2 
4 
1 
1 
1 
1 
7 
1 
3 
2 
9 
4 
1 
1 
1 
1 
2 
8 
1 
1 
2 
1 
1 
1 
14 
1 
1 
1 
1 
1 
1 
4 
1 
2 
10 
1 
1 
7 
6 
1 
3 
2 
8 
3 
1 
1 
1 
3 
7 
1 
2 
1 
16 
21 
3 
3 
5 
1 
1 
1 
5 
1 
1 
1 
1 
3 
2 
1 
4 
1 
1 
2 
2 
97 
1 
1 
2 
1 
1 
1 
1 
2 
1 
4 
1 
2 
1 
1 
1 
1 
1 
1 
1 
2 
1 
1 
60 
1 
2 
1 
4 
17 
1 
1 
1 
4 
2 
1 
2 
2 
7 
31 
1 
50 
1 
1 
1 
1 
1 
111 
18 
1 
2 
1 
1 
7 
4 
1 
3 
2 
1 
2 
1 
5 
1 
1 
2 
1 
13 
1 
1 
16 
3 
1 
6 
1 
1 
1 
1 
1 
8 
1 
1 
35 
5 
2 
1 
1 
1 
1 
1 
9 
4 
1 
2 
1 
3 
2 
1 
1 
1 
11 
2 
2 
2 
1 
2 
1 
2 
1 
3 
4 
3 
1 
2 
7 
1 
1 
1 
1 
1 
1 
1 
1 
1 
2 
2 
2 
2 
3 
2 
5 
1 
3 
1 
5 
3 
2 
4 
43 
1 
1 
3 
2 
1 
9 
1 
1 
1 
1 
7 
5 
2 
2 
1 
8 
9 
1 
2 
1 
3 
3 
1 
4 
52 
6 
1 
2 
2 
14 
5 
1 
2 
2 
2 
1 
2 
5 
1 
5 
3 
3 
9 
1 
1 
4 
2 
1 
1 
7 
5 
1 
1 
3 
3 
1 
1 
5 
1 
1 
1 
1 
1 
23 
1 
1 
1 
1 
1 
1 
4 
3 
10 
2 
4 
9 
1 
2 
1 
2 
1 
1 
1 
1 
5 
2 
1 
2 
1 
7 
2 
4 
2 
8 
4 
2 
3 
1 
2 
2 
1 
3 
2 
1 
1 
8 
1 
1 
10 
4 
1 
1 
1 
1 
1 
4 
1 
1 
2 
3 
2 
23 
5 
1 
2 
1 
1 
6 
1 
1 
2 
7 
3 
1 
2 
1 
4 
1 
1 
1 
4 
1 
4 
2 
7 
1 
6 
4 
1 
1 
2 
1 
1 
1 
1 
8 
4 
1 
4 
8 
3 
1 
7 
1 
3 
3 
2 
1 
51 
2 
10 
1 
2 
1 
1 
2 
16 
1 
1 
2 
1 
1 
1 
4 
1 
1 
1 
1 
1 
5 
1 
6 
7 
1 
3 
6 
1 
3 
1 
1 
1 
1 
1 
2 
1 
6 
4 
7 
1 
1 
1 
3 
89 
3 
1 
2 
4 
1 
4 
1 
6 
1 
1 
2 
12 
4 
1 
1 
1 
1 
2 
3 
10 
2 
1 
1 
1 
1 
1 
1 
2 
1 
2 
3 
2 
3 
2 
1 
5 
2 
3 
1 
2 
1 
2 
1 
1 
1 
8 
1 
1 
1 
1 
24 
1 
5 
1 
25 
1 
2 
1 
1 
2 
1 
5 
2 
1 
2 
20 
1 
8 
1 
7 
9 
432 
1 
7 
1 
7 
3 
4 
16 
18 
2 
23 
1 
4 
3 
1 
1 
1 
1 
1 
2 
1 
19 
1 
3 
3 
73 
2 
3 
1 
1 
1 
17 
1 
2 
9 
1 
4 
1 
1 
7 
1 
1 
1 
3 
1 
1 
14 
1 
2 
1 
11 
1 
2 
22 
14 
2 
2 
1 
1 
1 
2 
1 
2 
1 
8 
1 
20 
1 
3 
32 
15 
1 
3 
10 
3 
2 
1 
1 
1 
1 
1 
1 
5 
2 
3 
2 
1 
1 
1 
14 
6 
19 
1 
6 
1 
1 
1 
6 
1 
3 
5 
1 
13 
1 
1 
1 
1 
7 
19 
1 
1 
6 
10 
6 
3 
1 
1 
2 
1 
10 
1 
1 
4 
2 
1 
1 
4 
1 
1 
6 
1 
1 
1 
1 
1 
9 
1 
1 
3 
1 
7 
1 
2 
2 
3 
5 
1 
1 
225 
2 
1 
1 
9 
1 
4 
1 
1 
1 
1 
1 
1 
2 
1 
1 
1 
1 
2 
2 
1 
10 
35 
1 
16 
4 
1 
2 
1 
1 
2 
4 
1 
2 
2 
1 
1 
2 
3 
3 
7 
1 
1 
1 
1 
2 
23 
3 
2 
1 
20 
3 
240 
10 
2 
4 
2 
1 
1 
82 
1 
1 
3 
4 
3 
7 
1 
6 
3 
3 
2 
1 
16 
2 
1 
1 
7 
2 
9 
1 
1 
1 
2 
2 
2 
1 
2 
1 
1 
1 
3 
1 
1 
5 
1 
3 
3 
4 
1 
3 
1 
3 
1 
1 
324 
7 
1 
2 
4 
2 
1 
1 
2 
5 
1 
1 
6 
10 
691 
2 
9 
2 
3 
2 
10 
13 
1 
1 
2 
5 
4 
2 
2 
3 
1 
5 
14 
538 
1 
9 
1 
2 
1 
6 
1 
1 
1 
13 
2 
2 
1 
1 
51 
1 
3 
1 
2 
1 
1 
1 
2 
5 
1 
5 
2 
1 
25 
2 
2 
3 
3 
1 
1 
2 
5 
1 
1 
3 
1 
1 
1 
3 
1 
6 
2 
1 
5 
2 
1 
8 
9 
5 
63 
26 
3 
4 
1 
1 
14 
8 
1 
1 
4 
1 
5 
1 
2 
1 
1 
3 
13 
1 
19 
2 
2 
1 
1 
3 
3 
1 
1 
1 
1 
2 
7 
2 
5 
110 
1 
2 
1 
148 
2 
1 
16 
2 
1 
2 
3 
8 
1 
1 
2 
1 
1 
1 
1 
1 
1 
45 
2 
1 
3 
9 
7 
15 
1 
2 
1 
6 
1 
5 
3 
1 
3 
1 
8 
2 
2 
2 
2 
3 
1 
8 
3 
57 
1 
1 
1 
3 
1 
3 
3 
1 
2 
1 
1 
4 
4 
2 
1 
2 
16 
1 
3 
1 
2 
1 
1 
1 
2 
12 
1 
1 
3 
5 
25 
1 
2 
1 
1 
7 
1 
1 
6 
1 
1 
15 
1 
9 
3 
1 
1 
1 
1 
3 
1 
3 
7 
1 
2 
1 
2 
1 
2 
4 
1 
462 
15 
1 
2 
1 
1 
1 
2 
12 
4 
4 
5 
1 
2 
9 
1 
1 
3 
2 
1 
7 
1 
4 
1 
1 
3 
19 
1 
1 
3 
1 
1 
1 
1 
4 
1 
62 
1 
1 
5 
1 
1 
1 
1 
1 
18 
3 
1 
4 
2 
4 
3 
2 
3 
6 
1 
1 
31 
2 
1 
2 
1 
4 
2 
11 
2 
3 
1 
2 
1 
1 
1 
10 
3 
1 
1 
1 
1 
1 
4 
6 
5 
6 
1 
1 
1 
1 
1 
1 
1 
1 
1 
1 
1 
1 
1 
1 
1 
1 
10 
3 
36 
1 
7 
33 
3 
1 
1 
2 
1 
2 
1 
1 
126 
1 
1 
3 
2 
1 
1 
18 
1 
1 
1 
4 
4 
1 
1 
1 
3 
1 
1 
1 
1 
1 
43 
5 
1 
1 
2 
1 
1 
1 
1 
6 
1 
1 
4 
3 
7 
5 
3 
4 
2 
1 
1 
2 
4 
1 
1 
80 
1 
26 
1 
1 
3 
101 
1 
2 
58 
1 
1 
2 
1 
3 
1 
1 
4 
2 
1 
576 
1 
1 
10 
2 
3 
1 
13 
6 
3 
1 
1 
1 
1 
1 
2 
1 
2 
1 
1 
1 
47 
1 
3 
11 
7 
4 
2 
1 
2 
14 
3 
1 
1 
1 
1 
1 
2 
2 
1 
1 
2 
2 
1 
1 
1 
2 
3 
11 
1 
1 
1 
1 
1 
1 
1 
1 
1 
2 
7 
3 
1 
1 
1 
1 
5 
2 
1 
2 
2 
1 
1 
3 
1 
3 
1 
3 
1 
4 
1 
2 
1 
5 
1 
1 
1 
1 
2 
1 
1 
2 
2 
1 
24 
3 
1 
1 
40 
1 
4 
1 
1 
25 
3 
1 
2 
1 
1 
8 
7 
1 
1 
1 
1 
1 
1 
3 
9 
8 
5 
2 
1 
1 
1 
2 
1 
1 
1 
4 
20 
1 
1 
2 
3 
1 
2 
1 
5 
27 
1 
1 
4 
1 
1 
1 
1 
1 
1 
1 
1 
2 
1 
1 
1 
5 
1 
3 
1 
1 
1 
119 
2 
1 
2 
5 
4 
2 
2 
1 
1 
7 
1 
2 
68 
1 
1 
177 
3 
2 
123 
4 
3 
1 
1 
1 
2 
46 
1 
1 
9 
1 
1 
1 
2 
2 
1 
1 
5 
1 
2 
3 
1 
1 
1 
1 
1 
5 
1 
1 
1 
1 
1 
1 
1 
10 
3 
2 
1 
2 
1 
2 
1 
1 
2 
4 
2 
1 
2 
1 
2 
44 
2 
6 
1 
1 
1 
2 
5 
168 
4 
5 
1 
3 
1 
1 
6 
2 
1 
2 
1 
1 
3 
1 
5 
4 
1 
3 
8 
2 
1 
2 
3 
2 
2 
18 
1 
1 
7 
6 
2 
6 
1 
1 
1 
4 
1 
7 
1 
1 
1 
5 
9 
2 
2 
1 
6 
2 
3 
83 
21 
3 
6 
2 
1 
1 
19 
1 
2 
2 
3 
1 
1 
4 
1 
1 
1 
1 
1 
1 
1 
1 
5 
1 
1 
6 
2 
5 
6 
1 
3 
1 
6 
1 
1 
1 
1 
1 
54 
1 
7 
3 
1 
3 
191 
3 
1 
2 
1 
3 
21 
2 
6 
1 
3 
1 
1 
1 
2 
2 
5 
1 
3 
1 
1 
5 
1 
4 
2 
1 
5 
1 
1 
1 
1 
1 
2 
1 
1 
2 
3 
9 
5 
4 
2 
1 
4 
5 
2 
3 
2 
1 
12 
2 
1 
1 
4 
27 
1 
1 
1 
1 
1 
7 
1 
4 
86 
1 
1 
1 
1 
1 
2 
1 
1 
1 
1 
1 
1 
1 
4 
10 
2 
1 
1 
2 
1 
2 
2 
3 
2 
4 
1 
1 
1 
2 
391 
1 
4 
2 
2 
5 
5 
2 
12 
2 
2 
3 
1 
1 
1 
1 
1 
3 
2 
1 
5 
1 
31 
1 
16 
1 
1 
3 
1 
1 
3 
1 
1 
2 
2 
7 
4 
2 
6 
1 
1 
2 
10 
1 
1 
1 
1 
13 
3 
24 
1 
2 
1 
1 
1 
2 
1 
4 
18 
16 
1 
3 
1 
1 
1 
1 
2 
1 
4 
3 
1 
1 
75 
2 
1 
10 
1 
1 
8 
1 
2 
3 
1 
17 
43 
1 
1 
1 
14 
1 
11 
5 
97 
2 
1 
1 
2 
1 
2 
2 
1 
2 
1 
1 
2 
466 
1 
1 
1 
3 
1 
1 
2 
1 
1 
1 
1 
2 
2 
1 
1 
1 
1 
1 
1 
1 
1 
1 
50 
1 
1 
4 
1 
1 
1 
1 
1 
1 
2 
1 
1 
3 
2 
1 
1 
2 
1 
1 
1 
5 
1 
5 
2 
4 
2 
1 
2 
1 
1 
1 
1 
1 
1 
2 
2 
1 
6 
1 
1 
1 
1 
3 
1 
173 
1 
1 
1 
6 
54 
1 
34 
19 
4 
1 
1 
2 
2 
1 
1 
2 
6 
1 
19 
1 
1 
3 
1 
1 
1 
2 
4 
1 
1 
1 
2 
1 
1 
1 
2 
1 
4 
3 
24 
1 
1 
2 
1 
1 
3 
5 
7 
1 
1 
17 
1 
2 
3 
1 
1 
1 
3 
1 
1 
18 
1 
2 
1 
5 
1 
1 
1 
1 
1 
1 
1 
2 
1 
97 
1 
3 
1 
4 
4 
2 
1 
2 
1 
1 
1 
1 
1 
1 
1 
136 
8 
1 
655 
1 
5 
1 
1 
7 
1 
2 
1 
9 
2 
2 
1 
1 
2 
7 
1 
2 
1 
17 
1 
4 
31 
7 
2 
1 
1 
5 
1 
1 
8 
1 
1 
26 
1 
1 
2 
21 
678 
4 
2 
2 
2 
1 
9 
68 
1 
22 
2 
3 
2 
12 
2 
4 
3 
3 
1 
16 
66 
1 
1 
1 
1 
24 
8 
1 
1 
138 
1 
3 
1 
1 
1 
42 
1 
9 
7 
1 
4 
1 
1 
2 
1 
4 
5 
2 
3 
1 
5 
3 
1 
1 
1 
426 
1 
1 
2 
1 
3 
1 
3 
4 
2 
3 
3 
1 
1 
1 
1 
2 
1 
1 
3 
5 
11 
8 
1 
82 
2 
1 
2 
2 
6 
1 
1 
1 
1 
1 
2 
6 
1 
3 
8 
2 
1 
1 
4 
2 
1 
1 
6 
19 
4 
2 
79 
33 
1 
1 
5 
12 
1 
2 
1 
4 
5 
2 
24 
2 
2 
1 
1 
2 
51 
3 
57 
1 
5 
1 
1 
1 
3 
1 
1 
16 
4 
1 
4 
1 
1 
3 
1 
6 
1 
4 
2 
1 
1 
10 
4 
1 
1 
2 
3 
1 
1 
3 
50 
1 
1 
1 
1 
43 
8 
1 
1 
5 
1 
1 
11 
8 
7 
1 
1 
1 
1 
1 
1 
2 
5 
10 
4 
1 
1 
1 
1 
1 
4 
1 
3 
1 
1 
1 
28 
2 
8 
46 
1 
4 
131 
7 
1 
5 
1 
1 
1 
40 
1 
2 
1 
1 
7 
8 
1 
1 
1 
1 
1 
1 
1 
1 
4 
10 
1 
8 
22 
1 
2 
2 
1 
2 
1 
11 
2 
1 
1 
1 
1 
32 
1 
18 
1 
1 
2 
1 
22 
5 
1 
1 
1 
1 
1 
2 
3 
2 
1 
1 
1 
1 
2 
1 
1 
16 
19 
1 
1 
1 
3 
1 
1 
1 
2 
1 
1 
2 
9 
17 
1 
3 
3 
1 
1 
1 
1 
1 
1 
3 
9 
11 
1 
2 
1 
1 
2 
1 
1 
2 
7 
118 
5 
2 
7 
1 
7 
1 
5 
1 
1 
1 
1 
1 
1 
1 
1 
2 
27 
1 
3 
2 
3 
1 
3 
2 
6 
82 
1 
1 
1 
1 
1 
49 
1 
1 
11 
5 
1 
1 
14 
1 
3 
1 
1 
2 
1 
1 
23 
1 
4 
11 
1 
1 
2 
1 
1 
7 
1 
1 
6 
1 
7 
1 
1 
26 
5 
33 
62 
9 
1 
1 
2 
1 
1 
1 
1 
1 
6 
2 
1 
1 
1 
1 
1 
283 
1 
1 
1 
2 
2 
1 
2 
6 
1 
1 
1 
10 
2 
1 
2 
3 
1 
5 
1 
3 
1 
4 
1 
3 
1 
3 
1 
3 
1 
1 
2 
3 
1 
1 
1 
2 
1 
2 
20 
5 
1 
1 
7 
2 
1 
1 
1 
1 
1 
2 
1 
9 
31 
1 
2 
9 
2 
2 
1 
3 
1 
2 
1 
1 
1 
1 
1 
1 
6 
61 
2 
2 
1 
5 
1 
2 
1 
3 
3 
1 
1 
2 
3 
3 
7 
2 
1 
10 
2 
1 
1 
1 
1 
1 
1 
4 
1 
50 
9 
1 
1 
1 
2 
1 
1 
1 
1 
2 
1 
14 
1 
26 
1 
1 
22 
1 
3 
148 
6 
1 
246 
2 
1 
4 
1 
1 
2 
1 
2 
1 
2 
1 
6 
1 
1 
1 
1 
1 
1 
1 
1 
2 
1 
6 
1 
1 
1 
3 
6 
1 
1 
1 
1 
1 
2 
1 
1 
21 
2 
1 
1 
11 
1 
1 
1 
1 
50 
2 
1 
2 
3 
1 
8 
5 
11 
1 
1 
1 
1 
2 
1 
13 
2 
2 
2 
1 
2 
2 
2 
1 
1 
1 
1 
5 
1 
1 
1 
2 
1 
3 
1 
18 
1 
1 
1 
2 
1 
1 
3 
1 
1 
3 
53 
1 
13 
1 
1 
1 
1 
1 
1 
2 
1 
1 
1 
13 
9 
1 
1 
1 
90 
1 
1 
2 
3 
1 
1 
1 
2 
1 
14 
3 
2 
20 
1 
9 
1 
4 
1 
38 
1 
1 
2 
5 
1 
3 
4 
9 
4 
1 
3 
1 
1 
1 
2 
1 
1 
1 
26 
7 
1 
43 
1 
1 
12 
1 
7 
1 
1 
1 
1 
5 
3 
1 
1 
2 
9 
1 
1 
1 
1 
3 
1 
2 
2 
3 
17 
1 
7 
1 
1 
2 
1 
4 
2 
3 
35 
1 
1 
29 
2 
8 
1 
1 
1 
5 
12 
2 
1 
3 
3 
6 
4 
1 
5 
121 
3 
2 
1 
1 
11 
1 
1 
1 
2 
1 
1 
1 
1 
1 
3 
190 
1 
1 
2 
69 
2 
1 
4 
10 
1 
6 
3 
3 
1 
33 
1 
1 
1 
3 
2 
3 
4 
1 
1 
1 
1 
3 
5 
1 
10 
1 
2 
1 
14 
3 
1 
1 
1 
1 
1 
1 
1 
13 
1 
1 
1 
2 
1 
6 
1 
1 
3 
9 
1 
6 
6 
1 
19 
1 
1 
1 
2 
2 
8 
1 
1 
4 
1 
8 
1 
1 
3 
1 
1 
3 
14 
1 
3 
2 
3 
2 
1 
1 
21 
3 
2 
4 
1 
1 
1 
1 
2 
1 
1 
1 
53 
1 
2 
2 
2 
1 
1 
5 
1 
1 
1 
6 
4 
1 
3 
1 
1 
2 
1 
3 
1 
1 
1 
2 
1 
1 
1 
1 
4 
1 
5 
1 
1 
2 
9 
7 
5 
6 
1 
18 
2 
1 
4 
1 
1 
45 
1 
27 
2 
1 
22 
2 
11 
3 
2 
1 
1 
1 
2 
3 
2 
1 
1 
3 
1 
1 
12 
8 
2 
5 
2 
1 
1 
4 
4 
7 
12 
1 
1 
1 
8 
2 
3 
2 
1 
17 
1 
105 
1 
9 
25 
2 
1 
1 
1 
6 
1 
5 
1 
4 
1 
1 
3 
3 
1 
1 
3 
2 
3 
3 
1 
2 
1 
2 
1 
15 
3 
1 
1 
114 
1 
11 
5 
2 
2 
2 
6 
1 
6 
1 
1 
1 
1 
9 
2 
1 
1 
1 
1 
9 
1 
1 
1 
27 
1 
1 
1 
60 
1 
1 
5 
2 
7 
5 
1 
1 
11 
8 
3 
3 
3 
3 
1 
1 
2 
1 
2 
39 
1 
8 
24 
1 
3 
2 
1 
1 
1 
1 
1 
1 
4 
3 
12 
5 
1 
1 
1 
1 
1 
48 
2 
2 
1 
1 
1 
1 
2 
2 
1 
1 
1 
1 
10 
1 
1 
1 
3 
1 
1 
2 
1 
1 
3 
1 
1 
110 
23 
1 
2 
1 
1 
2 
4 
3 
3 
1 
75 
1 
1 
7 
1 
1 
1 
9 
6 
1 
6 
3 
2 
7 
1 
3 
1 
1 
5 
1 
738 
3 
2 
1 
1 
2 
3 
2 
1 
7 
1 
30 
1 
1 
2 
1 
2 
5 
2 
5 
2 
1 
1 
1 
5 
1 
6 
1 
2 
13 
1 
3 
1 
3 
2 
1 
1 
1 
2 
19 
1 
1 
1 
12 
1 
2 
1 
1 
4 
1 
1 
2 
1 
5 
1 
1 
2 
3 
2 
4 
2 
2 
2 
1 
1 
2 
4 
1 
27 
1 
1 
2 
7 
1 
2 
1 
1 
1 
1 
1 
1 
1 
2 
1 
1 
2 
1 
1 
4 
1 
1 
1 
1 
2 
2 
2 
5 
1 
1 
1 
1 
1 
1 
1 
1 
1 
27 
3 
1 
5 
1 
1 
3 
1 
22 
9 
81 
1 
1 
6 
1 
1 
48 
1 
2 
1 
5 
1 
4 
2 
2 
1 
2 
17 
7 
6 
2 
1 
1 
1 
5 
1 
11 
1 
1 
83 
2 
3 
2 
2 
1 
5 
6 
3 
1 
1 
1 
3 
10 
5 
10 
1 
5 
1 
3 
1 
1 
1 
1 
1 
204 
1 
1 
1 
1 
1 
2 
1 
1 
193 
1 
1 
1 
2 
1 
1 
2 
2 
2 
2 
1 
1 
1 
1 
1 
5 
1 
1 
8 
864 
1 
1 
1 
1 
1 
2 
2 
1 
4 
4 
6 
1 
13 
2 
3 
2 
1 
24 
55 
1 
1 
2 
1 
1 
2 
6 
4 
2 
650 
2 
1 
1 
4 
2 
1 
2 
2 
4 
1 
1 
1 
1 
3 
1 
1 
1 
2 
1 
8 
1 
67 
2 
1 
208 
1 
4 
1 
1 
2 
8 
1 
9 
1 
10 
1 
1 
3 
1 
1 
1 
7 
1 
2 
1 
1 
1 
5 
4 
4 
1 
2 
1 
1 
2 
12 
7 
2 
1 
1 
2 
1 
2 
1 
1 
11 
3 
2 
1 
2 
3 
1 
2 
1 
33 
1 
1 
2 
2 
1 
1 
1 
2 
45 
1 
1 
12 
8 
1 
1 
3 
1 
1 
1 
3 
43 
1 
1 
1 
1 
1 
1 
1 
2 
14 
1 
2 
1 
2 
1 
5 
3 
1 
18 
1 
2 
4 
2 
1 
30 
6 
4 
1 
1 
2 
2 
7 
1 
5 
1 
2 
2 
1 
7 
4 
4 
11 
2 
1 
1 
1 
1 
3 
1 
1 
2 
7 
1 
77 
1 
8 
69 
6 
2 
4 
1 
1 
1 
1 
1 
1 
2 
1 
11 
2 
4 
3 
2 
4 
2 
1 
4 
1 
1 
1 
1 
1 
1 
1 
1 
1 
1 
1 
2 
4 
6 
3 
3 
1 
1 
2 
1 
1 
1 
1 
61 
2 
12 
3 
3 
1 
1 
2 
2 
1 
1 
1 
4 
1 
1 
1 
1 
1 
1 
2 
7 
1 
5 
1 
2 
1 
1 
1 
3 
1 
2 
1 
12 
2 
118 
6 
1 
2 
1 
2 
1 
4 
17 
16 
1 
1 
1 
1 
1 
1 
5 
1 
1 
2 
1 
2 
3 
6 
16 
2 
1 
2 
1 
2 
17 
2 
1 
1 
1 
1 
2 
1 
1 
1 
10 
2 
1 
1 
1 
9 
2 
4 
5 
1 
11 
58 
1 
2 
2 
1 
3 
1 
4 
3 
3 
2 
1 
1 
8 
26 
1 
1 
1 
17 
1 
1 
1 
1 
1 
2 
106 
4 
2 
1 
2 
3 
1 
5 
2 
2 
1 
1 
1 
2 
1 
2 
6 
2 
1 
1 
8 
303 
2 
1 
3 
3 
1 
1 
1 
3 
6 
2 
1 
1 
3 
3 
28 
2 
1 
6 
3 
123 
1 
2 
1 
1 
5 
1 
8 
5 
1 
1 
4 
1 
1 
2 
1 
9 
1 
1 
2 
13 
1 
1 
3 
10 
1 
14 
1 
3 
1 
1 
1 
1 
1 
2 
1 
1 
2 
1 
7 
1 
5 
3 
1 
1 
54 
1 
1 
5 
4 
1 
1 
1 
2 
4 
1 
2 
5 
8 
2 
2 
1 
1 
2 
1 
2 
2 
1 
17 
1 
12 
71 
1 
2 
1 
3 
3 
4 
1 
1 
1 
3 
1 
1 
1 
1 
10 
1 
1 
18 
1 
1 
3 
1 
1 
1 
22 
35 
2 
2 
1 
5 
3 
1 
3 
1 
2 
1 
67 
7 
2 
1 
1 
1 
1 
2 
1 
14 
9 
1 
2 
5 
1 
2 
1 
2 
1 
1 
1 
1 
4 
1 
5 
1 
1 
1 
34 
1 
1 
1 
2 
2 
2 
2 
1 
1 
1 
2 
1 
1 
5 
1 
1 
2 
1 
5 
2 
5 
1 
1 
1 
4 
4 
5 
2 
1 
1 
4 
1 
1 
3 
1 
1 
1 
2 
38 
2 
1 
2 
2 
1 
3 
1 
3 
2 
1 
2 
1 
2 
2 
2 
1 
9 
2 
2 
1 
1 
194 
1 
1 
1 
1 
1 
1 
1 
2 
27 
1 
7 
1 
44 
2 
2 
1 
2 
2 
2 
3 
2 
2 
1 
1 
7 
11 
3 
4 
2 
4 
2 
1 
1 
1 
6 
1 
1 
1 
2 
2 
7 
1 
2 
12 
13 
1 
1 
1 
3 
1 
1 
7 
1 
1 
1 
1 
2 
1 
45 
3 
2 
1 
1 
1 
1 
2 
1 
2 
19 
1 
5 
1 
3 
8 
4 
10 
1 
2 
1 
1 
4 
1 
17 
1 
2 
2 
5 
2 
7 
1 
5 
1 
5 
1 
1 
5 
1 
7 
6 
7 
2 
53 
1 
1 
47 
8 
1 
1 
9 
9 
2 
2 
1 
2 
1 
9 
9 
1 
1 
6 
4 
1 
45 
2 
1 
1 
1 
1 
1 
15 
1 
1 
1 
8 
1 
2 
5 
2 
1 
2 
6 
11 
1 
1 
1 
1 
3 
2 
2 
7 
2 
1 
3 
1 
2 
12 
1 
3 
1 
1 
1 
1 
1 
13 
9 
13 
1 
14 
4 
1 
1 
1 
1 
11 
1 
1 
1 
6 
2 
1 
1 
1 
1 
1 
2 
1 
3 
4 
2 
1 
1 
1 
2 
3 
1 
3 
