1 
6 
36 
45 
7 
2 
19 
206 
212 
8 
291 
2 
6 
7 
31 
5 
115 
1 
289 
84 
2 
372 
438 
5 
18 
4 
548 
32 
2 
1 
1 
59 
60 
20 
8 
5 
6 
38 
512 
75 
19 
271 
3 
30 
27 
129 
6 
318 
130 
9 
81 
189 
9 
153 
47 
82 
365 
840 
1 
52 
1 
1 
2 
2 
368 
637 
79 
500 
20 
140 
1 
305 
180 
2 
5 
70 
12 
24 
56 
108 
4 
4 
2 
422 
93 
5 
8 
4 
961 
425 
7 
1 
26 
1 
514 
18 
1 
13 
101 
2 
9 
91 
384 
198 
31 
120 
1 
7 
7 
893 
35 
21 
33 
500 
4 
13 
49 
1 
2 
5 
510 
149 
1 
2 
4 
1 
10 
11 
239 
2 
378 
28 
24 
248 
346 
399 
981 
20 
383 
17 
477 
36 
38 
21 
287 
1 
13 
72 
28 
423 
68 
54 
4 
982 
2 
5 
4 
26 
3 
1 
20 
171 
450 
1 
5 
1 
4 
13 
20 
1 
6 
342 
557 
59 
115 
75 
30 
8 
283 
35 
23 
28 
1 
6 
27 
2 
217 
1 
24 
53 
116 
1 
1 
2 
37 
59 
26 
7 
11 
4 
439 
1 
382 
33 
26 
450 
9 
2 
1 
2 
175 
173 
11 
5 
100 
2 
1 
1 
13 
2 
352 
4 
64 
74 
2 
437 
89 
261 
968 
2 
78 
474 
15 
11 
24 
451 
2 
18 
2 
2 
251 
11 
88 
1 
74 
1 
936 
31 
5 
2 
1 
1 
136 
4 
2 
2 
270 
234 
1 
9 
1 
5 
665 
255 
68 
5 
2 
2 
242 
433 
28 
20 
468 
100 
557 
303 
177 
299 
3 
263 
637 
1 
543 
285 
15 
2 
9 
871 
1 
177 
5 
42 
406 
41 
7 
1 
2 
8 
742 
676 
755 
30 
102 
7 
38 
875 
4 
2 
988 
2 
61 
4 
32 
407 
5 
1 
14 
57 
334 
51 
1 
40 
10 
2 
8 
5 
1 
411 
2 
6 
46 
108 
593 
19 
165 
402 
212 
197 
104 
32 
121 
169 
2 
5 
3 
16 
53 
11 
3 
52 
2 
55 
1 
1 
364 
24 
107 
15 
13 
3 
5 
2 
145 
14 
18 
2 
82 
107 
19 
15 
640 
36 
2 
3 
53 
1 
1 
9 
268 
27 
531 
724 
216 
32 
116 
1 
725 
223 
63 
1 
280 
18 
9 
1 
320 
2 
84 
15 
464 
2 
345 
4 
47 
1 
10 
229 
2 
122 
354 
1 
1 
1 
3 
164 
3 
35 
111 
51 
3 
801 
25 
190 
41 
2 
18 
24 
349 
7 
722 
190 
244 
6 
41 
375 
13 
1 
38 
5 
186 
461 
168 
10 
213 
8 
8 
3 
136 
416 
26 
2 
1 
4 
29 
32 
40 
10 
146 
47 
27 
3 
1 
856 
16 
52 
681 
27 
66 
76 
2 
1 
2 
19 
1 
166 
954 
6 
270 
390 
158 
8 
3 
136 
5 
230 
650 
102 
7 
24 
49 
99 
997 
22 
122 
254 
39 
9 
6 
3 
61 
29 
2 
118 
4 
7 
30 
78 
15 
49 
20 
58 
4 
22 
306 
3 
2 
2 
617 
3 
775 
31 
13 
2 
123 
75 
14 
181 
89 
5 
17 
14 
1 
117 
128 
11 
72 
34 
109 
3 
4 
50 
2 
1 
13 
95 
3 
4 
2 
176 
122 
44 
9 
985 
441 
8 
1 
59 
11 
35 
1 
12 
282 
3 
127 
465 
1 
2 
1 
4 
97 
66 
15 
1 
66 
277 
241 
49 
7 
707 
523 
1 
79 
71 
4 
373 
65 
7 
734 
18 
115 
1 
67 
20 
569 
1 
4 
7 
4 
5 
1 
6 
17 
12 
30 
85 
57 
2 
5 
3 
1 
439 
978 
1 
669 
57 
1 
198 
1 
6 
8 
102 
55 
182 
16 
7 
3 
6 
30 
533 
3 
5 
6 
9 
6 
1 
387 
84 
25 
88 
1 
21 
836 
11 
92 
6 
501 
2 
13 
131 
47 
17 
3 
36 
12 
15 
1 
772 
2 
3 
56 
40 
2 
149 
9 
892 
3 
549 
114 
17 
80 
12 
3 
3 
226 
351 
87 
4 
515 
60 
2 
183 
467 
4 
5 
5 
1 
6 
2 
1 
3 
2 
503 
56 
167 
147 
135 
6 
898 
85 
826 
22 
1 
91 
695 
119 
435 
12 
26 
1 
6 
6 
27 
3 
3 
8 
16 
1 
280 
27 
809 
1 
8 
123 
1 
369 
24 
799 
1 
374 
220 
1 
7 
174 
1 
226 
1 
5 
10 
8 
2 
828 
280 
3 
250 
3 
4 
5 
15 
965 
26 
27 
1 
8 
158 
46 
207 
28 
1 
3 
2 
1 
9 
1 
80 
990 
12 
16 
803 
42 
10 
6 
36 
134 
333 
1 
2 
147 
71 
543 
87 
1 
59 
49 
42 
22 
92 
234 
295 
3 
1 
26 
1 
51 
2 
840 
2 
1 
106 
112 
127 
6 
1 
3 
57 
182 
102 
374 
445 
1 
4 
11 
2 
222 
22 
237 
10 
458 
14 
2 
210 
131 
1 
209 
48 
468 
54 
2 
766 
150 
61 
1 
196 
101 
8 
771 
199 
363 
1 
185 
272 
395 
3 
176 
14 
188 
1 
10 
509 
164 
5 
245 
1 
60 
47 
652 
5 
138 
903 
299 
25 
975 
12 
7 
1 
18 
1 
229 
127 
1 
10 
63 
7 
867 
5 
759 
10 
162 
11 
342 
7 
93 
266 
1 
5 
22 
107 
709 
866 
1 
22 
2 
610 
146 
1 
220 
10 
18 
16 
931 
184 
42 
456 
7 
619 
16 
531 
84 
33 
2 
15 
1 
1 
3 
259 
2 
16 
68 
510 
7 
3 
7 
21 
43 
176 
37 
37 
78 
1 
682 
54 
428 
2 
3 
2 
2 
13 
6 
73 
136 
24 
141 
1 
80 
6 
3 
11 
594 
245 
42 
7 
453 
99 
63 
4 
16 
1 
25 
16 
738 
21 
68 
6 
1 
75 
7 
246 
45 
261 
2 
3 
672 
89 
3 
205 
2 
490 
9 
8 
50 
5 
14 
23 
8 
68 
3 
100 
13 
2 
174 
27 
2 
2 
9 
61 
7 
4 
8 
2 
5 
62 
14 
12 
783 
4 
19 
370 
752 
63 
8 
1 
3 
10 
120 
532 
117 
87 
2 
1 
167 
5 
33 
147 
6 
26 
35 
113 
56 
171 
50 
16 
216 
14 
171 
542 
814 
567 
646 
7 
507 
384 
101 
726 
7 
426 
1 
255 
127 
19 
15 
30 
178 
4 
56 
40 
2 
1 
269 
24 
50 
12 
137 
9 
5 
4 
1 
37 
1 
4 
2 
1 
98 
187 
370 
529 
6 
14 
3 
5 
21 
1 
21 
3 
1 
407 
54 
218 
2 
81 
241 
26 
40 
553 
99 
3 
117 
1 
364 
213 
13 
9 
974 
7 
549 
22 
264 
71 
106 
7 
134 
910 
24 
3 
71 
4 
135 
2 
7 
7 
5 
1 
80 
261 
583 
42 
2 
269 
235 
1 
5 
68 
2 
164 
38 
1 
855 
2 
515 
872 
2 
20 
2 
686 
34 
17 
268 
2 
6 
2 
2 
337 
613 
5 
6 
190 
5 
14 
13 
59 
28 
235 
122 
171 
15 
606 
2 
14 
8 
28 
22 
251 
2 
4 
16 
42 
171 
27 
1 
33 
2 
1 
4 
139 
7 
58 
4 
1 
25 
114 
46 
64 
8 
831 
301 
247 
33 
29 
3 
1 
15 
17 
51 
5 
12 
1 
4 
943 
942 
35 
31 
361 
1 
2 
6 
1 
148 
85 
115 
7 
10 
2 
463 
3 
4 
1 
20 
1 
7 
3 
2 
172 
48 
632 
1 
6 
3 
32 
16 
47 
4 
379 
1 
13 
51 
178 
3 
22 
9 
346 
14 
293 
367 
252 
61 
1 
943 
13 
1 
5 
108 
1 
853 
11 
22 
13 
635 
2 
93 
621 
1 
6 
86 
199 
2 
4 
947 
347 
9 
45 
444 
208 
1 
11 
6 
1 
577 
1 
152 
2 
1 
327 
3 
180 
7 
901 
1 
4 
18 
122 
558 
5 
2 
43 
10 
938 
376 
18 
38 
40 
76 
570 
58 
1000 
935 
13 
23 
775 
928 
1 
14 
27 
1 
161 
2 
20 
1 
461 
891 
34 
18 
1 
3 
18 
120 
7 
203 
101 
16 
169 
6 
17 
15 
58 
1 
326 
36 
644 
2 
4 
2 
38 
11 
3 
15 
3 
118 
1 
3 
94 
5 
143 
76 
169 
367 
283 
2 
1 
4 
330 
68 
122 
6 
149 
51 
158 
1 
557 
23 
908 
4 
154 
48 
16 
2 
11 
45 
810 
22 
3 
18 
483 
69 
38 
135 
42 
48 
11 
287 
132 
859 
28 
62 
4 
23 
83 
265 
51 
6 
79 
903 
320 
47 
2 
130 
3 
288 
2 
95 
409 
3 
77 
1 
170 
195 
865 
93 
148 
2 
3 
84 
3 
622 
109 
16 
20 
28 
13 
267 
54 
1 
109 
2 
75 
1 
55 
55 
67 
17 
3 
5 
355 
360 
1 
20 
128 
379 
2 
9 
282 
22 
121 
30 
6 
127 
1 
231 
5 
85 
1 
1 
33 
490 
15 
24 
7 
11 
3 
1 
1 
4 
4 
531 
1 
263 
72 
1 
325 
39 
3 
17 
4 
33 
310 
35 
7 
60 
4 
1 
6 
86 
73 
336 
11 
7 
1 
33 
62 
3 
217 
12 
1 
9 
8 
196 
15 
515 
404 
29 
11 
45 
4 
1 
130 
1 
2 
36 
22 
75 
338 
2 
13 
54 
332 
3 
1 
33 
9 
14 
272 
22 
266 
27 
110 
42 
43 
1 
31 
49 
7 
880 
55 
154 
964 
17 
543 
80 
5 
13 
67 
1 
258 
64 
1 
6 
864 
516 
5 
159 
15 
6 
34 
460 
157 
74 
105 
6 
2 
159 
103 
599 
5 
796 
770 
23 
320 
179 
115 
1 
27 
292 
120 
671 
105 
984 
387 
21 
16 
463 
1 
116 
2 
277 
258 
1 
1 
950 
94 
1 
1 
21 
130 
63 
1 
8 
46 
8 
3 
29 
1 
85 
3 
2 
183 
13 
104 
18 
605 
45 
30 
1 
15 
1 
2 
55 
1 
171 
14 
1 
420 
33 
195 
1 
3 
145 
31 
1 
65 
744 
1 
1 
3 
1 
16 
133 
39 
288 
249 
508 
1 
47 
12 
930 
461 
1 
275 
389 
17 
77 
33 
95 
2 
57 
33 
1 
77 
536 
2 
21 
5 
131 
105 
207 
918 
604 
7 
2 
10 
30 
629 
556 
24 
11 
1 
263 
1 
174 
27 
14 
1 
988 
5 
272 
2 
132 
331 
150 
69 
71 
39 
17 
609 
516 
69 
25 
304 
23 
2 
2 
364 
27 
45 
1 
3 
2 
48 
96 
854 
1 
397 
1 
1 
14 
17 
5 
151 
100 
247 
1 
67 
6 
587 
1 
193 
324 
295 
7 
3 
268 
1 
253 
676 
1 
1 
67 
237 
828 
595 
121 
446 
500 
50 
19 
56 
2 
541 
91 
6 
782 
227 
371 
33 
3 
179 
362 
13 
5 
94 
779 
332 
3 
1 
189 
501 
2 
25 
678 
378 
146 
904 
5 
50 
68 
1 
43 
543 
60 
208 
89 
17 
29 
260 
219 
275 
1 
373 
47 
4 
2 
248 
31 
367 
10 
734 
134 
1 
3 
541 
25 
28 
300 
92 
142 
1 
1 
847 
8 
45 
134 
2 
22 
62 
769 
118 
111 
162 
33 
2 
9 
19 
13 
5 
124 
228 
231 
2 
399 
544 
182 
4 
12 
7 
16 
5 
18 
898 
181 
19 
5 
13 
5 
639 
56 
15 
34 
3 
98 
1 
24 
881 
2 
1 
1 
1 
58 
792 
1 
381 
3 
943 
78 
2 
2 
2 
4 
45 
2 
580 
1 
88 
390 
10 
1 
4 
5 
747 
190 
5 
9 
26 
237 
46 
18 
1 
913 
509 
140 
218 
1 
2 
6 
341 
44 
2 
12 
700 
2 
3 
11 
53 
2 
3 
112 
177 
8 
25 
3 
7 
42 
1 
4 
2 
1 
10 
1 
12 
8 
4 
13 
5 
6 
163 
16 
97 
207 
61 
21 
316 
109 
10 
10 
94 
31 
370 
201 
2 
1 
854 
109 
1 
260 
33 
6 
25 
4 
123 
8 
12 
9 
1 
3 
1 
90 
1 
10 
35 
399 
202 
35 
5 
73 
206 
1 
187 
24 
403 
1 
3 
538 
16 
5 
92 
1 
5 
262 
13 
35 
93 
1 
146 
95 
1 
8 
40 
74 
158 
111 
145 
1 
33 
86 
3 
850 
18 
33 
2 
75 
765 
439 
1 
46 
8 
57 
5 
1 
12 
1 
7 
65 
85 
162 
401 
5 
1 
1 
16 
151 
16 
330 
21 
4 
4 
17 
401 
7 
1 
42 
1 
1 
64 
61 
605 
8 
582 
121 
25 
19 
14 
3 
430 
6 
36 
8 
3 
12 
6 
47 
283 
15 
2 
1 
10 
434 
1 
85 
1 
3 
2 
1 
5 
12 
2 
7 
6 
23 
1 
1 
1 
3 
162 
1 
18 
264 
5 
310 
431 
1 
374 
1 
23 
483 
1 
211 
23 
7 
3 
4 
121 
10 
46 
150 
397 
784 
41 
3 
3 
27 
16 
10 
3 
37 
3 
3 
153 
161 
8 
941 
5 
263 
1 
822 
1 
2 
19 
4 
5 
1 
179 
3 
27 
2 
8 
9 
366 
5 
33 
2 
1 
1 
101 
298 
1 
2 
12 
196 
429 
178 
623 
1 
465 
20 
850 
63 
240 
545 
56 
6 
66 
25 
130 
46 
112 
2 
11 
123 
479 
348 
12 
10 
273 
582 
26 
16 
137 
2 
3 
226 
5 
59 
3 
5 
57 
357 
423 
26 
316 
244 
12 
41 
7 
3 
263 
296 
8 
89 
380 
338 
17 
100 
1 
543 
1 
4 
1 
2 
3 
15 
545 
281 
16 
622 
685 
215 
10 
27 
297 
603 
267 
14 
52 
15 
788 
111 
305 
26 
83 
448 
2 
3 
19 
60 
631 
7 
2 
689 
1 
1 
193 
3 
1 
47 
485 
688 
7 
2 
3 
14 
300 
1 
1 
247 
4 
14 
4 
522 
330 
120 
15 
5 
15 
823 
127 
737 
37 
1 
97 
3 
5 
114 
1 
307 
1 
1 
2 
15 
3 
49 
1 
1 
895 
163 
30 
91 
1 
34 
33 
46 
265 
145 
327 
2 
1 
777 
1 
14 
231 
17 
229 
62 
5 
967 
7 
1 
338 
650 
226 
226 
26 
11 
14 
791 
3 
3 
1 
1 
433 
217 
6 
397 
461 
706 
171 
71 
128 
164 
39 
10 
1 
278 
150 
7 
16 
13 
204 
36 
8 
26 
2 
213 
186 
119 
27 
289 
39 
742 
841 
3 
7 
3 
777 
7 
55 
3 
139 
43 
137 
105 
232 
380 
7 
33 
7 
1 
340 
809 
6 
14 
325 
2 
1 
6 
78 
17 
1 
1 
13 
371 
583 
1 
232 
2 
3 
46 
26 
290 
34 
660 
4 
49 
126 
1 
1 
68 
107 
2 
287 
26 
3 
19 
72 
637 
17 
226 
13 
3 
5 
1 
61 
945 
314 
1 
1 
18 
227 
3 
1 
395 
1 
4 
69 
63 
908 
928 
1 
267 
9 
4 
345 
7 
19 
42 
502 
96 
203 
1 
74 
461 
15 
66 
4 
1 
277 
8 
2 
307 
63 
175 
11 
33 
107 
9 
7 
338 
49 
3 
11 
161 
75 
61 
2 
345 
54 
15 
52 
10 
129 
189 
520 
14 
768 
6 
848 
12 
265 
80 
5 
4 
8 
134 
1 
79 
1 
3 
594 
35 
10 
3 
231 
134 
10 
104 
79 
66 
187 
405 
59 
79 
1 
1 
48 
13 
139 
2 
1 
28 
3 
70 
1 
514 
614 
745 
89 
257 
129 
4 
1 
81 
57 
2 
34 
1 
83 
8 
632 
335 
217 
2 
31 
86 
117 
660 
7 
4 
786 
1 
1 
1 
2 
25 
25 
13 
301 
1 
1 
483 
1 
162 
991 
1 
4 
19 
44 
1 
33 
8 
11 
1 
530 
82 
539 
52 
17 
48 
19 
295 
21 
2 
1 
122 
399 
10 
2 
16 
1 
1 
46 
229 
325 
13 
1 
2 
52 
7 
3 
91 
147 
15 
30 
106 
2 
11 
952 
6 
2 
55 
210 
62 
92 
164 
2 
71 
1 
68 
21 
237 
540 
962 
2 
2 
419 
1 
882 
111 
2 
1 
1 
127 
4 
751 
2 
2 
6 
1 
1 
4 
1 
83 
104 
1 
220 
17 
354 
372 
12 
5 
521 
2 
104 
31 
3 
31 
217 
7 
388 
3 
180 
9 
88 
270 
2 
2 
315 
48 
933 
808 
35 
779 
2 
37 
7 
55 
176 
2 
333 
27 
31 
45 
583 
18 
102 
3 
191 
63 
1 
31 
1 
50 
4 
1 
38 
24 
12 
1 
2 
88 
2 
2 
1 
4 
240 
281 
4 
5 
8 
127 
1 
2 
2 
33 
7 
8 
9 
15 
1 
4 
108 
82 
55 
1 
3 
5 
46 
86 
7 
24 
59 
748 
5 
187 
37 
382 
118 
117 
40 
21 
7 
4 
228 
65 
124 
326 
6 
311 
9 
5 
78 
44 
61 
5 
19 
6 
18 
11 
8 
1 
18 
1 
1 
670 
3 
6 
2 
1 
285 
79 
1 
244 
1 
4 
31 
71 
4 
174 
1 
27 
678 
754 
110 
7 
3 
17 
10 
109 
1 
24 
45 
81 
1 
9 
2 
2 
22 
8 
262 
125 
131 
313 
419 
15 
6 
1 
11 
6 
1 
2 
793 
26 
44 
1 
23 
265 
683 
29 
473 
5 
1 
13 
871 
1 
6 
94 
1 
6 
5 
5 
4 
578 
5 
1 
317 
10 
1 
7 
1 
86 
936 
93 
51 
320 
1 
286 
580 
12 
5 
1 
8 
6 
112 
22 
1 
2 
456 
30 
1 
4 
2 
524 
94 
1 
155 
57 
884 
519 
706 
42 
2 
19 
1 
247 
84 
935 
2 
1 
24 
1 
1 
4 
4 
2 
31 
485 
13 
13 
1 
78 
8 
648 
21 
55 
23 
2 
683 
344 
32 
1 
52 
81 
105 
31 
4 
159 
1 
479 
2 
459 
4 
115 
252 
3 
636 
7 
9 
3 
550 
1 
12 
6 
229 
56 
1 
6 
461 
43 
146 
3 
14 
80 
104 
7 
76 
1 
2 
156 
125 
6 
27 
2 
6 
205 
507 
4 
2 
104 
8 
797 
1 
266 
10 
675 
5 
17 
1 
6 
7 
404 
412 
72 
16 
5 
49 
40 
86 
1 
21 
196 
4 
15 
4 
32 
27 
638 
14 
8 
1 
1 
1 
968 
65 
403 
223 
1 
15 
1 
28 
1 
8 
152 
79 
3 
2 
46 
22 
358 
12 
6 
269 
615 
2 
44 
9 
2 
1 
1 
45 
1 
95 
45 
1 
180 
295 
12 
2 
56 
2 
3 
12 
2 
15 
7 
774 
17 
5 
103 
4 
30 
2 
18 
3 
1 
4 
89 
285 
2 
293 
7 
228 
756 
10 
17 
11 
6 
62 
17 
72 
5 
1 
8 
110 
73 
66 
549 
12 
4 
790 
32 
22 
480 
385 
830 
13 
1 
5 
1 
2 
30 
288 
5 
642 
1 
92 
29 
138 
10 
16 
133 
2 
28 
1 
1 
270 
723 
11 
687 
35 
65 
143 
7 
28 
80 
407 
1 
143 
2 
224 
109 
2 
611 
1 
1 
206 
43 
1 
23 
125 
712 
70 
18 
128 
6 
36 
23 
2 
451 
36 
911 
924 
5 
7 
675 
964 
61 
157 
36 
134 
233 
1 
14 
4 
29 
3 
3 
81 
970 
4 
318 
46 
45 
6 
477 
3 
56 
24 
1 
1 
1 
1 
2 
233 
7 
371 
9 
4 
207 
6 
654 
129 
230 
4 
16 
10 
1 
6 
1 
1 
208 
93 
86 
19 
124 
108 
143 
266 
740 
145 
35 
52 
442 
659 
1 
405 
816 
153 
32 
106 
85 
1 
60 
16 
833 
72 
551 
62 
3 
18 
177 
1 
1 
21 
18 
1 
90 
43 
71 
1 
18 
956 
29 
118 
2 
4 
6 
7 
163 
72 
31 
13 
20 
23 
54 
38 
44 
2 
90 
19 
1 
1 
31 
1 
4 
41 
15 
11 
40 
904 
332 
13 
14 
31 
540 
1 
716 
131 
91 
1 
121 
10 
2 
24 
156 
128 
6 
1 
1 
3 
1 
14 
3 
1 
381 
13 
8 
11 
118 
48 
12 
368 
4 
2 
16 
9 
2 
481 
315 
1 
398 
80 
22 
1 
56 
3 
2 
1 
264 
4 
4 
2 
1 
4 
265 
499 
7 
34 
24 
1 
1 
40 
1 
3 
5 
55 
4 
835 
952 
309 
166 
147 
98 
1 
249 
4 
232 
12 
8 
14 
627 
7 
49 
1 
548 
84 
343 
904 
2 
28 
712 
352 
14 
1 
2 
185 
1 
148 
1 
6 
110 
33 
350 
61 
53 
8 
3 
3 
2 
959 
1 
15 
11 
4 
252 
2 
152 
5 
19 
43 
2 
179 
56 
3 
163 
11 
89 
18 
207 
197 
11 
214 
2 
16 
59 
101 
1 
2 
38 
8 
217 
917 
32 
25 
33 
62 
1 
100 
1 
607 
34 
4 
7 
21 
534 
72 
3 
718 
24 
328 
311 
9 
23 
1 
823 
106 
4 
336 
1 
72 
1 
2 
1 
2 
4 
130 
74 
5 
12 
1 
3 
34 
179 
409 
116 
295 
430 
16 
7 
200 
100 
121 
3 
273 
199 
1 
2 
794 
69 
2 
1 
6 
5 
727 
6 
89 
77 
1 
225 
1 
4 
421 
5 
1 
64 
1 
1 
14 
84 
1 
44 
21 
1 
3 
4 
4 
23 
192 
6 
5 
21 
4 
2 
127 
7 
49 
413 
19 
28 
305 
1 
11 
38 
116 
1 
2 
65 
131 
587 
389 
441 
24 
13 
10 
1 
1 
1 
11 
8 
24 
294 
4 
66 
1 
1 
389 
11 
19 
9 
769 
8 
38 
324 
339 
292 
81 
1 
262 
91 
411 
42 
25 
992 
296 
1 
65 
11 
18 
1 
1 
6 
2 
6 
5 
11 
75 
2 
9 
413 
239 
90 
677 
264 
339 
20 
622 
220 
607 
102 
1 
10 
131 
74 
15 
4 
623 
8 
37 
2 
70 
7 
197 
18 
4 
29 
14 
296 
8 
3 
216 
5 
45 
31 
348 
80 
77 
575 
110 
76 
358 
4 
1 
2 
325 
19 
52 
239 
1 
758 
140 
558 
18 
2 
348 
6 
125 
8 
5 
7 
10 
917 
276 
63 
158 
44 
1 
137 
1 
19 
1 
85 
63 
640 
78 
47 
613 
8 
93 
10 
551 
28 
719 
93 
175 
289 
1 
5 
28 
1 
428 
274 
93 
1 
1 
191 
206 
111 
65 
170 
66 
29 
49 
887 
100 
700 
7 
1 
12 
7 
1 
372 
929 
2 
10 
457 
347 
11 
14 
2 
79 
53 
16 
1 
128 
4 
769 
1 
741 
159 
3 
9 
63 
104 
3 
876 
5 
514 
17 
1 
714 
58 
505 
317 
418 
83 
919 
193 
555 
840 
5 
133 
5 
1 
187 
15 
4 
141 
105 
31 
4 
203 
756 
8 
9 
10 
4 
81 
586 
1 
119 
16 
2 
21 
15 
190 
298 
1 
686 
3 
192 
92 
133 
9 
65 
1 
2 
284 
918 
1 
1 
15 
1 
2 
37 
19 
421 
659 
1 
50 
378 
968 
1 
27 
11 
1 
93 
11 
391 
23 
2 
35 
20 
25 
23 
25 
13 
4 
1 
91 
11 
132 
142 
6 
996 
23 
2 
361 
160 
413 
110 
1 
6 
322 
1 
22 
1 
49 
2 
10 
294 
164 
40 
24 
7 
3 
4 
386 
21 
4 
760 
97 
23 
146 
305 
2 
7 
1 
14 
38 
64 
49 
1 
103 
48 
170 
1 
22 
11 
45 
5 
1 
580 
727 
3 
132 
1 
59 
1 
14 
1 
904 
1 
194 
5 
1 
276 
807 
108 
37 
3 
492 
13 
1 
2 
332 
6 
37 
40 
20 
1 
205 
4 
2 
1 
5 
34 
19 
91 
26 
5 
1 
777 
106 
150 
327 
1 
3 
16 
13 
1 
143 
15 
1 
24 
1 
2 
1 
2 
50 
6 
148 
5 
5 
2 
2 
239 
1 
4 
5 
10 
349 
10 
27 
401 
329 
296 
42 
369 
13 
765 
104 
586 
230 
7 
102 
45 
3 
8 
3 
29 
57 
24 
74 
410 
12 
60 
530 
2 
481 
5 
21 
3 
93 
2 
32 
180 
7 
534 
190 
14 
138 
1 
3 
1 
1 
1 
230 
1 
14 
62 
946 
7 
33 
52 
1 
20 
22 
67 
716 
1 
1 
948 
299 
577 
154 
15 
24 
258 
19 
206 
41 
830 
12 
60 
2 
6 
20 
379 
1 
6 
16 
2 
1 
3 
2 
807 
332 
204 
105 
1 
90 
1 
40 
5 
123 
5 
6 
1 
471 
869 
1 
5 
534 
421 
115 
495 
62 
744 
691 
257 
1 
271 
86 
924 
9 
1 
6 
178 
62 
590 
1 
289 
1 
6 
10 
44 
142 
93 
1 
387 
136 
65 
899 
42 
4 
1 
1 
103 
32 
1 
7 
1 
387 
369 
95 
145 
4 
810 
1 
1 
664 
351 
19 
210 
1 
6 
137 
83 
138 
1 
19 
1 
140 
26 
44 
1 
1 
566 
1 
4 
237 
167 
1 
656 
460 
5 
12 
9 
1 
1 
108 
1 
20 
45 
8 
1 
1 
9 
40 
313 
964 
1 
3 
1 
1 
3 
125 
125 
3 
4 
21 
8 
6 
312 
2 
2 
1 
1 
352 
1 
1 
639 
1 
11 
2 
365 
54 
503 
868 
11 
8 
133 
504 
1 
104 
76 
587 
13 
637 
10 
153 
3 
18 
1 
23 
5 
75 
116 
137 
4 
27 
250 
52 
154 
5 
35 
210 
44 
542 
73 
53 
4 
2 
881 
2 
27 
32 
53 
28 
647 
50 
20 
21 
25 
10 
744 
219 
732 
1 
388 
713 
783 
1 
160 
2 
71 
1 
13 
16 
1 
3 
14 
135 
46 
827 
16 
31 
198 
2 
41 
616 
2 
1 
1 
65 
278 
408 
6 
519 
2 
11 
1 
19 
5 
1 
113 
16 
1 
1 
265 
253 
219 
1 
128 
6 
3 
214 
3 
276 
3 
28 
35 
32 
129 
26 
554 
229 
10 
533 
34 
4 
64 
268 
1 
830 
352 
1 
19 
18 
12 
52 
1 
20 
19 
11 
167 
1 
2 
7 
1 
4 
11 
8 
6 
394 
140 
32 
3 
1 
390 
263 
198 
221 
3 
1 
569 
713 
16 
35 
255 
3 
42 
1 
258 
741 
40 
30 
10 
4 
1 
151 
29 
1 
33 
22 
1 
349 
3 
19 
2 
1 
1 
155 
378 
658 
9 
409 
1 
864 
116 
212 
4 
1 
662 
126 
2 
577 
829 
88 
18 
13 
12 
13 
25 
4 
1 
4 
219 
379 
20 
69 
6 
2 
2 
4 
5 
70 
83 
7 
495 
3 
3 
8 
33 
970 
12 
88 
22 
44 
499 
1 
3 
36 
638 
10 
33 
687 
91 
260 
33 
6 
730 
1 
1 
1 
244 
856 
1 
85 
3 
955 
5 
8 
653 
601 
432 
21 
12 
18 
43 
1 
16 
501 
7 
1 
887 
8 
39 
1 
228 
401 
174 
1 
28 
4 
27 
1 
5 
137 
500 
75 
46 
1 
9 
209 
483 
1 
17 
73 
22 
291 
2 
5 
195 
410 
17 
885 
229 
121 
57 
196 
6 
509 
99 
604 
9 
5 
1 
4 
291 
204 
5 
1 
45 
17 
1 
611 
3 
1 
2 
3 
8 
1 
75 
8 
305 
27 
447 
123 
147 
4 
4 
2 
1 
518 
749 
11 
130 
116 
9 
8 
16 
3 
24 
40 
1 
42 
5 
87 
115 
2 
36 
22 
1 
1 
155 
1 
124 
382 
20 
730 
168 
318 
1 
27 
22 
34 
112 
40 
26 
12 
11 
8 
6 
56 
64 
8 
3 
231 
16 
33 
45 
125 
195 
341 
180 
14 
558 
33 
16 
108 
6 
177 
1 
3 
5 
27 
2 
29 
83 
622 
2 
400 
86 
19 
4 
980 
2 
1 
3 
343 
3 
14 
111 
6 
316 
316 
3 
885 
6 
442 
248 
1 
1 
518 
19 
1 
6 
52 
472 
15 
1 
112 
57 
1 
1 
3 
11 
372 
1 
249 
932 
225 
16 
109 
1 
307 
11 
20 
9 
10 
7 
40 
1 
40 
304 
8 
393 
1 
368 
39 
1 
7 
3 
307 
39 
20 
2 
38 
1 
3 
205 
163 
1 
33 
283 
343 
9 
121 
15 
213 
47 
6 
113 
23 
744 
59 
508 
2 
2 
1 
1 
22 
13 
7 
7 
263 
10 
8 
508 
1 
5 
3 
797 
50 
35 
2 
642 
130 
72 
1 
719 
1 
15 
35 
57 
201 
3 
2 
426 
102 
86 
645 
2 
20 
1 
1 
386 
216 
184 
3 
253 
87 
810 
86 
37 
42 
89 
1 
1 
100 
3 
904 
225 
2 
7 
7 
50 
41 
5 
8 
5 
2 
2 
10 
635 
1 
83 
53 
331 
16 
2 
262 
4 
3 
34 
2 
43 
179 
36 
72 
72 
92 
1 
139 
8 
1 
4 
84 
12 
51 
11 
105 
47 
328 
1 
4 
20 
16 
10 
2 
13 
366 
74 
15 
400 
50 
96 
299 
344 
3 
78 
8 
7 
3 
1 
2 
33 
61 
4 
151 
6 
2 
3 
2 
130 
240 
8 
2 
557 
4 
1 
4 
187 
52 
1 
198 
1 
561 
22 
208 
1 
1 
4 
1 
1 
58 
4 
10 
96 
3 
75 
29 
80 
336 
10 
545 
1 
79 
5 
541 
116 
168 
13 
2 
935 
252 
666 
47 
19 
1 
48 
34 
7 
671 
20 
16 
81 
180 
1 
2 
560 
13 
27 
1 
42 
36 
5 
40 
11 
2 
15 
29 
794 
503 
2 
10 
5 
54 
717 
1 
1 
1 
3 
706 
2 
117 
121 
168 
20 
12 
157 
4 
76 
9 
295 
336 
15 
21 
4 
75 
114 
237 
81 
80 
2 
2 
31 
4 
24 
1 
808 
2 
3 
168 
1 
66 
15 
1 
116 
1 
3 
234 
16 
173 
1 
1 
92 
198 
3 
202 
772 
7 
2 
340 
492 
17 
3 
16 
4 
37 
47 
280 
4 
1 
13 
2 
2 
468 
113 
2 
4 
1 
78 
159 
508 
9 
16 
157 
14 
13 
166 
16 
16 
15 
1 
7 
993 
4 
1 
4 
1 
2 
52 
53 
102 
10 
433 
90 
8 
151 
2 
3 
544 
9 
3 
145 
41 
4 
720 
526 
188 
2 
1 
11 
37 
151 
2 
6 
5 
13 
1 
5 
681 
8 
104 
3 
11 
3 
85 
98 
8 
840 
599 
67 
16 
459 
328 
496 
4 
2 
2 
535 
570 
45 
34 
49 
9 
455 
1 
4 
46 
1 
136 
1 
4 
188 
1 
13 
68 
2 
1 
306 
2 
7 
62 
22 
1 
4 
24 
3 
500 
444 
385 
127 
30 
285 
5 
1 
18 
480 
8 
2 
54 
5 
2 
13 
66 
6 
190 
9 
15 
19 
20 
381 
87 
1 
15 
79 
19 
588 
4 
174 
2 
4 
1 
106 
6 
3 
2 
3 
1 
51 
214 
27 
81 
6 
18 
1 
109 
8 
4 
8 
814 
878 
815 
88 
13 
874 
58 
199 
139 
7 
17 
172 
2 
394 
472 
5 
442 
605 
12 
540 
1 
4 
173 
192 
2 
312 
5 
56 
1 
5 
4 
6 
2 
3 
22 
7 
2 
368 
7 
4 
46 
670 
103 
11 
19 
36 
5 
1 
27 
193 
181 
845 
455 
286 
11 
33 
4 
44 
2 
362 
535 
115 
2 
1 
800 
29 
2 
2 
11 
3 
108 
1 
66 
3 
202 
14 
108 
3 
210 
80 
41 
5 
1 
3 
214 
498 
2 
788 
882 
225 
41 
880 
102 
92 
166 
241 
453 
4 
3 
2 
187 
12 
14 
1 
95 
79 
23 
25 
94 
1 
2 
552 
21 
13 
1 
1 
632 
379 
1 
16 
639 
601 
8 
128 
273 
2 
185 
73 
41 
15 
12 
2 
521 
744 
6 
27 
1 
546 
1 
3 
7 
51 
1 
267 
5 
134 
23 
99 
34 
1 
64 
2 
7 
6 
227 
1 
277 
51 
4 
531 
250 
16 
6 
162 
9 
23 
161 
4 
2 
2 
18 
1 
3 
92 
58 
327 
8 
32 
65 
1 
16 
87 
3 
2 
840 
9 
5 
1 
7 
2 
1 
2 
4 
330 
3 
16 
47 
2 
2 
5 
184 
224 
16 
2 
282 
8 
989 
1 
11 
1 
9 
277 
9 
53 
288 
9 
8 
2 
242 
18 
438 
44 
4 
52 
481 
129 
196 
47 
151 
939 
1 
21 
1 
217 
178 
160 
28 
1 
371 
603 
143 
99 
206 
23 
235 
221 
2 
91 
10 
309 
135 
32 
941 
7 
188 
995 
214 
20 
26 
483 
2 
23 
19 
1 
79 
1 
4 
712 
23 
2 
51 
9 
89 
7 
1 
56 
657 
10 
4 
2 
520 
178 
20 
125 
12 
1 
85 
2 
20 
667 
122 
11 
36 
501 
3 
44 
139 
1 
96 
3 
1 
3 
13 
10 
3 
217 
1 
2 
4 
4 
1 
3 
60 
12 
4 
157 
3 
120 
850 
7 
78 
1 
32 
6 
410 
3 
9 
3 
6 
52 
132 
15 
20 
632 
764 
4 
12 
51 
9 
3 
15 
3 
1 
135 
162 
40 
77 
73 
17 
449 
16 
64 
25 
120 
559 
288 
1 
87 
6 
120 
884 
31 
1 
2 
829 
1 
194 
88 
27 
789 
574 
2 
36 
1 
900 
7 
505 
1 
41 
3 
288 
309 
1 
14 
3 
4 
3 
99 
44 
418 
1 
1 
19 
90 
84 
31 
3 
88 
8 
653 
14 
40 
984 
53 
3 
85 
2 
187 
188 
5 
65 
938 
1 
583 
4 
1 
970 
104 
1 
1 
76 
449 
7 
11 
1 
6 
226 
2 
4 
27 
95 
855 
8 
512 
2 
26 
22 
58 
50 
8 
693 
860 
4 
3 
6 
28 
23 
157 
13 
136 
39 
1 
738 
49 
27 
312 
7 
87 
4 
206 
75 
10 
32 
553 
1 
1 
9 
604 
5 
316 
1 
143 
658 
8 
1 
1 
7 
42 
25 
1 
122 
16 
10 
266 
492 
3 
2 
327 
42 
700 
49 
9 
16 
206 
33 
56 
1 
49 
5 
34 
7 
444 
29 
378 
472 
135 
663 
232 
7 
638 
4 
202 
160 
2 
399 
103 
160 
34 
19 
76 
13 
4 
449 
2 
95 
24 
2 
134 
569 
585 
495 
74 
4 
127 
3 
19 
96 
9 
203 
8 
540 
3 
15 
20 
9 
484 
45 
55 
112 
1 
14 
15 
121 
141 
3 
70 
338 
2 
758 
5 
434 
921 
80 
127 
18 
209 
7 
663 
4 
515 
251 
364 
2 
23 
6 
34 
4 
89 
25 
71 
424 
1 
22 
3 
330 
75 
4 
11 
1 
2 
13 
11 
1 
4 
31 
557 
47 
2 
128 
5 
2 
4 
26 
188 
1 
40 
1 
37 
13 
34 
674 
6 
1 
49 
2 
27 
802 
486 
33 
71 
1 
1 
20 
165 
64 
248 
9 
214 
2 
101 
47 
875 
4 
98 
275 
2 
412 
719 
1 
405 
6 
1 
3 
426 
12 
11 
1 
4 
119 
3 
9 
58 
511 
1 
1 
26 
10 
241 
2 
1 
120 
124 
923 
372 
147 
2 
5 
431 
2 
2 
2 
11 
1 
1 
770 
101 
331 
169 
1 
46 
3 
5 
4 
4 
12 
328 
37 
6 
1 
3 
105 
7 
277 
30 
496 
392 
165 
14 
4 
2 
21 
514 
242 
64 
7 
362 
18 
1 
82 
223 
40 
694 
164 
998 
64 
72 
57 
2 
5 
20 
3 
2 
451 
14 
363 
20 
14 
115 
382 
311 
409 
3 
2 
20 
2 
71 
9 
140 
10 
355 
581 
163 
230 
4 
4 
6 
386 
34 
4 
77 
839 
20 
54 
419 
378 
6 
517 
729 
411 
90 
191 
8 
1 
1 
2 
962 
1 
35 
362 
1 
11 
1 
70 
60 
543 
341 
121 
18 
521 
933 
2 
9 
80 
46 
77 
1 
329 
2 
15 
9 
304 
2 
98 
82 
464 
713 
581 
42 
8 
12 
2 
1 
1 
16 
6 
1 
13 
45 
55 
2 
3 
1 
56 
359 
390 
88 
509 
1 
82 
63 
30 
2 
2 
92 
54 
122 
166 
64 
399 
62 
741 
20 
641 
4 
448 
356 
6 
1 
40 
1 
1 
186 
14 
52 
6 
12 
384 
1 
2 
29 
118 
262 
352 
17 
6 
24 
40 
27 
2 
231 
25 
441 
6 
9 
5 
120 
26 
37 
1 
39 
1 
9 
1 
48 
49 
137 
142 
5 
777 
6 
325 
150 
14 
47 
275 
22 
1 
488 
113 
47 
250 
37 
167 
1 
98 
555 
1 
22 
2 
319 
1 
30 
6 
2 
869 
417 
61 
152 
213 
1 
317 
24 
1 
20 
475 
27 
6 
3 
12 
1 
219 
664 
533 
16 
809 
181 
147 
3 
2 
5 
444 
5 
1 
1 
1 
23 
2 
107 
79 
58 
42 
1 
5 
23 
4 
24 
43 
3 
226 
13 
1 
1 
1 
1 
33 
24 
13 
2 
305 
9 
156 
69 
54 
2 
284 
199 
82 
7 
181 
147 
542 
1 
39 
3 
39 
3 
20 
37 
2 
5 
469 
9 
4 
2 
3 
1 
286 
1 
369 
3 
45 
11 
1 
3 
21 
6 
104 
29 
10 
19 
115 
13 
1 
155 
57 
381 
5 
43 
7 
118 
2 
18 
139 
71 
1 
825 
2 
1 
575 
1 
61 
1 
115 
1 
1 
4 
716 
1 
8 
52 
9 
38 
18 
2 
1 
14 
62 
6 
3 
1 
1 
1 
582 
1 
12 
902 
9 
46 
27 
9 
61 
42 
1 
1 
10 
5 
11 
3 
320 
802 
11 
20 
3 
29 
9 
387 
58 
2 
9 
1 
1 
781 
96 
1 
7 
2 
175 
9 
1 
317 
142 
42 
68 
38 
171 
49 
2 
2 
14 
1 
822 
11 
12 
1 
6 
147 
91 
24 
305 
114 
1 
1 
296 
575 
449 
43 
28 
725 
2 
80 
8 
1 
3 
669 
897 
113 
1 
123 
19 
6 
20 
4 
93 
302 
3 
4 
13 
17 
1 
6 
29 
550 
2 
1 
2 
748 
1 
789 
273 
1 
4 
344 
120 
1 
507 
390 
1 
544 
778 
12 
156 
6 
38 
1 
8 
17 
178 
256 
8 
253 
118 
64 
20 
22 
189 
3 
79 
65 
334 
300 
1 
559 
32 
62 
3 
1 
30 
29 
2 
3 
1 
230 
66 
15 
27 
892 
11 
1 
6 
2 
487 
17 
18 
240 
848 
11 
74 
1 
828 
432 
14 
2 
3 
771 
7 
15 
5 
1 
241 
165 
41 
709 
47 
1 
48 
18 
1 
3 
1 
144 
117 
706 
467 
142 
1 
5 
415 
218 
5 
1 
110 
111 
1 
21 
222 
916 
3 
39 
203 
194 
428 
551 
4 
5 
625 
185 
305 
63 
21 
153 
8 
790 
98 
1 
2 
4 
261 
1 
1 
159 
44 
201 
736 
2 
15 
821 
9 
775 
9 
13 
3 
4 
1 
220 
72 
1 
53 
124 
163 
1 
21 
65 
662 
226 
91 
8 
10 
62 
3 
275 
1 
15 
384 
297 
269 
67 
163 
6 
273 
9 
1 
516 
1 
568 
495 
17 
38 
10 
51 
276 
1 
3 
1 
2 
58 
14 
1 
3 
1 
35 
99 
1 
5 
7 
14 
76 
81 
86 
229 
190 
39 
2 
41 
2 
58 
22 
1 
13 
72 
18 
1 
14 
4 
37 
1 
1 
123 
2 
20 
60 
193 
105 
3 
2 
710 
1 
67 
669 
1 
835 
24 
27 
60 
3 
12 
10 
101 
1 
22 
108 
155 
100 
32 
54 
10 
18 
485 
195 
100 
42 
150 
33 
46 
1 
7 
206 
2 
31 
46 
2 
2 
73 
29 
28 
297 
621 
249 
1 
111 
676 
2 
24 
927 
8 
578 
362 
1 
4 
177 
35 
2 
1 
1 
151 
1 
38 
9 
10 
19 
88 
8 
1 
3 
1 
1 
59 
884 
1 
1 
14 
1 
692 
474 
83 
505 
1 
19 
2 
37 
19 
172 
2 
1 
1 
46 
81 
158 
993 
9 
34 
319 
378 
2 
27 
22 
4 
1 
68 
365 
12 
27 
74 
9 
2 
94 
1 
21 
586 
2 
27 
239 
20 
15 
1 
2 
2 
35 
8 
130 
16 
210 
12 
466 
332 
525 
4 
6 
23 
18 
9 
2 
645 
322 
698 
58 
108 
45 
59 
532 
16 
1 
4 
3 
1 
2 
408 
152 
26 
890 
946 
5 
3 
2 
98 
1 
52 
3 
2 
164 
1 
26 
1 
435 
178 
59 
4 
2 
13 
59 
1 
76 
246 
11 
68 
400 
8 
154 
3 
13 
6 
856 
87 
270 
2 
97 
175 
17 
7 
137 
10 
324 
2 
518 
22 
2 
15 
13 
1 
3 
237 
2 
1 
15 
689 
148 
393 
1 
443 
81 
7 
4 
2 
59 
259 
227 
4 
631 
990 
4 
9 
4 
4 
63 
15 
2 
5 
157 
29 
530 
1 
1 
2 
160 
30 
3 
1 
453 
2 
1 
10 
4 
66 
175 
6 
127 
23 
8 
32 
144 
4 
568 
10 
2 
3 
2 
60 
107 
5 
36 
1 
129 
737 
53 
137 
1 
65 
134 
295 
370 
30 
2 
26 
1 
3 
7 
266 
86 
460 
593 
46 
447 
9 
171 
28 
1 
2 
6 
739 
2 
121 
123 
127 
17 
3 
1 
2 
595 
126 
24 
7 
14 
1 
46 
4 
317 
1 
5 
100 
337 
53 
232 
558 
133 
33 
18 
517 
156 
17 
162 
2 
91 
52 
2 
71 
106 
64 
5 
51 
43 
54 
41 
4 
3 
20 
99 
5 
4 
60 
254 
32 
31 
484 
531 
1 
4 
9 
222 
3 
133 
12 
54 
6 
269 
4 
22 
4 
3 
557 
1 
408 
554 
5 
1 
2 
9 
975 
1 
21 
1 
10 
4 
883 
12 
51 
621 
9 
11 
1 
367 
1 
2 
24 
15 
152 
10 
5 
10 
375 
1 
27 
918 
101 
7 
3 
2 
1 
31 
2 
87 
13 
659 
4 
2 
120 
61 
4 
1 
2 
321 
482 
22 
2 
2 
18 
2 
65 
684 
81 
284 
73 
415 
96 
1 
22 
77 
191 
22 
26 
1 
1 
250 
46 
1 
1 
29 
1 
3 
62 
6 
1 
33 
108 
14 
4 
29 
77 
80 
13 
235 
1 
5 
67 
47 
77 
1 
67 
1 
10 
89 
411 
836 
52 
164 
16 
58 
4 
2 
8 
5 
35 
1 
962 
531 
14 
13 
24 
1 
2 
1 
141 
5 
527 
10 
1 
607 
51 
21 
5 
240 
123 
1 
33 
1 
456 
472 
3 
3 
1 
673 
802 
205 
1 
82 
182 
10 
443 
2 
232 
19 
5 
82 
644 
5 
3 
778 
62 
4 
391 
10 
2 
5 
14 
74 
188 
27 
27 
8 
3 
38 
803 
1 
6 
1 
550 
63 
2 
2 
9 
67 
17 
1 
76 
52 
4 
44 
56 
1 
11 
8 
343 
3 
198 
19 
6 
591 
53 
197 
14 
1 
141 
3 
1 
38 
60 
115 
1 
1 
13 
2 
94 
1 
206 
15 
5 
835 
58 
48 
2 
473 
18 
51 
6 
1 
1 
1 
1 
6 
169 
1 
9 
1 
7 
413 
65 
3 
56 
35 
41 
5 
751 
1 
11 
2 
11 
256 
644 
61 
378 
1 
24 
43 
511 
13 
3 
6 
157 
12 
2 
1 
2 
1 
678 
14 
3 
1 
1 
41 
2 
37 
1 
250 
2 
80 
34 
248 
97 
5 
2 
2 
53 
14 
475 
64 
558 
5 
382 
28 
723 
3 
2 
28 
55 
6 
992 
29 
617 
185 
27 
1 
283 
4 
170 
83 
1 
1 
104 
305 
9 
591 
5 
17 
821 
1 
8 
754 
110 
4 
22 
33 
534 
1 
310 
321 
4 
118 
5 
604 
24 
19 
3 
1 
14 
1 
252 
1 
1 
164 
183 
5 
76 
168 
132 
7 
2 
20 
1 
3 
3 
477 
181 
11 
70 
6 
38 
141 
21 
53 
1 
1 
146 
974 
22 
545 
5 
80 
19 
89 
122 
339 
1 
1 
630 
54 
1 
38 
73 
3 
3 
3 
2 
46 
16 
359 
578 
100 
522 
3 
12 
5 
84 
178 
364 
179 
27 
2 
24 
43 
536 
654 
1 
77 
3 
47 
72 
393 
47 
129 
20 
134 
119 
519 
4 
12 
1 
646 
2 
61 
255 
25 
4 
1 
72 
508 
450 
1 
15 
1 
23 
677 
1 
7 
435 
1 
50 
200 
5 
36 
300 
716 
49 
1 
2 
144 
3 
14 
1 
854 
121 
358 
39 
98 
3 
109 
12 
19 
34 
324 
9 
1 
7 
12 
7 
5 
1 
587 
230 
170 
3 
2 
570 
12 
12 
9 
591 
5 
988 
2 
14 
1 
166 
5 
18 
1 
109 
286 
1 
1 
5 
1 
1 
120 
551 
38 
5 
14 
2 
38 
5 
3 
929 
2 
207 
176 
59 
68 
35 
1 
145 
179 
38 
2 
33 
8 
179 
21 
5 
26 
99 
3 
177 
1 
43 
16 
1 
5 
652 
4 
353 
66 
11 
2 
5 
3 
21 
3 
2 
436 
48 
2 
1 
385 
6 
4 
1 
18 
643 
291 
241 
3 
14 
1 
161 
11 
5 
1 
26 
1 
339 
119 
18 
100 
26 
317 
8 
44 
5 
120 
400 
2 
2 
1 
148 
14 
136 
4 
319 
439 
10 
4 
19 
18 
566 
29 
1 
12 
44 
3 
1 
113 
231 
33 
41 
522 
147 
649 
11 
748 
1 
149 
1 
1 
146 
30 
42 
1 
1 
960 
323 
235 
43 
644 
4 
158 
28 
97 
67 
5 
2 
624 
14 
210 
389 
279 
1 
68 
346 
4 
1 
2 
55 
264 
46 
188 
10 
1 
1 
52 
24 
132 
120 
255 
17 
4 
52 
8 
299 
112 
29 
1 
76 
14 
788 
1 
61 
591 
2 
134 
1 
25 
465 
30 
1 
286 
6 
16 
13 
2 
1 
1 
4 
239 
4 
3 
43 
320 
11 
93 
27 
647 
123 
1 
1 
15 
17 
8 
2 
87 
1 
1 
14 
61 
1 
108 
324 
45 
14 
510 
94 
968 
763 
3 
6 
14 
304 
3 
100 
209 
1 
14 
60 
268 
615 
32 
158 
41 
39 
14 
3 
18 
39 
17 
2 
5 
287 
112 
6 
26 
127 
87 
2 
6 
892 
30 
271 
10 
30 
54 
335 
17 
486 
12 
320 
1 
198 
32 
202 
32 
115 
1 
386 
7 
1 
73 
41 
8 
285 
69 
9 
17 
1 
80 
3 
1 
13 
1 
394 
201 
42 
538 
24 
80 
432 
191 
1 
1 
468 
190 
132 
1 
590 
3 
2 
16 
11 
2 
41 
2 
9 
19 
580 
1 
85 
19 
1 
1 
487 
2 
1 
20 
1 
475 
8 
7 
10 
246 
3 
626 
96 
6 
314 
933 
5 
11 
231 
3 
49 
184 
64 
60 
14 
14 
4 
1 
126 
181 
5 
9 
35 
10 
98 
13 
2 
3 
38 
5 
5 
1 
14 
195 
538 
2 
5 
83 
1 
29 
8 
97 
216 
789 
171 
34 
9 
335 
167 
54 
422 
1 
95 
776 
352 
159 
2 
9 
18 
20 
313 
19 
11 
10 
2 
32 
84 
18 
11 
1 
1 
84 
3 
3 
4 
1 
93 
471 
302 
227 
7 
627 
2 
957 
1 
487 
5 
4 
473 
174 
456 
5 
77 
216 
3 
781 
16 
24 
11 
17 
2 
638 
1 
361 
149 
601 
436 
8 
19 
48 
271 
941 
935 
1 
272 
176 
10 
122 
38 
10 
3 
366 
1 
47 
263 
2 
176 
4 
37 
985 
1 
845 
19 
16 
21 
134 
22 
410 
1 
38 
6 
787 
988 
3 
973 
233 
30 
1 
92 
40 
2 
575 
21 
667 
946 
26 
554 
106 
2 
6 
96 
26 
3 
6 
70 
1 
12 
747 
81 
13 
25 
28 
281 
404 
115 
8 
2 
45 
1 
12 
226 
10 
34 
468 
1 
1 
889 
679 
2 
2 
23 
154 
142 
113 
405 
586 
2 
50 
70 
6 
12 
327 
83 
797 
215 
55 
1 
466 
8 
2 
15 
695 
541 
343 
33 
9 
1 
125 
40 
49 
50 
2 
154 
837 
3 
27 
6 
535 
4 
80 
316 
758 
56 
1 
178 
5 
121 
1 
8 
2 
2 
1 
52 
102 
60 
1 
1 
7 
24 
59 
104 
60 
2 
5 
76 
1 
2 
281 
378 
1 
825 
1 
2 
4 
65 
1 
3 
302 
268 
1 
896 
6 
7 
35 
1 
1 
1 
235 
43 
45 
3 
17 
1 
321 
220 
19 
1 
77 
41 
85 
3 
481 
2 
86 
251 
371 
3 
5 
1 
1 
7 
133 
149 
1 
908 
251 
110 
1 
530 
167 
188 
2 
29 
321 
235 
967 
453 
121 
4 
102 
3 
38 
858 
12 
34 
39 
13 
168 
5 
1 
1 
1 
19 
92 
340 
9 
22 
322 
3 
1 
3 
1 
74 
523 
185 
6 
8 
317 
51 
191 
74 
20 
14 
67 
815 
19 
110 
483 
541 
554 
708 
1 
2 
2 
568 
5 
2 
35 
280 
514 
151 
8 
146 
574 
305 
28 
1 
1 
10 
8 
309 
11 
5 
571 
1 
7 
1 
2 
936 
6 
1 
158 
17 
6 
1 
7 
198 
897 
1 
419 
195 
30 
91 
55 
139 
958 
112 
148 
16 
229 
1 
15 
3 
546 
15 
16 
103 
22 
20 
20 
478 
36 
1 
1 
1 
152 
19 
144 
9 
6 
30 
1 
395 
105 
2 
201 
22 
778 
1 
6 
13 
30 
1 
2 
30 
65 
16 
167 
203 
68 
212 
4 
4 
174 
362 
29 
70 
1 
3 
130 
512 
3 
286 
1 
3 
141 
3 
148 
2 
1 
194 
29 
22 
4 
88 
7 
8 
150 
1 
292 
210 
14 
139 
121 
4 
2 
909 
4 
248 
363 
963 
920 
7 
86 
5 
21 
8 
26 
7 
4 
5 
15 
30 
1 
97 
529 
2 
11 
2 
3 
343 
11 
30 
118 
691 
102 
96 
591 
165 
4 
10 
3 
55 
4 
28 
1 
524 
26 
366 
3 
1 
36 
7 
3 
594 
1 
6 
19 
1 
29 
49 
250 
259 
10 
171 
7 
20 
2 
8 
339 
14 
1 
77 
6 
56 
7 
1 
25 
1 
7 
189 
14 
486 
1 
29 
18 
68 
8 
17 
484 
170 
60 
907 
116 
1 
442 
21 
295 
757 
49 
419 
2 
34 
1 
1 
764 
194 
25 
41 
19 
1 
180 
3 
5 
16 
2 
882 
307 
5 
217 
2 
651 
830 
4 
14 
178 
209 
311 
888 
882 
1 
90 
16 
461 
1 
233 
681 
50 
244 
3 
2 
580 
8 
65 
686 
8 
193 
653 
850 
2 
135 
1 
296 
16 
1 
19 
23 
624 
1 
2 
69 
72 
4 
889 
2 
14 
34 
1 
188 
17 
378 
66 
2 
72 
2 
66 
241 
282 
249 
4 
481 
1 
1 
41 
71 
2 
1 
803 
6 
641 
233 
114 
29 
207 
67 
12 
60 
21 
192 
5 
188 
197 
12 
36 
239 
3 
34 
336 
354 
534 
43 
133 
349 
17 
876 
42 
2 
1 
34 
41 
2 
77 
2 
294 
2 
9 
20 
485 
28 
62 
28 
70 
2 
252 
65 
48 
1 
26 
416 
3 
220 
1 
2 
1 
50 
11 
1 
2 
13 
15 
283 
38 
141 
30 
278 
294 
3 
1 
120 
8 
7 
38 
2 
22 
2 
15 
1 
1 
9 
22 
2 
263 
3 
1 
2 
140 
219 
14 
21 
197 
3 
83 
2 
14 
2 
22 
740 
1 
128 
194 
42 
933 
22 
19 
3 
2 
22 
32 
1 
18 
55 
1 
464 
1 
26 
18 
753 
31 
24 
1 
4 
571 
6 
1 
388 
5 
36 
889 
1 
2 
360 
21 
2 
1 
42 
37 
9 
24 
23 
1 
479 
1 
14 
637 
2 
119 
33 
1 
3 
15 
9 
2 
2 
12 
438 
140 
90 
1 
52 
7 
1 
18 
281 
1 
42 
111 
480 
4 
572 
8 
207 
1 
1 
6 
1 
723 
57 
7 
20 
1 
5 
1 
142 
320 
18 
25 
1 
2 
519 
35 
6 
56 
53 
1 
60 
345 
13 
9 
12 
217 
3 
15 
20 
68 
199 
21 
4 
2 
1 
172 
80 
22 
1 
45 
65 
1 
88 
1 
372 
26 
72 
1 
4 
25 
4 
14 
214 
98 
95 
397 
111 
337 
145 
85 
47 
110 
110 
123 
5 
96 
20 
3 
149 
141 
2 
1 
2 
1 
618 
1 
188 
1 
5 
3 
441 
13 
488 
170 
22 
10 
116 
2 
12 
19 
1 
2 
3 
496 
234 
26 
646 
30 
8 
99 
2 
193 
63 
418 
1 
26 
185 
230 
17 
163 
491 
1 
805 
10 
6 
5 
66 
5 
18 
955 
526 
90 
2 
544 
18 
6 
4 
210 
14 
1 
1 
112 
326 
66 
518 
2 
265 
2 
37 
10 
180 
319 
55 
28 
3 
12 
13 
24 
275 
48 
273 
93 
390 
3 
36 
33 
278 
1 
21 
1 
56 
2 
1 
12 
471 
227 
94 
2 
269 
555 
90 
124 
557 
1 
38 
91 
217 
125 
57 
481 
19 
338 
72 
103 
32 
30 
6 
63 
593 
2 
3 
170 
24 
4 
11 
3 
193 
2 
392 
1 
2 
83 
206 
17 
3 
519 
15 
337 
2 
1 
8 
310 
1 
7 
42 
104 
6 
20 
1 
204 
636 
3 
86 
330 
244 
88 
26 
331 
371 
2 
8 
52 
4 
72 
118 
379 
14 
134 
173 
456 
543 
2 
375 
268 
80 
61 
1 
27 
2 
420 
224 
141 
73 
7 
1 
105 
105 
6 
24 
210 
25 
718 
2 
273 
2 
834 
245 
7 
69 
27 
17 
428 
268 
28 
47 
18 
2 
346 
53 
884 
6 
28 
2 
61 
249 
722 
119 
17 
38 
933 
3 
742 
71 
52 
582 
6 
30 
22 
153 
411 
7 
482 
2 
765 
2 
352 
25 
100 
401 
80 
469 
953 
12 
111 
99 
6 
2 
7 
2 
167 
835 
371 
19 
30 
12 
2 
803 
422 
205 
1 
86 
3 
2 
673 
1 
124 
74 
1 
145 
2 
173 
31 
1 
3 
3 
24 
8 
5 
419 
4 
4 
1 
13 
1 
39 
16 
660 
152 
14 
41 
26 
2 
38 
1 
3 
21 
281 
56 
3 
2 
4 
28 
13 
30 
23 
42 
103 
6 
4 
624 
11 
4 
235 
212 
5 
7 
715 
6 
17 
1 
600 
1 
8 
189 
5 
4 
881 
2 
2 
611 
1 
2 
1 
88 
319 
1 
5 
175 
6 
18 
2 
143 
350 
32 
37 
8 
24 
20 
19 
2 
4 
7 
3 
11 
1 
118 
6 
15 
466 
1 
57 
1 
1 
1 
83 
43 
832 
187 
166 
9 
115 
2 
1 
750 
5 
4 
49 
95 
3 
18 
1 
16 
41 
2 
288 
1 
119 
2 
217 
2 
102 
63 
37 
141 
957 
325 
150 
32 
4 
6 
28 
663 
1 
843 
290 
136 
35 
49 
4 
56 
117 
4 
3 
100 
307 
1 
20 
1 
299 
2 
1 
1 
3 
37 
2 
186 
416 
9 
133 
1 
8 
61 
4 
1 
59 
398 
1 
757 
1 
179 
91 
10 
6 
1 
633 
111 
5 
8 
255 
39 
648 
3 
26 
226 
1 
644 
248 
1 
28 
1 
5 
650 
3 
8 
34 
83 
1 
738 
12 
118 
120 
34 
108 
293 
91 
32 
824 
1 
4 
28 
98 
447 
2 
4 
188 
52 
2 
2 
2 
179 
137 
120 
290 
91 
1 
830 
2 
2 
760 
33 
202 
30 
461 
418 
2 
90 
1 
3 
666 
1 
290 
2 
650 
56 
45 
423 
763 
63 
40 
166 
4 
115 
6 
688 
353 
1 
3 
55 
61 
3 
271 
395 
1 
1 
298 
448 
48 
10 
123 
2 
4 
14 
35 
17 
20 
1 
123 
222 
49 
1 
4 
387 
111 
2 
286 
561 
3 
7 
121 
3 
5 
4 
991 
989 
28 
1 
109 
413 
29 
77 
1 
19 
1 
144 
870 
1 
24 
1 
927 
19 
185 
110 
9 
294 
975 
10 
99 
7 
1 
5 
260 
1 
5 
1 
21 
4 
3 
25 
7 
24 
28 
225 
511 
39 
275 
1 
207 
252 
71 
30 
46 
145 
17 
16 
3 
461 
368 
7 
1 
869 
183 
2 
460 
4 
97 
8 
1 
306 
6 
64 
97 
119 
205 
112 
9 
48 
8 
5 
205 
229 
8 
132 
25 
472 
20 
33 
421 
1 
58 
34 
242 
1 
1 
947 
105 
1 
6 
960 
7 
1 
1 
6 
1 
2 
34 
13 
2 
114 
112 
2 
558 
130 
3 
6 
19 
201 
959 
222 
854 
197 
51 
20 
16 
768 
191 
22 
3 
1 
8 
216 
1 
14 
8 
1 
16 
14 
1 
18 
4 
26 
49 
25 
12 
2 
2 
344 
105 
455 
41 
105 
56 
19 
29 
4 
177 
244 
9 
232 
61 
10 
6 
46 
8 
28 
87 
126 
13 
10 
32 
194 
519 
144 
21 
8 
36 
20 
71 
6 
486 
8 
1 
2 
2 
406 
206 
1 
89 
15 
9 
18 
221 
2 
8 
2 
4 
27 
2 
8 
279 
8 
1 
179 
65 
4 
662 
116 
6 
7 
1 
312 
53 
12 
41 
298 
239 
20 
5 
3 
11 
3 
108 
1 
3 
42 
63 
1 
4 
6 
55 
4 
1 
24 
114 
1 
104 
31 
22 
7 
4 
1 
1 
40 
86 
569 
79 
26 
406 
70 
43 
4 
11 
15 
1 
3 
666 
6 
393 
17 
23 
111 
81 
33 
3 
43 
1 
9 
7 
2 
131 
12 
433 
960 
294 
4 
471 
6 
36 
696 
43 
4 
28 
6 
4 
25 
105 
121 
114 
1 
919 
9 
1 
184 
754 
1 
9 
66 
71 
10 
424 
10 
8 
54 
8 
34 
62 
3 
404 
10 
244 
11 
1 
126 
970 
221 
17 
7 
1 
3 
14 
47 
136 
29 
1 
21 
1 
52 
102 
45 
5 
21 
1 
124 
675 
11 
262 
46 
34 
5 
55 
6 
53 
3 
437 
1 
7 
13 
2 
42 
19 
42 
1 
140 
10 
11 
2 
535 
1 
301 
1 
1 
5 
12 
3 
1 
218 
44 
93 
194 
11 
105 
85 
1 
2 
1 
1 
152 
1 
448 
28 
537 
2 
8 
6 
14 
1 
26 
160 
521 
6 
214 
185 
146 
188 
4 
9 
7 
2 
207 
160 
3 
9 
179 
401 
129 
13 
1 
3 
17 
103 
28 
11 
32 
84 
2 
602 
6 
95 
21 
76 
20 
2 
15 
2 
14 
4 
16 
71 
47 
38 
58 
55 
22 
172 
748 
6 
424 
95 
12 
75 
439 
35 
2 
150 
3 
1 
325 
741 
18 
4 
518 
1 
417 
44 
737 
5 
360 
50 
42 
17 
1 
17 
326 
6 
22 
58 
29 
5 
919 
331 
350 
9 
2 
2 
112 
6 
53 
3 
27 
95 
112 
276 
3 
562 
4 
16 
644 
30 
1 
2 
4 
151 
730 
1 
1 
57 
39 
78 
8 
686 
195 
11 
610 
1 
872 
12 
12 
437 
55 
94 
1 
11 
294 
37 
21 
900 
36 
87 
489 
2 
540 
27 
3 
140 
39 
512 
1 
144 
621 
4 
7 
357 
1 
1 
4 
28 
7 
54 
35 
135 
433 
772 
4 
17 
191 
3 
2 
1 
14 
5 
1 
8 
18 
2 
783 
36 
54 
28 
16 
29 
28 
21 
30 
1 
30 
18 
5 
7 
47 
394 
8 
13 
383 
947 
14 
2 
402 
855 
11 
314 
194 
924 
529 
3 
458 
16 
1 
3 
343 
98 
260 
1 
29 
22 
35 
50 
147 
2 
5 
35 
1 
110 
66 
2 
91 
12 
391 
10 
1 
1 
441 
6 
19 
316 
954 
5 
1 
8 
1 
207 
444 
588 
17 
84 
12 
386 
130 
13 
1 
92 
53 
145 
90 
4 
25 
276 
216 
12 
279 
682 
1 
18 
1 
4 
369 
1 
2 
1 
13 
29 
312 
1 
492 
1 
92 
211 
2 
5 
2 
32 
371 
113 
209 
14 
4 
74 
272 
64 
80 
2 
104 
39 
1 
2 
10 
562 
82 
840 
11 
43 
110 
21 
331 
1 
25 
76 
11 
18 
80 
1 
5 
70 
923 
2 
288 
762 
2 
1 
19 
144 
53 
103 
39 
28 
35 
3 
2 
95 
18 
14 
13 
163 
966 
168 
31 
16 
330 
6 
2 
680 
105 
1 
6 
4 
94 
666 
6 
47 
137 
426 
12 
5 
2 
797 
438 
1 
13 
6 
1 
398 
761 
5 
20 
4 
3 
14 
91 
4 
188 
2 
31 
7 
10 
2 
6 
46 
19 
194 
655 
80 
2 
6 
109 
131 
1 
19 
823 
111 
8 
195 
542 
1 
1 
21 
4 
404 
33 
17 
204 
36 
4 
434 
55 
22 
304 
25 
84 
331 
1 
165 
158 
2 
1 
17 
9 
301 
17 
1 
1 
2 
595 
128 
791 
8 
88 
14 
10 
20 
107 
2 
116 
184 
1 
660 
8 
2 
3 
1 
41 
563 
828 
143 
48 
129 
385 
2 
63 
866 
1 
22 
933 
1 
1 
205 
46 
13 
105 
666 
323 
3 
106 
6 
43 
16 
12 
273 
96 
897 
108 
14 
8 
1 
4 
9 
1 
133 
134 
2 
84 
2 
4 
9 
11 
251 
172 
2 
16 
3 
421 
234 
1 
1 
1 
17 
62 
25 
1 
9 
23 
6 
28 
2 
84 
49 
29 
22 
15 
2 
159 
334 
598 
2 
70 
2 
5 
859 
2 
1 
7 
40 
569 
83 
1 
2 
1 
2 
411 
92 
91 
2 
8 
1 
2 
392 
11 
435 
1 
1 
257 
1 
2 
2 
20 
433 
2 
14 
2 
10 
4 
263 
1 
19 
3 
11 
32 
502 
1 
443 
527 
4 
1 
2 
9 
2 
2 
2 
232 
255 
203 
1 
13 
391 
4 
2 
11 
4 
17 
846 
1 
19 
17 
564 
95 
19 
30 
8 
29 
1 
670 
29 
75 
1 
6 
61 
1 
705 
10 
1 
10 
5 
1 
215 
762 
5 
1 
2 
314 
2 
2 
99 
2 
1 
136 
162 
13 
1 
257 
4 
2 
77 
88 
128 
241 
8 
27 
6 
526 
350 
