1 
1 
161 
17 
30 
3 
1 
90 
91 
614 
10 
27 
282 
1 
1 
30 
85 
1 
10 
1 
13 
96 
46 
594 
316 
29 
1 
75 
13 
107 
511 
169 
4 
1 
139 
7 
64 
162 
936 
9 
4 
878 
125 
158 
74 
1 
63 
422 
4 
15 
174 
20 
3 
4 
8 
2 
21 
465 
507 
1 
490 
25 
27 
6 
905 
23 
4 
1 
677 
1 
24 
10 
4 
525 
30 
18 
643 
1 
168 
179 
276 
1 
1 
97 
373 
63 
139 
128 
996 
434 
3 
6 
8 
26 
47 
316 
12 
305 
4 
13 
31 
19 
5 
2 
2 
41 
228 
1 
31 
23 
716 
152 
36 
442 
60 
307 
2 
3 
118 
1 
1 
4 
1 
12 
1 
114 
629 
3 
2 
6 
429 
74 
2 
92 
10 
10 
24 
2 
46 
315 
47 
717 
36 
2 
883 
12 
2 
39 
4 
22 
18 
748 
1 
2 
6 
62 
1 
74 
59 
229 
4 
20 
10 
3 
1 
479 
14 
2 
675 
12 
1 
425 
1 
2 
1 
9 
4 
2 
197 
17 
8 
17 
239 
600 
74 
3 
91 
506 
4 
353 
19 
25 
50 
255 
161 
18 
695 
64 
15 
269 
98 
108 
909 
711 
329 
5 
31 
26 
1 
12 
42 
397 
15 
132 
376 
119 
225 
111 
145 
1 
426 
29 
18 
1 
117 
22 
83 
93 
2 
536 
367 
439 
33 
2 
16 
924 
3 
16 
6 
26 
412 
15 
19 
235 
9 
3 
994 
2 
63 
57 
1 
1 
183 
130 
6 
13 
93 
92 
3 
294 
113 
278 
1 
1 
171 
63 
3 
3 
1 
10 
699 
676 
10 
4 
100 
5 
188 
198 
13 
5 
2 
1 
2 
883 
3 
260 
2 
11 
50 
2 
277 
2 
914 
4 
3 
1 
3 
65 
103 
215 
103 
157 
84 
64 
1 
49 
3 
6 
106 
1 
169 
29 
35 
46 
7 
108 
2 
2 
21 
351 
247 
36 
142 
6 
2 
29 
6 
46 
27 
14 
4 
9 
11 
16 
20 
10 
5 
1 
9 
4 
86 
89 
26 
131 
124 
662 
18 
639 
6 
18 
27 
79 
11 
52 
904 
2 
85 
7 
32 
28 
279 
1 
4 
69 
33 
541 
4 
800 
4 
311 
101 
17 
254 
1 
2 
112 
112 
15 
44 
156 
939 
103 
5 
159 
2 
1 
23 
1 
2 
485 
197 
150 
15 
1 
45 
27 
1 
33 
10 
3 
10 
61 
78 
114 
32 
5 
252 
9 
95 
6 
1 
1 
28 
187 
3 
1 
1 
2 
127 
5 
1 
20 
17 
28 
16 
2 
5 
288 
103 
42 
92 
7 
1 
907 
33 
1 
341 
1 
9 
22 
42 
142 
91 
31 
1 
1 
820 
2 
8 
56 
53 
1 
35 
709 
8 
298 
825 
4 
4 
13 
247 
466 
3 
167 
102 
17 
4 
82 
1 
3 
1 
34 
1 
2 
50 
14 
1 
96 
9 
294 
1 
820 
1 
1 
23 
178 
611 
4 
8 
178 
24 
153 
86 
92 
162 
1 
3 
3 
38 
74 
57 
9 
3 
3 
75 
2 
147 
2 
1 
80 
1 
684 
21 
59 
526 
1 
48 
125 
23 
1 
15 
27 
181 
1 
15 
843 
19 
7 
16 
146 
3 
2 
9 
637 
769 
4 
1 
1 
29 
2 
27 
1 
306 
9 
13 
6 
117 
42 
383 
164 
294 
106 
10 
616 
52 
8 
32 
17 
11 
3 
1 
13 
19 
5 
1 
3 
227 
29 
84 
361 
3 
115 
4 
10 
1 
18 
3 
216 
22 
1 
4 
81 
14 
2 
761 
2 
217 
668 
2 
52 
1 
8 
5 
25 
272 
290 
129 
7 
227 
64 
1 
1 
2 
175 
1 
27 
589 
3 
3 
1 
106 
111 
23 
4 
115 
10 
3 
3 
15 
19 
354 
844 
16 
1 
28 
1 
158 
47 
266 
7 
3 
31 
14 
12 
910 
781 
327 
371 
6 
2 
983 
67 
19 
601 
99 
251 
32 
41 
2 
664 
263 
2 
1 
7 
1 
1 
27 
1 
38 
343 
27 
88 
140 
105 
1 
2 
85 
7 
1 
2 
554 
3 
10 
45 
2 
1 
99 
169 
117 
1 
46 
573 
591 
14 
25 
283 
547 
51 
127 
27 
22 
2 
837 
41 
4 
30 
105 
83 
1 
34 
54 
83 
23 
41 
46 
15 
2 
24 
134 
1 
1 
28 
6 
1 
4 
1 
10 
35 
49 
54 
616 
182 
26 
21 
73 
104 
12 
21 
20 
115 
31 
4 
52 
5 
109 
30 
630 
3 
12 
49 
197 
551 
92 
262 
29 
3 
2 
472 
4 
74 
1 
619 
4 
348 
5 
701 
25 
1 
13 
108 
15 
1 
174 
1 
15 
7 
5 
163 
7 
7 
1 
41 
21 
3 
1 
826 
363 
22 
9 
232 
2 
2 
1 
2 
19 
10 
419 
13 
12 
74 
6 
1 
249 
465 
548 
478 
179 
2 
41 
1 
229 
28 
355 
4 
377 
45 
10 
245 
29 
638 
13 
43 
153 
410 
7 
2 
146 
122 
405 
1 
114 
405 
8 
1 
2 
13 
1 
88 
38 
247 
402 
178 
65 
461 
403 
21 
1 
9 
10 
97 
1 
1 
2 
20 
113 
3 
10 
835 
62 
92 
505 
8 
349 
215 
14 
1 
23 
21 
16 
24 
144 
605 
5 
2 
1 
1 
814 
12 
3 
759 
288 
2 
1 
2 
7 
42 
15 
45 
14 
9 
10 
50 
14 
2 
85 
967 
104 
11 
324 
259 
213 
9 
1 
20 
67 
71 
70 
222 
9 
8 
10 
7 
101 
2 
5 
83 
336 
6 
2 
51 
1 
553 
10 
27 
7 
4 
5 
288 
1 
65 
1 
17 
9 
2 
161 
82 
1 
215 
37 
5 
13 
6 
26 
122 
307 
3 
18 
9 
1 
1 
3 
39 
283 
13 
301 
5 
2 
8 
611 
46 
9 
18 
62 
660 
12 
1 
16 
49 
152 
362 
1 
1 
82 
287 
44 
78 
875 
1 
556 
2 
786 
28 
5 
123 
47 
296 
290 
78 
133 
69 
8 
31 
81 
6 
376 
15 
541 
4 
697 
1 
13 
294 
756 
7 
29 
31 
256 
592 
80 
3 
645 
49 
1 
4 
429 
2 
2 
293 
51 
60 
299 
86 
11 
382 
83 
1 
1 
89 
62 
17 
41 
1 
8 
338 
9 
79 
42 
1 
148 
5 
15 
2 
1 
464 
945 
48 
1 
99 
22 
40 
458 
15 
97 
3 
21 
4 
673 
3 
705 
20 
1 
750 
343 
3 
1 
196 
1 
742 
68 
41 
2 
1 
269 
24 
76 
25 
29 
1 
484 
84 
4 
10 
11 
283 
3 
1 
131 
72 
3 
322 
1 
1 
2 
8 
192 
122 
82 
43 
8 
2 
5 
2 
3 
85 
12 
428 
43 
7 
15 
106 
289 
211 
323 
5 
4 
2 
30 
1 
991 
154 
1 
2 
14 
183 
3 
14 
1 
589 
1 
4 
21 
212 
4 
3 
5 
10 
3 
586 
171 
57 
42 
8 
502 
2 
1 
210 
104 
1 
152 
1 
456 
75 
7 
10 
3 
7 
1 
527 
201 
11 
133 
284 
401 
1 
7 
648 
8 
8 
1 
41 
188 
312 
23 
255 
69 
15 
8 
8 
5 
546 
61 
148 
2 
188 
4 
55 
337 
6 
53 
1 
9 
1 
4 
1 
3 
155 
1 
17 
760 
3 
2 
94 
1 
336 
2 
1 
240 
659 
1 
1 
280 
2 
226 
3 
11 
50 
76 
1 
903 
245 
12 
1 
1 
826 
370 
85 
290 
3 
120 
46 
3 
3 
1 
16 
12 
606 
1 
26 
9 
350 
214 
54 
7 
60 
75 
70 
4 
1 
908 
3 
69 
37 
9 
1 
16 
2 
45 
33 
21 
428 
1 
8 
1 
5 
306 
522 
276 
801 
247 
220 
302 
16 
69 
101 
252 
19 
2 
11 
595 
19 
10 
27 
3 
471 
900 
2 
17 
98 
5 
12 
143 
1 
5 
2 
247 
4 
121 
12 
200 
125 
42 
64 
222 
1 
62 
8 
19 
22 
30 
6 
345 
2 
11 
10 
317 
1 
17 
173 
5 
752 
1000 
994 
145 
8 
218 
2 
50 
33 
4 
3 
42 
26 
151 
53 
926 
221 
36 
2 
1 
28 
4 
41 
7 
90 
1 
313 
396 
7 
2 
147 
80 
11 
45 
36 
23 
56 
570 
56 
4 
1 
59 
7 
1 
2 
54 
13 
40 
133 
9 
9 
9 
1 
44 
13 
1 
6 
95 
38 
383 
30 
827 
1 
20 
1 
944 
34 
105 
1 
20 
1 
16 
541 
15 
347 
980 
34 
1 
317 
2 
81 
76 
819 
17 
2 
2 
5 
817 
49 
331 
1 
573 
685 
18 
5 
18 
14 
367 
2 
10 
165 
249 
86 
124 
94 
6 
2 
97 
554 
2 
1 
2 
2 
2 
84 
87 
27 
6 
19 
6 
1 
379 
16 
2 
74 
648 
415 
79 
3 
2 
1 
2 
1 
8 
37 
763 
4 
1 
1 
427 
427 
523 
34 
2 
22 
249 
622 
44 
34 
19 
158 
7 
2 
26 
10 
276 
782 
1 
5 
17 
441 
310 
4 
137 
301 
13 
113 
12 
29 
29 
1 
12 
196 
4 
6 
2 
162 
58 
70 
7 
2 
2 
17 
30 
2 
574 
12 
1 
2 
39 
897 
2 
7 
6 
8 
2 
6 
10 
68 
51 
1 
7 
1 
33 
22 
5 
4 
15 
78 
6 
1 
816 
1 
6 
717 
8 
2 
898 
1 
1 
747 
201 
3 
1 
4 
15 
3 
5 
34 
415 
330 
85 
36 
163 
480 
334 
166 
3 
988 
4 
9 
5 
149 
941 
174 
14 
68 
18 
1 
2 
360 
24 
597 
466 
5 
62 
832 
33 
282 
1 
2 
832 
173 
378 
1 
27 
9 
797 
2 
3 
49 
461 
34 
1 
188 
180 
113 
1 
419 
1 
961 
4 
24 
96 
152 
661 
98 
517 
2 
251 
5 
21 
513 
108 
11 
2 
482 
3 
34 
9 
4 
235 
3 
78 
7 
28 
17 
53 
83 
1 
259 
9 
32 
797 
150 
213 
164 
17 
12 
3 
108 
3 
79 
12 
4 
7 
5 
97 
711 
190 
482 
1 
825 
1 
12 
2 
217 
1 
51 
556 
1 
33 
1 
36 
10 
21 
10 
12 
37 
644 
105 
46 
1 
5 
10 
149 
39 
36 
4 
1 
2 
8 
238 
4 
2 
12 
72 
30 
1 
19 
10 
1 
23 
1 
3 
15 
8 
955 
446 
8 
15 
227 
875 
5 
42 
35 
2 
25 
24 
132 
1 
3 
2 
10 
9 
4 
2 
342 
4 
450 
210 
765 
4 
5 
34 
122 
27 
21 
8 
347 
12 
1 
532 
739 
40 
985 
11 
46 
235 
12 
1 
33 
1 
41 
795 
92 
3 
38 
282 
5 
6 
848 
894 
44 
7 
28 
1 
237 
92 
48 
3 
3 
2 
5 
2 
213 
383 
207 
1 
2 
4 
168 
27 
11 
372 
7 
49 
193 
906 
711 
266 
189 
96 
306 
62 
177 
11 
45 
13 
227 
20 
99 
248 
35 
5 
45 
20 
468 
14 
4 
18 
1 
77 
1 
38 
91 
83 
149 
74 
874 
5 
197 
1 
1 
1 
578 
3 
195 
4 
5 
141 
5 
19 
510 
562 
445 
4 
157 
94 
19 
19 
3 
25 
465 
291 
734 
818 
543 
2 
4 
11 
181 
180 
187 
17 
13 
66 
71 
145 
279 
4 
193 
2 
1 
204 
941 
1 
14 
305 
64 
662 
14 
668 
221 
9 
4 
278 
1 
3 
1 
355 
1 
713 
268 
375 
26 
154 
988 
13 
3 
12 
1 
8 
1 
3 
10 
267 
470 
775 
254 
13 
255 
128 
17 
13 
47 
51 
83 
911 
142 
1 
61 
1 
460 
90 
7 
3 
16 
92 
4 
2 
109 
50 
99 
1 
406 
3 
3 
135 
201 
732 
119 
143 
2 
3 
1 
300 
167 
3 
13 
4 
89 
293 
1 
59 
64 
17 
1 
128 
1 
12 
32 
1 
68 
15 
1 
3 
7 
64 
9 
33 
177 
1 
169 
1 
2 
19 
299 
7 
9 
335 
203 
5 
251 
109 
466 
379 
12 
2 
36 
30 
8 
128 
811 
3 
2 
3 
227 
265 
11 
372 
51 
1 
160 
22 
852 
8 
132 
2 
404 
6 
90 
2 
5 
498 
1 
47 
661 
279 
39 
3 
1 
44 
68 
2 
1 
6 
41 
9 
3 
1 
162 
1 
4 
180 
9 
5 
8 
783 
59 
104 
8 
2 
27 
39 
103 
98 
237 
17 
139 
2 
7 
1 
15 
233 
606 
38 
39 
42 
913 
131 
1 
26 
16 
20 
33 
45 
2 
128 
29 
7 
46 
1 
506 
163 
25 
12 
18 
2 
101 
1 
100 
2 
4 
673 
147 
260 
5 
7 
76 
291 
13 
15 
14 
1 
10 
70 
27 
3 
141 
97 
26 
9 
24 
1 
13 
247 
1 
32 
1 
135 
64 
34 
26 
111 
26 
124 
834 
110 
670 
10 
63 
2 
22 
5 
96 
106 
324 
22 
225 
2 
16 
3 
1 
29 
383 
7 
17 
88 
2 
49 
8 
262 
13 
1 
314 
2 
566 
341 
260 
1 
829 
4 
139 
1 
278 
196 
1 
220 
52 
1 
34 
61 
1 
6 
42 
6 
74 
249 
138 
140 
96 
1 
159 
6 
1 
1 
40 
419 
3 
57 
3 
402 
1 
9 
48 
230 
10 
72 
220 
1 
867 
47 
750 
7 
361 
4 
19 
2 
380 
118 
1 
1 
208 
2 
1 
3 
93 
2 
74 
7 
4 
6 
1 
862 
3 
80 
3 
588 
1 
202 
5 
74 
10 
2 
144 
4 
30 
1 
5 
21 
614 
785 
45 
425 
7 
376 
1 
2 
6 
3 
26 
256 
3 
33 
2 
2 
70 
451 
23 
5 
2 
8 
2 
101 
1 
1 
8 
3 
5 
40 
10 
8 
369 
5 
545 
6 
151 
80 
214 
610 
27 
216 
240 
6 
42 
6 
1 
1 
99 
2 
14 
27 
6 
33 
887 
55 
1 
870 
29 
69 
61 
2 
5 
2 
16 
587 
2 
11 
385 
2 
161 
226 
375 
268 
7 
40 
51 
1 
234 
1 
13 
147 
6 
78 
24 
25 
468 
2 
17 
4 
12 
17 
711 
736 
21 
2 
95 
27 
497 
49 
11 
146 
864 
7 
10 
758 
278 
1 
1 
1 
201 
214 
193 
10 
8 
2 
3 
1 
1 
1 
109 
117 
1 
43 
597 
46 
46 
966 
42 
1 
4 
9 
4 
3 
242 
880 
4 
2 
1 
68 
43 
76 
31 
8 
548 
405 
1 
2 
330 
21 
723 
1 
49 
1 
14 
1 
11 
2 
79 
13 
87 
4 
19 
40 
193 
2 
3 
2 
64 
50 
21 
1 
1 
7 
200 
538 
12 
598 
4 
4 
12 
224 
2 
45 
47 
245 
92 
27 
266 
78 
35 
10 
160 
2 
1 
37 
41 
107 
53 
4 
179 
1 
10 
1 
1 
1 
2 
214 
7 
5 
306 
3 
1 
25 
4 
5 
5 
1 
26 
2 
863 
265 
497 
97 
6 
3 
81 
2 
2 
105 
1 
1 
1 
1 
2 
3 
319 
345 
5 
9 
20 
3 
82 
98 
1 
171 
3 
1 
416 
3 
118 
2 
1 
398 
68 
1 
40 
624 
607 
425 
8 
6 
32 
2 
772 
2 
123 
900 
2 
70 
79 
631 
1 
190 
2 
15 
23 
1 
23 
7 
10 
9 
62 
128 
618 
183 
1 
367 
25 
13 
11 
76 
31 
60 
10 
19 
634 
179 
174 
4 
189 
1 
80 
39 
505 
5 
1 
2 
19 
123 
1 
157 
60 
1 
55 
99 
23 
971 
176 
44 
182 
1 
6 
18 
752 
12 
2 
3 
9 
291 
48 
2 
43 
255 
1 
19 
181 
11 
14 
6 
5 
513 
5 
26 
56 
2 
4 
649 
887 
24 
477 
22 
1 
4 
1000 
486 
1 
1 
1 
481 
2 
31 
635 
6 
5 
9 
1 
744 
16 
78 
16 
44 
680 
27 
25 
9 
97 
32 
13 
1 
230 
1 
736 
43 
95 
68 
1 
253 
1 
65 
28 
2 
9 
147 
74 
85 
1 
143 
50 
599 
3 
1 
43 
8 
788 
2 
249 
4 
487 
38 
1 
21 
941 
105 
1 
247 
22 
1 
2 
1 
13 
1 
1 
814 
14 
49 
533 
6 
1 
230 
55 
3 
12 
4 
19 
3 
10 
71 
902 
45 
3 
14 
99 
3 
4 
706 
1 
8 
20 
1 
96 
3 
4 
2 
39 
93 
121 
123 
199 
4 
11 
979 
2 
2 
1 
2 
289 
1 
4 
58 
45 
8 
708 
8 
22 
2 
4 
28 
42 
359 
5 
707 
1 
351 
3 
500 
4 
690 
3 
480 
1 
9 
26 
1 
12 
7 
5 
44 
273 
593 
619 
385 
1 
535 
27 
337 
1 
2 
66 
2 
110 
62 
379 
368 
4 
54 
1 
29 
735 
9 
607 
34 
754 
5 
132 
42 
17 
2 
2 
181 
36 
34 
7 
1 
20 
170 
812 
21 
284 
199 
2 
1 
9 
346 
8 
133 
71 
7 
7 
3 
2 
245 
7 
1 
505 
2 
28 
3 
27 
3 
2 
1 
24 
869 
24 
29 
8 
9 
6 
4 
55 
17 
962 
23 
380 
605 
267 
16 
1 
4 
112 
2 
734 
368 
55 
622 
253 
544 
684 
1 
10 
2 
4 
5 
5 
33 
3 
1 
2 
1 
1 
56 
2 
2 
2 
54 
34 
10 
48 
17 
98 
133 
6 
2 
467 
1 
63 
790 
50 
1 
62 
1 
580 
448 
1 
53 
94 
1 
50 
3 
236 
2 
5 
1 
2 
21 
247 
93 
22 
2 
29 
500 
15 
3 
19 
4 
243 
3 
5 
74 
3 
3 
6 
1 
9 
1 
393 
356 
2 
99 
23 
4 
27 
674 
1 
5 
39 
2 
1 
480 
326 
54 
1 
276 
3 
1 
334 
440 
69 
69 
1 
367 
3 
1 
4 
354 
16 
27 
48 
21 
159 
1 
4 
2 
378 
35 
272 
833 
25 
98 
58 
98 
1 
4 
2 
13 
956 
3 
2 
13 
2 
1 
7 
14 
91 
18 
6 
64 
10 
163 
20 
13 
69 
39 
1 
14 
18 
51 
56 
20 
813 
3 
2 
26 
14 
854 
935 
14 
254 
84 
31 
2 
5 
196 
631 
2 
1 
2 
5 
133 
7 
22 
916 
172 
16 
1 
78 
77 
2 
1 
4 
190 
29 
16 
29 
2 
74 
48 
2 
291 
520 
51 
112 
2 
1 
22 
10 
106 
311 
12 
4 
475 
3 
2 
174 
566 
249 
37 
34 
21 
1 
30 
196 
48 
532 
2 
1 
122 
26 
12 
1 
1 
1 
1 
1 
843 
10 
3 
1 
8 
13 
261 
641 
6 
33 
7 
461 
71 
30 
9 
3 
2 
524 
1 
3 
53 
3 
39 
2 
13 
2 
64 
193 
103 
1 
4 
32 
283 
18 
71 
769 
132 
504 
7 
40 
770 
763 
47 
68 
1 
23 
35 
153 
5 
10 
23 
15 
5 
583 
1 
6 
158 
883 
14 
1 
1 
373 
17 
19 
15 
7 
87 
1 
35 
6 
12 
196 
23 
32 
5 
36 
360 
9 
7 
2 
368 
914 
1 
4 
1 
43 
379 
58 
1 
231 
509 
854 
163 
3 
324 
2 
967 
81 
8 
182 
3 
36 
34 
6 
1 
36 
2 
11 
591 
1 
23 
1 
8 
42 
160 
9 
92 
1 
15 
570 
35 
567 
124 
82 
106 
1 
200 
4 
347 
1 
208 
1 
18 
154 
25 
1 
26 
53 
1 
5 
14 
2 
624 
583 
191 
14 
23 
1 
1 
61 
663 
1 
112 
14 
25 
11 
1 
4 
9 
4 
9 
379 
2 
21 
1 
1 
715 
4 
10 
2 
54 
914 
2 
42 
17 
2 
9 
1 
169 
7 
1 
18 
100 
758 
3 
71 
2 
489 
243 
322 
4 
1 
39 
17 
4 
26 
16 
471 
1 
9 
525 
29 
63 
1 
835 
1 
8 
32 
320 
16 
748 
17 
346 
1 
372 
319 
1 
1 
8 
1 
61 
77 
147 
67 
4 
50 
21 
1 
2 
158 
22 
484 
5 
386 
787 
1 
41 
2 
122 
16 
186 
385 
134 
111 
12 
263 
247 
309 
28 
11 
45 
15 
139 
142 
4 
738 
144 
96 
14 
12 
312 
1 
1 
440 
94 
12 
5 
367 
4 
108 
79 
13 
1 
55 
21 
6 
1 
27 
12 
14 
21 
209 
7 
338 
1 
1 
11 
36 
54 
264 
14 
8 
14 
220 
1 
21 
20 
20 
40 
1 
1 
6 
10 
3 
66 
655 
2 
14 
1 
54 
47 
370 
425 
222 
251 
1 
216 
1 
2 
12 
3 
1 
6 
185 
53 
3 
802 
36 
426 
38 
167 
65 
3 
3 
13 
24 
1 
147 
15 
575 
195 
1 
185 
276 
1 
731 
252 
2 
38 
1 
1 
32 
4 
2 
43 
851 
68 
1 
533 
2 
169 
376 
25 
12 
721 
2 
192 
222 
709 
2 
36 
4 
513 
178 
12 
1 
17 
14 
136 
72 
210 
81 
59 
5 
34 
895 
94 
3 
153 
1 
49 
9 
270 
2 
3 
81 
476 
56 
6 
123 
6 
183 
18 
1 
2 
3 
260 
337 
4 
205 
382 
94 
206 
148 
3 
191 
40 
181 
551 
878 
851 
519 
250 
103 
362 
13 
513 
1 
63 
23 
282 
4 
39 
24 
193 
1 
29 
5 
63 
240 
1 
238 
12 
33 
83 
24 
8 
681 
25 
6 
61 
569 
687 
20 
14 
30 
1 
1 
117 
4 
2 
166 
205 
318 
17 
94 
3 
7 
17 
40 
230 
546 
2 
41 
948 
1 
10 
73 
7 
15 
3 
12 
247 
68 
15 
1 
5 
3 
9 
5 
26 
2 
7 
4 
296 
218 
31 
17 
10 
898 
1 
2 
1 
2 
4 
433 
37 
155 
473 
5 
477 
2 
3 
150 
245 
243 
283 
1 
14 
589 
143 
173 
3 
7 
46 
43 
372 
2 
93 
45 
16 
954 
2 
101 
40 
226 
15 
4 
18 
16 
14 
214 
7 
2 
531 
81 
2 
190 
2 
6 
703 
33 
10 
2 
562 
10 
133 
2 
35 
900 
367 
774 
2 
2 
366 
10 
3 
239 
542 
1 
34 
4 
5 
485 
218 
4 
5 
1 
3 
10 
602 
182 
1 
3 
31 
7 
50 
93 
18 
20 
37 
3 
183 
53 
16 
514 
39 
4 
5 
173 
1 
213 
31 
2 
299 
211 
35 
217 
4 
398 
418 
5 
277 
17 
51 
435 
416 
373 
25 
504 
4 
191 
180 
170 
2 
762 
8 
4 
105 
178 
965 
286 
51 
32 
2 
24 
10 
11 
3 
7 
925 
900 
2 
15 
258 
39 
353 
660 
503 
4 
6 
975 
1 
1 
2 
560 
1 
359 
84 
127 
105 
1 
936 
16 
5 
1 
356 
1 
1 
434 
18 
5 
849 
1 
23 
7 
87 
132 
11 
2 
658 
61 
1 
798 
2 
29 
191 
2 
31 
622 
3 
272 
1 
1 
24 
41 
1 
27 
16 
16 
2 
1 
55 
48 
28 
9 
83 
9 
31 
1 
111 
27 
417 
469 
491 
25 
7 
1 
533 
1 
34 
5 
960 
3 
166 
908 
5 
51 
330 
3 
3 
177 
635 
1 
687 
533 
2 
16 
73 
4 
16 
307 
128 
25 
4 
3 
19 
87 
285 
1000 
685 
13 
45 
20 
46 
85 
1 
63 
95 
5 
153 
107 
350 
6 
141 
5 
4 
77 
8 
64 
1 
1 
22 
72 
6 
5 
9 
2 
41 
199 
249 
64 
12 
147 
4 
18 
78 
25 
1 
350 
20 
6 
323 
32 
8 
3 
12 
947 
49 
60 
387 
1 
1 
110 
2 
12 
222 
226 
2 
7 
52 
416 
1 
40 
1 
28 
441 
145 
113 
26 
1 
283 
161 
17 
677 
25 
10 
1 
13 
485 
14 
714 
1 
4 
16 
1 
1 
23 
179 
2 
200 
238 
28 
3 
68 
3 
41 
7 
1 
154 
55 
27 
506 
119 
351 
63 
20 
1 
132 
1 
1 
2 
1 
29 
3 
7 
1 
632 
1 
22 
2 
21 
8 
45 
7 
23 
2 
5 
864 
1 
19 
347 
3 
31 
6 
332 
168 
8 
173 
97 
32 
38 
11 
6 
930 
14 
4 
28 
39 
119 
4 
4 
64 
2 
20 
651 
2 
502 
263 
494 
110 
52 
43 
5 
2 
38 
11 
3 
712 
352 
5 
72 
8 
171 
968 
244 
52 
995 
198 
2 
88 
310 
154 
21 
4 
191 
727 
49 
2 
1 
27 
30 
676 
1 
54 
601 
1 
3 
246 
3 
118 
11 
21 
854 
9 
25 
4 
12 
343 
1 
2 
281 
133 
25 
928 
467 
113 
7 
940 
2 
4 
441 
4 
459 
456 
2 
1 
2 
9 
11 
297 
1 
133 
42 
758 
449 
115 
10 
53 
3 
634 
164 
4 
177 
1 
10 
41 
9 
5 
1 
1 
1 
12 
9 
2 
1 
14 
230 
5 
96 
2 
390 
29 
2 
1 
6 
2 
2 
1 
20 
109 
1 
2 
175 
184 
12 
151 
3 
9 
73 
8 
1 
1 
5 
1 
29 
10 
9 
3 
959 
5 
14 
3 
140 
26 
1 
1 
53 
34 
17 
614 
5 
492 
15 
343 
2 
5 
237 
267 
3 
53 
13 
9 
1 
3 
6 
152 
7 
282 
2 
120 
259 
1 
108 
1 
506 
475 
48 
52 
15 
1 
202 
18 
5 
23 
68 
618 
41 
209 
24 
1 
9 
5 
15 
452 
634 
88 
1 
7 
1 
34 
588 
2 
181 
184 
7 
8 
92 
2 
20 
63 
2 
5 
77 
941 
18 
745 
6 
27 
23 
251 
35 
335 
79 
8 
101 
1 
2 
16 
16 
31 
49 
43 
23 
6 
910 
11 
49 
5 
1 
13 
172 
113 
145 
312 
52 
59 
146 
41 
4 
11 
2 
706 
43 
13 
4 
213 
258 
3 
11 
4 
1 
22 
1 
937 
255 
32 
1 
150 
1 
26 
9 
3 
493 
243 
10 
10 
2 
3 
814 
599 
126 
858 
125 
21 
28 
35 
36 
75 
1 
2 
1 
408 
300 
939 
75 
29 
9 
196 
108 
1 
202 
3 
318 
4 
642 
2 
1 
675 
34 
636 
2 
108 
259 
1 
1 
130 
2 
15 
1 
1 
19 
709 
60 
226 
1 
875 
851 
10 
6 
503 
212 
967 
1 
36 
413 
3 
2 
12 
5 
971 
17 
1 
67 
3 
5 
392 
2 
227 
4 
2 
12 
21 
1 
674 
3 
11 
12 
9 
5 
11 
141 
22 
227 
49 
4 
2 
129 
232 
23 
182 
1 
11 
1 
9 
2 
2 
2 
649 
327 
61 
12 
578 
192 
1 
34 
171 
30 
58 
120 
1 
278 
38 
2 
7 
47 
3 
3 
3 
2 
223 
68 
83 
72 
164 
209 
3 
126 
1 
2 
3 
75 
23 
1 
196 
1 
14 
217 
497 
25 
501 
5 
985 
1 
19 
1 
223 
3 
1 
48 
5 
22 
152 
2 
150 
77 
109 
33 
22 
3 
26 
23 
15 
36 
6 
1 
1 
9 
55 
2 
270 
1 
3 
7 
87 
442 
9 
165 
1 
7 
1 
5 
108 
667 
9 
2 
1 
56 
591 
4 
1 
7 
5 
20 
1 
1 
850 
604 
99 
794 
101 
140 
3 
24 
14 
198 
43 
281 
55 
4 
7 
25 
11 
3 
3 
6 
124 
1 
1 
2 
138 
21 
17 
1 
384 
20 
1 
29 
539 
232 
10 
2 
32 
4 
40 
66 
31 
663 
126 
2 
36 
54 
17 
588 
4 
9 
117 
1 
4 
51 
117 
393 
239 
9 
96 
319 
1 
837 
892 
12 
74 
8 
1 
19 
724 
16 
2 
67 
15 
1 
18 
80 
7 
6 
10 
70 
336 
78 
41 
90 
10 
9 
33 
446 
1 
661 
9 
285 
398 
12 
6 
279 
1 
252 
1 
369 
11 
3 
204 
370 
16 
1 
11 
1 
6 
6 
5 
13 
309 
40 
1 
94 
1 
127 
5 
14 
922 
21 
1 
476 
47 
16 
239 
1 
352 
5 
33 
3 
85 
355 
518 
1 
268 
302 
1 
239 
21 
993 
2 
70 
379 
26 
1 
15 
320 
7 
141 
3 
343 
1 
1 
5 
139 
96 
241 
2 
36 
112 
1 
13 
45 
723 
4 
122 
162 
116 
1 
90 
834 
53 
159 
1 
201 
2 
1 
7 
91 
78 
3 
2 
16 
459 
169 
47 
3 
26 
113 
1 
8 
68 
1 
1 
196 
299 
139 
47 
3 
63 
28 
1 
37 
4 
1 
214 
386 
1 
6 
23 
3 
1 
76 
1 
5 
6 
259 
2 
178 
39 
11 
6 
71 
5 
1 
22 
20 
20 
264 
195 
783 
980 
19 
36 
1 
372 
1 
3 
40 
28 
105 
1 
1 
7 
14 
4 
8 
14 
613 
131 
1 
13 
297 
956 
1 
780 
2 
10 
2 
13 
93 
3 
126 
160 
6 
8 
842 
76 
1 
769 
83 
1 
41 
7 
3 
1 
781 
32 
351 
7 
19 
349 
423 
3 
14 
675 
1 
297 
26 
145 
202 
173 
3 
46 
2 
374 
887 
1 
3 
39 
7 
7 
28 
106 
27 
8 
169 
3 
2 
3 
58 
562 
258 
2 
410 
617 
118 
2 
130 
55 
29 
1 
745 
108 
1 
6 
22 
153 
404 
24 
113 
29 
26 
1 
8 
1 
634 
84 
268 
365 
332 
368 
45 
628 
100 
26 
39 
278 
100 
807 
20 
3 
1 
24 
2 
23 
2 
151 
12 
8 
4 
607 
23 
72 
660 
9 
42 
25 
254 
944 
33 
697 
1 
77 
4 
3 
1 
68 
250 
16 
703 
462 
22 
6 
141 
278 
37 
458 
50 
12 
3 
3 
11 
13 
382 
41 
187 
34 
68 
20 
29 
1 
139 
198 
10 
1 
34 
275 
365 
381 
43 
9 
2 
260 
58 
75 
128 
16 
3 
1 
119 
261 
187 
25 
4 
70 
6 
381 
53 
555 
1 
7 
89 
6 
107 
2 
403 
556 
852 
5 
608 
56 
1 
22 
1 
3 
16 
270 
720 
37 
5 
581 
3 
2 
3 
58 
439 
180 
57 
7 
12 
366 
1 
1 
140 
2 
42 
655 
1 
1 
7 
1 
33 
55 
608 
1 
569 
229 
574 
11 
119 
1 
1 
19 
1 
22 
9 
617 
828 
6 
60 
211 
66 
28 
825 
77 
3 
48 
2 
400 
3 
24 
2 
36 
185 
13 
3 
63 
3 
1 
62 
23 
3 
377 
13 
639 
28 
1 
84 
31 
220 
5 
361 
4 
46 
5 
10 
1 
6 
3 
22 
447 
2 
2 
740 
625 
22 
110 
1 
735 
117 
388 
5 
29 
1 
480 
32 
4 
527 
52 
5 
3 
65 
169 
72 
53 
14 
34 
3 
1 
436 
909 
182 
35 
10 
1 
3 
16 
98 
2 
118 
353 
131 
3 
68 
171 
63 
847 
7 
2 
16 
72 
10 
4 
12 
7 
367 
71 
949 
60 
397 
6 
1 
1 
179 
1 
6 
248 
564 
1 
18 
2 
697 
368 
7 
33 
6 
4 
291 
582 
15 
11 
11 
23 
19 
15 
23 
2 
403 
87 
3 
666 
9 
12 
2 
5 
3 
436 
101 
304 
210 
1 
28 
9 
4 
523 
890 
7 
2 
24 
131 
61 
63 
1 
266 
34 
136 
1 
2 
2 
3 
165 
23 
40 
32 
71 
717 
277 
25 
4 
1 
2 
2 
10 
418 
1 
337 
272 
164 
1 
1 
22 
1 
122 
6 
463 
2 
546 
3 
2 
267 
19 
1 
361 
6 
853 
309 
179 
3 
43 
174 
36 
280 
1 
59 
5 
5 
13 
1 
988 
193 
8 
49 
9 
19 
20 
194 
2 
61 
3 
57 
9 
1 
33 
51 
19 
174 
4 
4 
19 
1 
545 
5 
152 
1 
25 
12 
11 
22 
55 
313 
453 
48 
137 
4 
197 
3 
9 
770 
8 
1 
7 
250 
99 
49 
135 
330 
24 
22 
107 
557 
135 
8 
1 
44 
7 
818 
1 
1 
1 
5 
38 
3 
7 
3 
43 
513 
93 
2 
1 
11 
92 
148 
597 
4 
31 
73 
42 
14 
13 
1 
33 
1 
553 
2 
38 
895 
3 
159 
761 
1 
16 
1 
6 
1 
5 
626 
7 
112 
1 
1 
1 
13 
29 
424 
28 
663 
8 
13 
6 
1 
4 
2 
33 
13 
882 
620 
224 
1 
67 
12 
3 
2 
3 
167 
44 
624 
2 
3 
2 
71 
1 
1 
29 
352 
47 
182 
43 
78 
392 
105 
117 
680 
3 
91 
89 
1 
17 
110 
96 
951 
4 
2 
1 
325 
21 
10 
27 
372 
634 
1 
1 
75 
105 
1 
847 
1 
10 
72 
696 
98 
56 
153 
4 
12 
1 
492 
1 
457 
325 
57 
166 
15 
2 
608 
113 
18 
1 
2 
570 
535 
47 
1 
1 
86 
3 
522 
2 
256 
152 
102 
811 
2 
36 
99 
28 
1 
2 
499 
792 
265 
12 
127 
307 
32 
3 
1 
5 
13 
29 
29 
55 
1 
1 
1 
3 
393 
1 
1 
23 
289 
9 
5 
8 
282 
2 
1 
2 
3 
63 
167 
87 
7 
16 
48 
1 
1 
7 
79 
15 
13 
33 
13 
12 
183 
395 
1 
4 
39 
7 
1 
70 
18 
16 
809 
1 
1 
2 
371 
285 
9 
23 
75 
12 
6 
1 
25 
20 
83 
329 
11 
22 
250 
36 
516 
990 
7 
47 
51 
4 
6 
21 
2 
52 
3 
263 
61 
6 
4 
2 
1 
50 
52 
319 
787 
2 
17 
1 
39 
31 
1 
652 
1 
224 
167 
28 
4 
3 
189 
20 
30 
4 
24 
504 
47 
1 
117 
5 
1 
116 
3 
366 
924 
3 
3 
237 
30 
5 
1 
3 
696 
9 
466 
618 
936 
58 
74 
684 
1 
37 
3 
1 
2 
14 
1 
604 
8 
2 
20 
1 
388 
723 
112 
49 
350 
156 
21 
1 
19 
1 
191 
173 
3 
75 
5 
224 
473 
1 
450 
278 
199 
25 
824 
454 
3 
12 
513 
30 
2 
692 
1 
2 
3 
15 
10 
10 
6 
1 
2 
8 
1 
8 
2 
33 
854 
75 
750 
487 
78 
133 
2 
137 
2 
703 
1 
10 
2 
960 
20 
605 
48 
1 
43 
20 
6 
432 
84 
833 
1 
1 
366 
3 
14 
98 
256 
177 
154 
13 
387 
11 
2 
1 
39 
1 
41 
28 
673 
2 
140 
90 
139 
22 
3 
311 
1 
7 
99 
1 
354 
1 
25 
653 
148 
86 
1 
28 
172 
45 
122 
5 
130 
10 
5 
18 
814 
316 
405 
286 
960 
29 
5 
871 
21 
118 
16 
63 
160 
1 
1 
16 
1 
22 
114 
4 
13 
10 
772 
61 
32 
3 
119 
68 
68 
12 
1 
17 
100 
8 
1 
41 
62 
120 
6 
16 
42 
26 
36 
494 
17 
7 
8 
2 
283 
25 
350 
26 
74 
5 
22 
17 
2 
55 
1 
4 
88 
38 
92 
1 
5 
256 
2 
37 
23 
6 
1 
44 
1 
5 
102 
243 
97 
285 
6 
126 
10 
3 
635 
246 
60 
4 
28 
627 
1 
936 
5 
3 
73 
15 
92 
13 
241 
1 
384 
50 
2 
20 
13 
133 
97 
255 
6 
535 
7 
5 
1 
1 
376 
424 
89 
54 
735 
3 
583 
271 
7 
15 
5 
76 
133 
6 
59 
2 
136 
197 
705 
10 
5 
88 
309 
29 
251 
322 
47 
43 
18 
7 
45 
71 
1 
368 
91 
726 
965 
395 
1000 
9 
2 
80 
1 
7 
677 
1 
250 
98 
309 
45 
72 
308 
806 
909 
421 
46 
59 
58 
4 
13 
9 
140 
2 
632 
10 
1 
42 
10 
3 
571 
3 
910 
714 
3 
39 
1 
2 
4 
22 
2 
282 
5 
103 
433 
176 
190 
1 
12 
26 
58 
11 
1 
76 
96 
239 
32 
11 
18 
1 
1 
21 
383 
4 
443 
50 
58 
7 
4 
4 
775 
25 
95 
13 
1 
15 
5 
253 
375 
174 
926 
11 
448 
17 
7 
642 
58 
11 
1 
33 
64 
26 
650 
17 
354 
1 
3 
230 
18 
45 
2 
784 
10 
1 
4 
2 
75 
27 
13 
2 
2 
86 
2 
9 
432 
170 
2 
1 
2 
29 
10 
45 
599 
2 
2 
1 
1 
2 
1 
167 
3 
643 
96 
483 
13 
701 
40 
93 
10 
1 
64 
4 
1 
8 
12 
409 
35 
436 
3 
1 
3 
41 
4 
8 
55 
4 
245 
15 
24 
8 
350 
2 
87 
1 
2 
30 
2 
2 
309 
1 
44 
16 
1 
10 
180 
17 
21 
36 
2 
1 
4 
100 
52 
16 
27 
422 
53 
157 
1 
13 
221 
434 
169 
20 
5 
26 
1 
689 
1 
320 
98 
35 
602 
1 
144 
3 
5 
960 
444 
148 
5 
20 
9 
58 
57 
7 
206 
7 
228 
25 
6 
8 
258 
9 
776 
2 
728 
114 
278 
4 
128 
326 
37 
1 
43 
32 
240 
12 
225 
109 
75 
326 
7 
6 
2 
7 
393 
81 
1 
13 
44 
20 
82 
610 
20 
1 
22 
117 
17 
1 
4 
28 
320 
4 
3 
62 
22 
7 
6 
58 
60 
1 
198 
231 
5 
554 
164 
3 
116 
264 
16 
3 
378 
1 
1 
8 
1 
3 
54 
186 
4 
430 
30 
730 
137 
1 
3 
668 
821 
768 
243 
23 
1 
113 
47 
499 
1 
1 
40 
25 
503 
581 
458 
1 
1 
352 
294 
721 
34 
1 
1 
652 
1 
14 
13 
55 
1 
26 
1 
3 
144 
222 
7 
348 
156 
7 
169 
728 
3 
1 
633 
63 
32 
6 
5 
5 
15 
151 
58 
332 
15 
22 
1 
526 
3 
475 
1 
49 
84 
110 
7 
27 
9 
140 
24 
21 
19 
728 
1 
4 
9 
350 
533 
1 
7 
51 
5 
1 
2 
52 
600 
87 
787 
16 
94 
381 
1 
11 
44 
1 
5 
730 
8 
969 
58 
777 
65 
24 
127 
455 
1 
2 
237 
182 
150 
134 
1 
269 
789 
21 
13 
6 
1 
664 
26 
1 
74 
942 
27 
3 
58 
23 
1 
1 
21 
51 
129 
201 
1 
1 
99 
5 
12 
5 
1 
2 
2 
14 
341 
26 
31 
2 
188 
44 
7 
872 
808 
38 
4 
16 
20 
3 
4 
38 
1 
2 
1 
211 
709 
1 
125 
12 
157 
332 
57 
3 
1 
864 
763 
33 
35 
5 
7 
24 
597 
545 
99 
2 
2 
10 
984 
142 
82 
513 
220 
2 
146 
56 
124 
23 
2 
70 
3 
475 
411 
395 
1 
48 
165 
1 
4 
671 
51 
3 
12 
824 
19 
966 
207 
41 
53 
594 
97 
10 
29 
503 
802 
19 
55 
1 
91 
5 
3 
2 
20 
190 
5 
100 
1 
1 
955 
9 
2 
9 
680 
392 
1 
219 
19 
26 
120 
14 
21 
3 
5 
20 
346 
20 
11 
254 
33 
1 
7 
2 
625 
7 
1 
1 
26 
1 
38 
12 
353 
41 
834 
6 
2 
360 
1 
862 
176 
2 
32 
757 
268 
21 
6 
33 
430 
5 
93 
4 
20 
63 
416 
66 
55 
2 
55 
22 
22 
70 
161 
67 
2 
10 
24 
551 
228 
6 
168 
146 
3 
3 
1 
339 
375 
6 
7 
610 
3 
9 
9 
370 
43 
20 
2 
13 
2 
6 
168 
1 
234 
145 
4 
71 
25 
3 
271 
2 
24 
5 
384 
256 
8 
18 
402 
799 
58 
540 
11 
502 
2 
455 
489 
220 
690 
17 
1 
262 
32 
15 
376 
3 
1 
801 
830 
795 
159 
37 
141 
668 
5 
10 
376 
345 
20 
17 
2 
241 
14 
20 
3 
75 
4 
257 
1 
9 
157 
8 
886 
48 
5 
474 
180 
2 
26 
34 
50 
2 
100 
202 
12 
1 
9 
8 
13 
2 
3 
828 
1 
76 
2 
1 
671 
83 
616 
12 
1 
3 
1 
4 
5 
6 
24 
1 
1 
5 
2 
175 
10 
3 
71 
3 
1 
34 
397 
27 
25 
241 
348 
1 
2 
224 
626 
76 
1 
908 
3 
2 
16 
272 
1 
4 
905 
68 
330 
82 
31 
3 
2 
106 
8 
212 
13 
35 
43 
676 
70 
1 
1 
57 
76 
3 
41 
313 
191 
68 
22 
2 
22 
271 
133 
73 
34 
3 
6 
11 
2 
102 
752 
19 
4 
357 
939 
1 
51 
29 
59 
1 
6 
10 
9 
8 
105 
50 
63 
264 
1 
177 
25 
745 
13 
3 
395 
227 
4 
25 
206 
20 
169 
7 
6 
3 
1 
1 
1 
92 
3 
362 
2 
31 
9 
562 
32 
30 
466 
4 
878 
256 
2 
20 
4 
31 
2 
7 
200 
3 
10 
323 
13 
3 
647 
228 
6 
1 
3 
25 
2 
456 
41 
46 
12 
922 
368 
65 
579 
122 
1 
10 
91 
6 
955 
24 
1 
15 
29 
271 
4 
33 
121 
280 
20 
1 
444 
115 
112 
13 
1 
17 
1 
1 
1 
56 
1 
3 
14 
4 
188 
30 
385 
16 
3 
336 
184 
60 
47 
629 
1 
6 
27 
18 
179 
1 
17 
476 
386 
459 
37 
184 
6 
360 
19 
10 
96 
4 
3 
35 
107 
554 
65 
2 
39 
1 
5 
165 
207 
626 
1 
1 
1 
256 
7 
23 
12 
9 
182 
385 
2 
1 
5 
13 
11 
2 
16 
610 
69 
3 
4 
128 
5 
5 
7 
178 
10 
18 
409 
2 
2 
712 
1 
99 
393 
33 
42 
3 
787 
352 
27 
38 
4 
2 
3 
18 
2 
2 
77 
583 
58 
320 
376 
132 
7 
38 
195 
75 
158 
10 
99 
115 
129 
66 
10 
59 
2 
304 
1 
64 
10 
3 
153 
14 
1 
22 
229 
46 
47 
14 
1 
57 
3 
998 
6 
4 
495 
15 
130 
49 
3 
351 
2 
7 
3 
25 
1 
225 
56 
4 
311 
20 
1 
3 
15 
429 
231 
1 
50 
796 
1 
28 
58 
242 
2 
57 
371 
2 
102 
1 
544 
383 
4 
272 
232 
1 
200 
10 
72 
3 
6 
2 
1 
2 
48 
82 
10 
365 
916 
9 
1 
4 
82 
190 
8 
2 
114 
112 
412 
1 
51 
3 
74 
106 
126 
2 
30 
25 
712 
4 
2 
274 
17 
1 
18 
2 
21 
6 
1 
361 
1 
18 
498 
171 
480 
67 
4 
205 
1 
4 
395 
313 
4 
1 
6 
294 
62 
36 
51 
471 
47 
1 
2 
326 
1 
6 
116 
19 
63 
22 
15 
1 
48 
2 
2 
14 
21 
4 
53 
711 
1 
1 
22 
260 
566 
3 
1 
219 
404 
53 
82 
1 
15 
2 
6 
1 
34 
63 
39 
453 
7 
566 
2 
359 
1 
10 
67 
259 
3 
2 
39 
1 
330 
156 
15 
3 
2 
104 
25 
7 
106 
1 
4 
6 
1 
3 
9 
1 
1 
39 
167 
1 
37 
8 
112 
7 
15 
45 
1 
402 
2 
63 
949 
79 
10 
654 
1 
9 
264 
12 
36 
2 
4 
12 
11 
33 
1 
4 
492 
854 
311 
3 
49 
80 
738 
122 
46 
2 
8 
1 
3 
3 
1 
11 
1 
42 
6 
621 
3 
14 
10 
1 
559 
1 
1 
163 
29 
23 
3 
3 
251 
1 
413 
453 
18 
1 
1 
154 
1 
99 
306 
28 
7 
832 
68 
6 
1 
3 
53 
102 
69 
59 
1 
234 
2 
6 
36 
3 
195 
3 
9 
4 
870 
375 
586 
531 
3 
167 
654 
5 
761 
2 
14 
96 
74 
48 
3 
548 
17 
37 
14 
50 
4 
2 
845 
1 
1 
21 
1 
838 
39 
12 
1 
377 
420 
3 
5 
590 
1 
981 
25 
1 
2 
802 
271 
4 
8 
22 
12 
199 
422 
3 
4 
14 
101 
16 
318 
1 
3 
3 
3 
412 
515 
107 
1 
20 
3 
366 
9 
87 
287 
121 
8 
6 
58 
3 
5 
843 
637 
172 
601 
76 
19 
2 
79 
1 
1 
9 
2 
8 
22 
1 
174 
8 
83 
383 
10 
55 
25 
1 
748 
1 
721 
770 
6 
28 
124 
538 
8 
1 
5 
2 
1 
2 
1 
15 
588 
1 
398 
1 
9 
2 
252 
73 
77 
100 
215 
1 
366 
1 
165 
18 
911 
4 
182 
72 
387 
1 
1 
3 
3 
6 
23 
6 
1 
44 
328 
1 
25 
4 
22 
22 
1 
311 
1 
686 
215 
234 
7 
2 
12 
1 
191 
3 
340 
5 
5 
350 
26 
120 
390 
3 
146 
51 
985 
9 
2 
724 
375 
1 
379 
3 
150 
36 
95 
296 
113 
1 
3 
290 
7 
26 
5 
5 
397 
263 
542 
2 
3 
32 
140 
2 
1 
11 
540 
15 
115 
42 
131 
2 
24 
40 
44 
233 
117 
131 
502 
3 
9 
22 
76 
14 
33 
13 
722 
29 
554 
50 
27 
2 
188 
357 
81 
714 
1 
390 
188 
1 
248 
36 
65 
42 
72 
29 
73 
40 
1 
9 
108 
17 
660 
487 
1 
23 
14 
902 
1 
638 
3 
592 
127 
321 
1 
531 
10 
4 
1 
108 
2 
1 
3 
1 
7 
1 
10 
10 
6 
69 
505 
20 
639 
591 
5 
8 
24 
95 
86 
71 
9 
693 
5 
1 
4 
3 
86 
97 
6 
255 
1 
2 
310 
2 
1 
45 
5 
2 
129 
151 
2 
945 
2 
12 
68 
732 
1 
1 
381 
43 
159 
163 
443 
2 
1 
67 
1 
26 
391 
228 
114 
2 
4 
1 
1 
510 
5 
200 
194 
4 
214 
128 
832 
157 
792 
81 
14 
1 
101 
651 
2 
910 
1 
55 
2 
900 
61 
107 
1 
354 
414 
2 
90 
3 
500 
1 
8 
689 
9 
181 
413 
33 
577 
37 
138 
1 
380 
17 
24 
773 
33 
977 
5 
1 
1 
6 
19 
239 
693 
22 
35 
1 
198 
14 
3 
3 
1 
6 
25 
62 
194 
1 
552 
37 
5 
7 
4 
156 
48 
2 
1 
24 
16 
70 
293 
544 
175 
114 
242 
69 
756 
518 
4 
5 
4 
16 
442 
2 
24 
1 
561 
7 
33 
888 
3 
40 
2 
6 
15 
8 
2 
23 
8 
88 
343 
4 
2 
1 
7 
77 
316 
6 
584 
1 
40 
3 
16 
19 
175 
1 
3 
221 
333 
93 
7 
334 
79 
21 
2 
208 
68 
94 
242 
90 
336 
853 
2 
381 
26 
1 
1 
6 
82 
4 
619 
44 
766 
2 
70 
1 
82 
262 
1 
7 
111 
2 
2 
77 
1 
8 
9 
97 
4 
3 
521 
927 
9 
41 
112 
949 
13 
535 
2 
1 
249 
4 
3 
297 
8 
22 
1 
370 
34 
5 
11 
10 
6 
5 
34 
232 
10 
7 
613 
629 
870 
558 
2 
4 
1 
891 
994 
7 
32 
10 
13 
37 
1 
2 
755 
69 
69 
14 
12 
813 
9 
1 
7 
17 
297 
19 
145 
26 
127 
2 
131 
132 
3 
69 
402 
940 
26 
589 
39 
51 
17 
294 
84 
1 
5 
188 
338 
15 
21 
1 
4 
434 
111 
790 
2 
5 
9 
122 
31 
34 
151 
21 
16 
2 
67 
248 
4 
175 
316 
1 
6 
508 
4 
28 
6 
14 
1 
177 
439 
1 
1 
288 
11 
251 
223 
55 
1 
592 
274 
928 
397 
1 
1 
4 
406 
13 
49 
70 
4 
637 
2 
57 
214 
115 
10 
1 
213 
2 
138 
318 
78 
197 
50 
24 
11 
93 
42 
298 
86 
161 
7 
59 
5 
24 
738 
5 
1 
398 
275 
4 
473 
226 
104 
319 
2 
72 
9 
2 
22 
1 
36 
1 
103 
999 
3 
1 
20 
158 
50 
176 
162 
3 
1 
2 
48 
5 
16 
446 
40 
26 
596 
9 
4 
6 
1 
2 
25 
641 
5 
39 
1 
155 
17 
881 
2 
806 
1 
250 
78 
114 
2 
408 
2 
8 
46 
52 
12 
11 
2 
27 
3 
73 
186 
1 
380 
5 
212 
27 
166 
1 
604 
15 
423 
2 
49 
2 
37 
25 
2 
1 
56 
1 
48 
11 
95 
36 
1 
478 
182 
725 
1 
79 
26 
830 
1 
28 
35 
7 
2 
1 
1 
10 
5 
79 
3 
4 
1 
2 
26 
1 
13 
548 
3 
744 
9 
38 
55 
3 
287 
154 
357 
19 
169 
58 
1 
9 
1 
57 
1 
5 
108 
104 
26 
1 
129 
38 
1 
59 
94 
2 
26 
990 
3 
3 
76 
55 
24 
1 
5 
37 
8 
13 
16 
1 
893 
860 
318 
1 
366 
727 
782 
3 
930 
27 
4 
871 
21 
567 
62 
6 
230 
2 
41 
2 
227 
11 
871 
380 
1 
22 
89 
42 
1 
17 
893 
194 
997 
10 
810 
3 
178 
3 
722 
23 
644 
2 
17 
306 
837 
1 
1 
12 
106 
34 
1 
425 
139 
682 
893 
59 
24 
60 
108 
173 
444 
42 
64 
31 
5 
8 
2 
9 
321 
33 
4 
23 
16 
19 
47 
211 
100 
1 
3 
118 
1 
2 
7 
1 
4 
21 
443 
88 
139 
390 
448 
44 
35 
1 
242 
3 
15 
45 
3 
62 
212 
25 
7 
11 
13 
470 
7 
226 
393 
149 
601 
3 
30 
5 
2 
229 
205 
2 
8 
83 
1 
2 
24 
180 
1 
660 
5 
51 
310 
1 
22 
7 
70 
40 
1 
72 
2 
10 
339 
3 
52 
1 
828 
16 
4 
2 
604 
1 
1 
46 
19 
1 
403 
16 
218 
1 
63 
145 
35 
12 
1 
158 
81 
16 
396 
853 
362 
857 
1 
275 
188 
5 
35 
363 
111 
561 
4 
47 
263 
21 
111 
3 
184 
124 
2 
1 
25 
90 
1 
34 
61 
83 
7 
137 
9 
1 
94 
2 
15 
821 
181 
6 
1 
50 
128 
195 
45 
223 
1 
611 
370 
594 
16 
615 
73 
64 
129 
1 
16 
8 
506 
375 
210 
6 
7 
6 
6 
45 
1 
74 
2 
456 
2 
84 
48 
1 
3 
32 
266 
2 
6 
700 
1 
47 
693 
1 
561 
51 
8 
2 
1 
101 
1 
30 
34 
1 
74 
2 
871 
2 
7 
9 
31 
16 
531 
15 
425 
33 
3 
82 
7 
750 
136 
116 
35 
1 
1 
1 
1 
931 
108 
35 
71 
9 
3 
315 
1 
188 
169 
23 
19 
50 
436 
152 
2 
1 
1 
5 
122 
2 
1 
3 
11 
4 
73 
17 
1 
24 
9 
561 
29 
3 
120 
49 
199 
1 
859 
254 
11 
11 
580 
653 
42 
91 
199 
11 
988 
52 
787 
662 
926 
1 
43 
963 
79 
10 
1 
27 
11 
7 
18 
11 
1 
402 
959 
1 
1 
2 
12 
198 
7 
3 
16 
73 
5 
1 
57 
2 
364 
272 
23 
1 
33 
1 
51 
90 
1 
2 
1 
58 
81 
27 
361 
5 
5 
412 
272 
2 
480 
1 
1 
768 
542 
12 
11 
14 
957 
2 
180 
35 
2 
361 
2 
1 
72 
190 
7 
20 
2 
144 
36 
194 
123 
713 
10 
202 
2 
4 
1 
426 
33 
11 
1 
27 
1 
714 
163 
254 
9 
1 
44 
13 
66 
72 
5 
17 
2 
35 
1 
13 
1 
4 
349 
1 
16 
1 
28 
91 
3 
119 
53 
37 
1 
3 
56 
307 
3 
44 
8 
87 
2 
416 
10 
58 
109 
809 
66 
1 
341 
57 
2 
118 
16 
50 
3 
15 
8 
118 
5 
6 
508 
13 
822 
5 
308 
8 
2 
28 
369 
123 
7 
254 
2 
49 
11 
9 
849 
2 
24 
153 
8 
28 
525 
8 
1 
26 
16 
2 
3 
5 
234 
1 
149 
49 
8 
4 
109 
3 
5 
7 
486 
910 
7 
36 
468 
245 
12 
96 
34 
56 
1 
77 
719 
15 
154 
4 
1 
22 
1 
15 
23 
1 
2 
159 
6 
1 
311 
3 
13 
3 
2 
436 
822 
1 
1 
8 
287 
26 
4 
44 
239 
163 
1 
1 
270 
448 
138 
5 
52 
3 
63 
6 
49 
8 
610 
8 
110 
62 
3 
1 
893 
8 
73 
1 
6 
443 
338 
1 
168 
8 
1 
8 
45 
306 
31 
644 
406 
1 
147 
34 
361 
5 
680 
1 
1 
26 
839 
1 
1 
54 
17 
9 
52 
9 
237 
203 
74 
769 
241 
61 
327 
3 
3 
5 
793 
4 
10 
9 
45 
87 
175 
348 
9 
40 
9 
587 
1 
16 
563 
9 
389 
118 
109 
13 
52 
1 
24 
90 
1 
131 
28 
5 
1 
441 
4 
1 
3 
2 
1 
68 
319 
234 
27 
3 
1 
1 
1 
101 
35 
138 
1 
122 
4 
170 
434 
51 
16 
189 
864 
4 
395 
10 
1 
2 
67 
1 
1 
9 
62 
34 
471 
210 
2 
1 
2 
150 
134 
1 
20 
7 
117 
25 
85 
1 
4 
22 
57 
1 
58 
36 
67 
20 
2 
38 
1 
565 
305 
7 
35 
5 
17 
93 
84 
431 
565 
339 
4 
880 
12 
1 
116 
2 
27 
225 
3 
439 
863 
790 
3 
21 
47 
372 
19 
47 
110 
4 
1 
192 
86 
18 
930 
8 
5 
18 
377 
17 
2 
135 
80 
101 
56 
59 
838 
4 
1 
1 
58 
43 
258 
431 
476 
121 
18 
5 
149 
127 
5 
312 
1 
26 
232 
65 
10 
52 
288 
728 
2 
285 
4 
25 
20 
1 
1 
2 
95 
869 
785 
1 
21 
1 
3 
65 
2 
130 
172 
2 
430 
7 
2 
20 
925 
211 
6 
907 
415 
4 
358 
113 
330 
26 
5 
861 
87 
18 
1 
53 
179 
1 
284 
325 
91 
35 
458 
118 
197 
57 
5 
5 
14 
4 
698 
16 
1 
415 
331 
348 
150 
58 
900 
8 
2 
30 
74 
3 
18 
10 
458 
809 
70 
17 
50 
13 
1 
81 
37 
11 
7 
158 
34 
2 
205 
136 
22 
120 
103 
28 
901 
73 
4 
913 
18 
928 
996 
1 
9 
1 
134 
3 
7 
1 
2 
104 
2 
318 
705 
2 
542 
49 
434 
90 
25 
370 
3 
13 
455 
3 
4 
771 
51 
390 
257 
1 
1 
26 
28 
28 
2 
1 
14 
917 
61 
1 
12 
7 
3 
77 
663 
960 
41 
69 
17 
1 
259 
722 
12 
1 
321 
2 
750 
3 
3 
61 
701 
307 
158 
687 
77 
40 
3 
14 
954 
303 
270 
409 
43 
7 
7 
217 
3 
71 
3 
951 
5 
3 
9 
1 
272 
221 
1 
6 
101 
1 
6 
53 
39 
892 
6 
595 
20 
1 
668 
122 
390 
45 
2 
340 
2 
16 
8 
2 
1 
1 
3 
124 
142 
3 
9 
1 
3 
5 
117 
8 
11 
25 
1 
175 
1 
1 
2 
2 
31 
806 
257 
500 
103 
3 
14 
37 
2 
59 
317 
114 
313 
2 
13 
44 
107 
4 
118 
406 
117 
19 
80 
161 
1 
50 
2 
2 
1 
29 
282 
4 
215 
1 
104 
10 
388 
4 
1 
1 
1 
9 
14 
13 
19 
45 
3 
4 
511 
419 
3 
244 
51 
562 
8 
1 
400 
22 
15 
4 
12 
2 
757 
6 
3 
4 
1 
26 
973 
12 
189 
39 
630 
282 
6 
101 
2 
132 
620 
1 
77 
2 
260 
16 
43 
111 
48 
5 
227 
2 
243 
594 
48 
28 
1 
338 
9 
12 
23 
1 
2 
86 
36 
85 
419 
176 
4 
104 
6 
6 
17 
4 
437 
27 
1 
1 
2 
6 
58 
540 
2 
820 
181 
198 
2 
1 
982 
1 
27 
460 
36 
2 
8 
926 
1 
118 
176 
25 
3 
23 
1 
21 
255 
1 
168 
1 
5 
103 
759 
162 
187 
129 
4 
7 
5 
902 
6 
60 
1 
1 
126 
2 
204 
114 
112 
10 
923 
18 
299 
2 
1 
1 
15 
4 
70 
8 
492 
2 
193 
4 
242 
1 
5 
85 
27 
418 
5 
1 
3 
383 
28 
62 
578 
5 
473 
74 
5 
2 
433 
35 
774 
3 
8 
232 
20 
49 
112 
73 
496 
993 
318 
42 
180 
295 
198 
11 
630 
178 
64 
1 
14 
874 
51 
1 
111 
322 
29 
267 
328 
7 
73 
156 
2 
442 
4 
879 
247 
43 
412 
768 
35 
17 
87 
70 
16 
13 
926 
1 
14 
6 
467 
89 
13 
926 
29 
177 
2 
6 
10 
63 
4 
19 
382 
20 
1 
295 
739 
31 
7 
90 
43 
2 
183 
691 
46 
8 
711 
917 
26 
38 
4 
43 
51 
1 
11 
9 
112 
30 
1 
30 
3 
109 
64 
1 
251 
75 
307 
123 
2 
2 
547 
944 
1 
552 
64 
16 
5 
11 
2 
5 
43 
166 
8 
148 
103 
42 
682 
264 
1 
2 
2 
1 
2 
31 
240 
1 
3 
229 
16 
29 
155 
741 
155 
2 
1 
123 
899 
40 
925 
1 
19 
168 
16 
1 
275 
4 
44 
139 
10 
1 
3 
284 
1 
1 
8 
175 
19 
1 
31 
159 
43 
1 
4 
34 
618 
161 
677 
768 
135 
22 
3 
52 
1 
56 
433 
854 
3 
9 
70 
66 
1 
10 
6 
2 
13 
29 
2 
120 
614 
10 
2 
1 
89 
170 
1 
11 
807 
64 
137 
54 
45 
18 
3 
727 
94 
867 
8 
30 
3 
2 
1 
1 
6 
3 
17 
9 
109 
14 
1 
18 
29 
478 
154 
2 
116 
798 
334 
34 
7 
1 
26 
486 
343 
1 
47 
9 
16 
22 
4 
2 
1 
637 
2 
3 
554 
5 
281 
431 
149 
153 
9 
779 
337 
564 
2 
3 
1 
287 
251 
817 
303 
22 
2 
1 
578 
46 
598 
339 
456 
346 
1 
2 
63 
1 
16 
9 
19 
180 
11 
992 
1 
501 
189 
460 
115 
2 
762 
9 
15 
97 
629 
2 
2 
3 
8 
170 
58 
5 
7 
411 
7 
6 
41 
11 
193 
33 
607 
114 
3 
69 
1 
19 
4 
52 
34 
245 
8 
796 
4 
30 
72 
12 
1 
962 
32 
21 
37 
159 
593 
18 
1 
37 
3 
2 
5 
30 
2 
56 
1 
16 
4 
1 
2 
7 
15 
3 
2 
474 
21 
24 
5 
1 
32 
3 
11 
91 
732 
789 
2 
142 
19 
370 
53 
56 
3 
25 
828 
6 
22 
2 
445 
122 
7 
1 
1 
244 
16 
4 
937 
14 
192 
42 
20 
846 
6 
2 
14 
1 
855 
833 
1 
15 
398 
913 
182 
69 
484 
28 
667 
40 
2 
7 
8 
369 
3 
101 
285 
1 
34 
82 
1 
548 
33 
1 
146 
29 
662 
38 
37 
4 
752 
79 
72 
397 
49 
1 
918 
9 
3 
4 
436 
17 
56 
1 
3 
1 
200 
2 
668 
130 
10 
3 
917 
78 
49 
14 
202 
8 
163 
16 
1 
4 
2 
285 
2 
80 
74 
14 
469 
2 
1 
1 
58 
1 
85 
603 
8 
28 
697 
84 
2 
2 
13 
944 
61 
1 
11 
158 
6 
57 
1 
392 
217 
242 
12 
2 
162 
2 
617 
11 
849 
7 
1 
25 
1 
642 
642 
97 
1 
40 
477 
3 
198 
76 
152 
222 
161 
783 
47 
6 
941 
35 
13 
19 
4 
5 
243 
184 
1 
29 
3 
96 
233 
6 
1 
331 
3 
2 
4 
41 
5 
5 
275 
2 
401 
6 
27 
1 
654 
30 
242 
31 
16 
6 
218 
76 
167 
74 
2 
17 
700 
34 
1 
12 
333 
149 
7 
135 
8 
96 
291 
3 
46 
24 
1 
13 
5 
2 
1 
94 
10 
105 
1 
28 
5 
148 
6 
28 
1 
4 
21 
25 
332 
1 
36 
4 
41 
6 
14 
17 
26 
2 
4 
117 
372 
7 
204 
32 
111 
1 
1 
133 
34 
892 
24 
132 
247 
3 
5 
10 
10 
22 
1 
19 
304 
910 
816 
7 
245 
1 
79 
2 
19 
572 
35 
197 
192 
1 
10 
11 
53 
670 
111 
1 
5 
1 
1 
12 
2 
8 
45 
106 
2 
1 
19 
10 
6 
1 
13 
36 
2 
85 
405 
1 
1 
18 
2 
9 
174 
13 
9 
2 
1 
248 
31 
5 
18 
104 
67 
164 
9 
152 
424 
483 
1 
82 
67 
2 
1 
110 
14 
172 
222 
26 
2 
1 
57 
234 
4 
87 
2 
40 
723 
1 
8 
59 
260 
791 
316 
147 
15 
187 
106 
837 
8 
33 
21 
135 
6 
5 
9 
232 
285 
272 
9 
5 
134 
17 
1 
1 
3 
7 
119 
219 
46 
50 
307 
1 
1 
1 
218 
1 
8 
1 
264 
309 
4 
1 
1 
528 
35 
65 
2 
13 
30 
165 
2 
849 
11 
39 
27 
30 
19 
1 
115 
674 
5 
9 
2 
10 
47 
116 
26 
322 
1 
22 
75 
1 
20 
340 
129 
920 
37 
153 
21 
692 
1 
95 
247 
4 
20 
13 
108 
71 
2 
887 
16 
110 
244 
1 
48 
86 
2 
31 
9 
146 
15 
2 
378 
13 
2 
4 
478 
2 
2 
12 
1 
25 
17 
1 
23 
823 
78 
41 
430 
550 
359 
11 
6 
2 
2 
111 
241 
20 
1 
307 
179 
23 
894 
6 
9 
14 
4 
3 
2 
1 
177 
5 
85 
146 
1 
6 
6 
3 
6 
4 
4 
1 
39 
1 
14 
2 
142 
412 
1 
1 
7 
3 
1 
1 
54 
111 
247 
149 
758 
16 
12 
1 
685 
1 
1 
26 
175 
350 
74 
34 
1 
3 
1 
1 
5 
58 
4 
13 
280 
5 
549 
6 
14 
4 
946 
18 
1 
13 
50 
27 
2 
176 
1 
118 
618 
51 
6 
10 
68 
5 
1 
1 
2 
519 
119 
3 
2 
1 
27 
69 
1 
631 
274 
2 
5 
34 
6 
302 
1 
47 
12 
98 
444 
29 
12 
3 
2 
1 
1 
3 
5 
21 
10 
109 
7 
46 
6 
120 
67 
1 
7 
11 
3 
71 
2 
945 
9 
8 
75 
7 
157 
1 
5 
2 
1 
25 
3 
358 
481 
966 
15 
53 
67 
7 
114 
43 
461 
1 
236 
3 
94 
57 
27 
178 
13 
510 
2 
1 
3 
1 
873 
1 
259 
4 
9 
41 
1 
7 
156 
14 
99 
21 
