1 
1 
48 
8 
13 
2 
1 
30 
30 
137 
5 
12 
74 
1 
1 
13 
29 
1 
5 
1 
7 
32 
18 
133 
81 
12 
1 
26 
6 
35 
118 
50 
3 
1 
42 
4 
23 
48 
190 
5 
2 
181 
39 
47 
26 
1 
23 
102 
3 
7 
51 
9 
2 
3 
5 
1 
10 
110 
118 
1 
114 
11 
12 
4 
185 
10 
3 
1 
147 
1 
11 
5 
3 
121 
13 
9 
142 
1 
49 
52 
73 
1 
1 
32 
92 
23 
43 
40 
200 
104 
2 
3 
4 
11 
18 
81 
6 
79 
3 
6 
13 
9 
3 
2 
1 
16 
63 
1 
13 
11 
154 
46 
15 
105 
22 
79 
1 
2 
37 
1 
1 
3 
1 
6 
1 
36 
139 
2 
2 
4 
103 
26 
1 
31 
5 
5 
11 
1 
18 
81 
18 
154 
15 
1 
182 
6 
1 
16 
2 
10 
9 
160 
1 
2 
4 
23 
1 
26 
22 
63 
2 
9 
6 
2 
1 
112 
7 
1 
147 
6 
1 
102 
1 
1 
1 
5 
2 
1 
56 
8 
4 
8 
65 
134 
26 
2 
30 
117 
2 
88 
9 
11 
19 
69 
48 
8 
151 
23 
7 
72 
32 
35 
186 
153 
84 
3 
13 
12 
1 
6 
17 
97 
7 
41 
93 
38 
62 
36 
44 
1 
103 
12 
9 
1 
37 
10 
28 
31 
2 
123 
91 
105 
14 
1 
8 
188 
2 
8 
4 
12 
100 
7 
9 
64 
5 
2 
199 
1 
23 
21 
1 
1 
53 
40 
4 
7 
31 
31 
2 
77 
36 
73 
1 
1 
50 
23 
2 
2 
1 
6 
151 
147 
6 
3 
33 
3 
54 
56 
7 
3 
2 
1 
2 
182 
2 
69 
1 
6 
19 
2 
73 
1 
187 
3 
2 
1 
2 
23 
34 
60 
34 
47 
29 
23 
1 
19 
2 
4 
34 
1 
50 
12 
15 
18 
4 
35 
1 
1 
10 
88 
67 
15 
43 
4 
1 
13 
3 
18 
12 
7 
3 
5 
6 
8 
9 
5 
3 
1 
5 
2 
29 
30 
12 
41 
39 
145 
8 
141 
4 
8 
12 
27 
6 
20 
185 
1 
29 
4 
14 
12 
73 
1 
3 
25 
14 
124 
3 
168 
2 
80 
33 
8 
68 
1 
1 
36 
36 
7 
17 
47 
191 
34 
3 
47 
2 
1 
10 
1 
1 
114 
56 
45 
7 
1 
17 
12 
1 
14 
6 
2 
5 
22 
27 
36 
13 
3 
68 
5 
32 
3 
1 
1 
12 
54 
2 
1 
1 
1 
40 
3 
1 
9 
8 
12 
8 
1 
3 
75 
34 
17 
31 
4 
1 
186 
14 
1 
86 
1 
5 
10 
17 
43 
30 
13 
1 
1 
171 
2 
4 
21 
20 
1 
14 
153 
5 
77 
172 
3 
2 
7 
67 
110 
2 
49 
33 
8 
3 
28 
1 
2 
1 
14 
1 
2 
19 
7 
1 
32 
5 
77 
1 
171 
1 
1 
10 
52 
136 
2 
5 
52 
11 
46 
29 
31 
48 
1 
2 
2 
15 
26 
21 
5 
2 
2 
26 
1 
45 
1 
1 
27 
1 
149 
10 
22 
121 
1 
18 
39 
10 
1 
8 
12 
52 
1 
8 
175 
9 
4 
8 
44 
2 
2 
5 
141 
163 
2 
1 
1 
12 
1 
12 
1 
79 
5 
7 
4 
37 
17 
94 
48 
77 
34 
6 
137 
20 
5 
13 
8 
6 
2 
1 
7 
9 
3 
1 
2 
63 
12 
29 
90 
2 
37 
3 
5 
1 
8 
2 
60 
10 
1 
3 
28 
7 
2 
162 
1 
60 
146 
2 
20 
1 
4 
3 
11 
72 
76 
40 
4 
63 
23 
1 
1 
1 
51 
1 
12 
132 
2 
2 
1 
34 
36 
10 
3 
37 
5 
2 
2 
7 
9 
89 
175 
8 
1 
12 
1 
47 
18 
71 
4 
2 
13 
7 
6 
186 
165 
83 
92 
3 
1 
198 
24 
9 
134 
33 
68 
14 
16 
1 
145 
70 
1 
1 
4 
1 
1 
12 
1 
15 
86 
12 
30 
43 
34 
1 
2 
29 
4 
1 
1 
126 
2 
5 
18 
1 
1 
33 
50 
37 
1 
18 
129 
133 
7 
11 
74 
125 
19 
40 
12 
10 
1 
174 
16 
3 
13 
34 
28 
1 
14 
20 
28 
10 
16 
18 
8 
1 
11 
41 
1 
1 
12 
4 
1 
2 
1 
5 
14 
19 
20 
137 
52 
11 
10 
26 
34 
6 
10 
9 
37 
13 
3 
20 
3 
35 
13 
139 
2 
6 
19 
56 
125 
31 
70 
12 
2 
1 
111 
2 
26 
1 
138 
3 
87 
3 
152 
11 
1 
6 
35 
7 
1 
51 
1 
8 
4 
3 
48 
4 
4 
1 
16 
10 
2 
1 
172 
90 
10 
5 
64 
1 
1 
1 
1 
9 
5 
101 
7 
6 
26 
3 
1 
67 
110 
125 
112 
52 
2 
16 
1 
63 
12 
89 
3 
93 
18 
6 
66 
12 
141 
7 
17 
46 
99 
4 
2 
44 
38 
99 
1 
36 
98 
5 
1 
1 
6 
1 
30 
15 
67 
98 
52 
23 
109 
98 
10 
1 
5 
5 
32 
1 
1 
1 
9 
36 
2 
6 
174 
23 
31 
117 
5 
88 
60 
7 
1 
11 
10 
8 
11 
44 
135 
3 
1 
1 
1 
171 
6 
2 
161 
75 
2 
1 
2 
4 
17 
7 
18 
7 
5 
5 
19 
7 
1 
29 
195 
34 
6 
83 
69 
60 
5 
1 
9 
24 
25 
25 
62 
5 
5 
6 
4 
33 
1 
3 
28 
85 
4 
1 
19 
1 
126 
5 
12 
4 
3 
3 
75 
1 
23 
1 
8 
5 
1 
48 
28 
1 
60 
15 
3 
6 
4 
12 
38 
79 
2 
9 
5 
1 
1 
2 
16 
74 
7 
78 
3 
2 
5 
136 
18 
5 
9 
22 
145 
6 
1 
8 
19 
46 
90 
1 
1 
28 
75 
17 
27 
180 
1 
126 
2 
166 
12 
3 
39 
18 
77 
76 
27 
41 
25 
4 
13 
28 
4 
93 
8 
124 
3 
151 
1 
6 
77 
161 
4 
12 
13 
69 
133 
28 
2 
142 
19 
1 
2 
103 
2 
1 
76 
19 
22 
78 
29 
6 
94 
28 
1 
1 
30 
23 
8 
16 
1 
4 
86 
5 
27 
17 
1 
45 
3 
8 
2 
1 
110 
192 
18 
1 
33 
10 
16 
109 
7 
32 
2 
10 
3 
147 
2 
152 
9 
1 
160 
87 
2 
1 
56 
1 
159 
24 
16 
1 
1 
72 
11 
27 
11 
12 
1 
113 
29 
3 
5 
6 
74 
2 
1 
41 
25 
2 
82 
1 
1 
2 
5 
55 
38 
28 
17 
4 
1 
3 
1 
2 
29 
6 
103 
17 
4 
7 
34 
76 
59 
83 
3 
3 
1 
13 
1 
199 
46 
1 
1 
7 
53 
2 
7 
1 
132 
1 
3 
10 
59 
3 
2 
3 
5 
2 
132 
50 
21 
17 
5 
117 
2 
1 
59 
34 
1 
46 
1 
108 
26 
4 
5 
2 
4 
1 
121 
57 
6 
41 
74 
98 
1 
4 
143 
5 
4 
1 
16 
54 
80 
10 
69 
25 
7 
4 
4 
3 
125 
22 
45 
1 
54 
2 
20 
85 
4 
20 
1 
5 
1 
3 
1 
2 
46 
1 
8 
162 
2 
2 
31 
1 
85 
1 
1 
65 
144 
1 
1 
74 
1 
62 
2 
6 
19 
26 
1 
185 
67 
6 
1 
1 
173 
92 
29 
76 
2 
38 
18 
2 
2 
1 
8 
6 
135 
1 
11 
5 
88 
60 
20 
4 
22 
26 
25 
3 
1 
186 
2 
24 
15 
5 
1 
8 
1 
18 
14 
10 
103 
1 
5 
1 
3 
79 
120 
73 
168 
67 
61 
78 
8 
24 
33 
68 
9 
2 
6 
133 
9 
5 
12 
2 
111 
184 
1 
8 
32 
3 
6 
43 
1 
3 
2 
67 
3 
38 
6 
57 
39 
17 
23 
61 
1 
22 
4 
9 
10 
13 
4 
87 
1 
6 
5 
81 
1 
8 
51 
3 
160 
200 
199 
44 
4 
61 
2 
19 
14 
2 
2 
17 
12 
46 
20 
189 
61 
15 
1 
1 
12 
2 
16 
4 
30 
1 
80 
97 
4 
1 
45 
27 
6 
17 
15 
10 
21 
129 
21 
3 
1 
22 
4 
1 
2 
20 
7 
16 
41 
5 
5 
5 
1 
17 
7 
1 
4 
32 
15 
94 
13 
173 
1 
9 
1 
191 
14 
34 
1 
9 
1 
8 
124 
7 
87 
197 
14 
1 
81 
2 
28 
27 
171 
8 
1 
1 
3 
171 
19 
84 
1 
129 
149 
9 
3 
8 
7 
91 
2 
5 
49 
67 
29 
39 
31 
4 
1 
32 
126 
1 
1 
2 
2 
2 
29 
30 
12 
4 
9 
4 
1 
94 
8 
1 
26 
143 
100 
27 
2 
2 
1 
1 
1 
5 
15 
162 
2 
1 
1 
103 
103 
120 
14 
2 
10 
67 
138 
17 
14 
9 
47 
4 
2 
11 
5 
73 
165 
1 
3 
8 
105 
80 
2 
42 
78 
7 
36 
6 
12 
12 
1 
6 
56 
3 
3 
2 
48 
22 
25 
4 
1 
2 
8 
13 
1 
130 
6 
1 
1 
16 
184 
1 
4 
3 
4 
1 
4 
5 
24 
19 
1 
4 
1 
14 
10 
3 
2 
7 
27 
4 
1 
171 
1 
4 
154 
4 
1 
184 
1 
1 
159 
57 
2 
1 
2 
7 
2 
3 
14 
100 
84 
29 
15 
48 
113 
85 
49 
2 
198 
3 
5 
3 
45 
191 
51 
7 
24 
9 
1 
2 
90 
11 
134 
110 
3 
23 
174 
14 
74 
1 
2 
173 
50 
93 
1 
12 
5 
168 
2 
2 
19 
109 
14 
1 
54 
52 
36 
1 
101 
1 
194 
3 
11 
32 
46 
145 
32 
119 
2 
68 
3 
10 
119 
35 
6 
1 
113 
2 
14 
5 
3 
64 
2 
27 
4 
12 
8 
20 
28 
1 
69 
5 
14 
168 
45 
59 
49 
8 
6 
2 
35 
2 
27 
6 
3 
4 
3 
32 
153 
54 
113 
1 
172 
1 
6 
1 
60 
1 
19 
126 
1 
14 
1 
15 
5 
10 
6 
6 
15 
142 
34 
18 
1 
3 
5 
45 
16 
15 
3 
1 
1 
4 
65 
3 
2 
6 
25 
13 
1 
9 
5 
1 
10 
1 
2 
7 
4 
193 
106 
4 
7 
62 
181 
3 
17 
14 
1 
11 
11 
41 
1 
2 
2 
5 
5 
3 
1 
86 
2 
107 
59 
162 
2 
3 
14 
38 
12 
10 
4 
87 
6 
1 
122 
158 
16 
198 
6 
18 
64 
6 
1 
14 
1 
16 
167 
31 
2 
15 
74 
3 
3 
176 
183 
17 
4 
12 
1 
65 
31 
19 
2 
2 
1 
3 
2 
59 
94 
58 
1 
1 
2 
49 
12 
6 
92 
4 
19 
55 
185 
153 
71 
54 
32 
79 
23 
51 
6 
18 
7 
62 
9 
33 
67 
14 
3 
18 
9 
110 
7 
3 
9 
1 
27 
1 
15 
30 
28 
45 
26 
180 
3 
56 
1 
1 
1 
130 
2 
55 
2 
3 
43 
3 
9 
118 
128 
106 
2 
47 
31 
9 
9 
2 
11 
110 
76 
157 
171 
124 
1 
3 
6 
52 
52 
54 
8 
7 
24 
25 
44 
74 
3 
55 
2 
1 
58 
191 
1 
7 
79 
23 
145 
7 
146 
61 
5 
2 
73 
1 
2 
1 
89 
1 
154 
71 
93 
11 
46 
199 
7 
2 
6 
1 
5 
1 
2 
5 
71 
111 
164 
68 
7 
69 
40 
8 
6 
18 
19 
28 
186 
43 
1 
22 
1 
109 
30 
4 
2 
8 
31 
3 
1 
35 
19 
33 
1 
99 
2 
2 
42 
57 
157 
38 
44 
2 
2 
1 
78 
49 
2 
7 
3 
30 
76 
1 
22 
23 
8 
1 
40 
1 
6 
13 
1 
24 
7 
1 
2 
4 
23 
5 
14 
52 
1 
50 
1 
2 
9 
78 
4 
5 
85 
57 
3 
68 
35 
110 
94 
6 
2 
15 
13 
4 
40 
170 
2 
1 
2 
62 
71 
6 
92 
19 
1 
48 
10 
177 
5 
41 
1 
98 
3 
30 
1 
3 
116 
1 
18 
145 
74 
16 
2 
1 
17 
24 
1 
1 
3 
16 
5 
2 
1 
201 
203 
211 
323 
201 
207 
201 
205 
205 
293 
251 
201 
227 
201 
201 
201 
204 
201 
251 
201 
276 
205 
202 
289 
233 
201 
202 
203 
275 
206 
270 
212 
212 
201 
209 
227 
203 
211 
380 
241 
210 
363 
208 
211 
203 
201 
203 
252 
214 
295 
213 
354 
209 
214 
238 
204 
371 
260 
269 
201 
265 
201 
201 
224 
371 
387 
213 
202 
308 
201 
201 
251 
215 
273 
201 
332 
300 
201 
212 
213 
226 
202 
201 
205 
243 
203 
209 
208 
399 
254 
209 
221 
235 
201 
202 
233 
271 
231 
213 
274 
201 
338 
216 
205 
203 
201 
220 
201 
201 
397 
319 
210 
201 
255 
202 
231 
204 
207 
207 
203 
202 
214 
201 
273 
201 
207 
297 
209 
205 
223 
253 
203 
203 
205 
252 
254 
400 
203 
202 
233 
202 
319 
201 
203 
365 
269 
203 
201 
211 
375 
331 
327 
202 
206 
224 
203 
202 
203 
202 
220 
210 
352 
255 
206 
201 
263 
284 
203 
308 
270 
203 
252 
202 
204 
201 
241 
211 
203 
216 
319 
234 
314 
221 
290 
203 
207 
205 
269 
211 
239 
343 
201 
202 
223 
211 
329 
313 
203 
298 
226 
205 
206 
372 
317 
235 
217 
201 
201 
202 
273 
201 
247 
299 
208 
243 
207 
219 
206 
210 
201 
253 
201 
330 
201 
207 
376 
204 
205 
206 
275 
241 
255 
201 
203 
312 
377 
207 
306 
223 
201 
250 
299 
337 
221 
241 
207 
398 
203 
203 
202 
201 
201 
214 
208 
224 
276 
205 
205 
206 
229 
207 
227 
202 
201 
213 
203 
207 
207 
201 
254 
314 
308 
255 
213 
205 
216 
215 
216 
281 
215 
205 
201 
205 
365 
210 
224 
203 
261 
202 
204 
227 
204 
374 
212 
209 
202 
207 
203 
206 
218 
206 
211 
204 
203 
201 
202 
208 
224 
206 
202 
212 
201 
201 
202 
227 
206 
203 
204 
369 
239 
222 
201 
209 
223 
203 
201 
222 
202 
201 
289 
212 
244 
257 
307 
351 
254 
215 
201 
243 
211 
204 
204 
201 
208 
208 
305 
326 
299 
225 
326 
201 
204 
263 
202 
371 
203 
204 
232 
201 
201 
227 
201 
214 
203 
201 
276 
213 
341 
210 
232 
205 
319 
223 
201 
204 
206 
206 
295 
201 
211 
382 
206 
215 
211 
204 
201 
391 
201 
204 
264 
216 
210 
295 
201 
201 
201 
201 
201 
255 
207 
252 
202 
204 
207 
201 
215 
223 
244 
205 
222 
201 
202 
201 
214 
208 
201 
201 
204 
208 
218 
201 
354 
321 
201 
307 
203 
216 
228 
206 
201 
205 
228 
201 
372 
201 
201 
237 
201 
248 
378 
201 
209 
205 
201 
201 
202 
347 
205 
235 
202 
202 
202 
201 
317 
237 
230 
348 
212 
211 
282 
222 
260 
210 
212 
206 
314 
212 
204 
202 
207 
202 
201 
201 
204 
202 
290 
201 
205 
246 
229 
202 
347 
201 
201 
387 
213 
292 
211 
239 
213 
400 
211 
204 
205 
211 
201 
208 
208 
201 
203 
202 
244 
208 
209 
203 
204 
210 
204 
201 
204 
202 
310 
366 
202 
273 
201 
202 
208 
393 
201 
301 
201 
214 
201 
302 
353 
337 
227 
306 
210 
206 
204 
245 
299 
333 
211 
201 
202 
201 
204 
201 
202 
231 
243 
282 
226 
207 
201 
244 
212 
229 
206 
254 
294 
202 
240 
201 
318 
263 
209 
201 
280 
345 
217 
202 
207 
220 
201 
204 
240 
210 
207 
212 
251 
201 
325 
209 
218 
381 
201 
213 
204 
283 
205 
331 
203 
218 
306 
204 
202 
201 
233 
217 
201 
226 
229 
208 
227 
220 
203 
201 
201 
203 
213 
201 
201 
287 
207 
206 
202 
206 
206 
388 
212 
207 
248 
206 
209 
295 
340 
239 
353 
304 
201 
201 
201 
211 
202 
225 
227 
209 
201 
289 
265 
373 
336 
235 
242 
222 
203 
395 
203 
338 
290 
205 
223 
201 
201 
204 
305 
225 
203 
201 
232 
202 
202 
201 
201 
201 
237 
201 
204 
209 
206 
201 
205 
204 
233 
201 
203 
279 
208 
249 
202 
204 
201 
205 
212 
207 
201 
202 
284 
288 
289 
201 
228 
278 
202 
208 
201 
380 
204 
351 
201 
214 
201 
206 
204 
202 
201 
202 
204 
389 
201 
202 
301 
203 
201 
209 
201 
201 
201 
224 
201 
210 
202 
251 
201 
202 
202 
294 
214 
201 
371 
203 
206 
268 
372 
358 
207 
201 
215 
202 
215 
206 
201 
297 
209 
273 
202 
216 
279 
205 
224 
201 
208 
203 
262 
211 
203 
201 
294 
214 
238 
215 
315 
201 
202 
275 
206 
295 
202 
213 
202 
301 
232 
218 
212 
230 
227 
201 
201 
369 
206 
202 
348 
241 
382 
242 
220 
204 
204 
201 
203 
338 
249 
251 
282 
271 
203 
221 
201 
223 
260 
278 
263 
213 
204 
201 
201 
220 
201 
239 
215 
243 
202 
254 
222 
201 
299 
278 
201 
210 
249 
230 
205 
210 
207 
248 
201 
207 
248 
238 
202 
204 
275 
202 
204 
201 
222 
248 
213 
203 
259 
248 
371 
202 
247 
250 
205 
202 
201 
203 
354 
207 
209 
256 
351 
203 
205 
269 
240 
238 
218 
287 
201 
397 
366 
312 
400 
210 
291 
219 
203 
202 
201 
345 
268 
209 
330 
228 
206 
203 
206 
230 
201 
299 
202 
291 
243 
250 
202 
288 
203 
204 
390 
206 
264 
234 
224 
218 
246 
201 
358 
203 
203 
203 
219 
247 
238 
255 
229 
205 
203 
217 
204 
236 
223 
203 
202 
201 
279 
250 
201 
232 
213 
217 
228 
202 
203 
201 
322 
247 
203 
211 
204 
201 
218 
201 
217 
274 
224 
201 
207 
231 
209 
333 
245 
201 
201 
206 
201 
228 
281 
230 
218 
205 
238 
292 
202 
243 
330 
203 
304 
266 
201 
305 
202 
210 
241 
203 
202 
204 
228 
201 
204 
362 
201 
280 
206 
337 
201 
215 
207 
202 
230 
229 
204 
208 
203 
234 
201 
204 
225 
243 
302 
276 
215 
314 
202 
275 
229 
329 
228 
201 
201 
224 
288 
204 
210 
301 
202 
202 
210 
253 
206 
204 
229 
202 
202 
230 
204 
256 
244 
204 
202 
201 
204 
203 
318 
201 
201 
235 
236 
244 
204 
201 
201 
210 
215 
302 
204 
202 
260 
383 
202 
201 
205 
373 
201 
259 
293 
205 
206 
362 
214 
308 
210 
316 
353 
202 
327 
237 
207 
201 
216 
201 
325 
203 
201 
203 
203 
226 
201 
203 
201 
201 
202 
264 
204 
215 
253 
256 
228 
210 
202 
208 
203 
206 
234 
201 
202 
205 
239 
215 
207 
204 
201 
235 
204 
217 
204 
208 
204 
265 
253 
201 
231 
296 
206 
229 
217 
234 
215 
213 
204 
201 
201 
398 
211 
202 
204 
283 
214 
207 
292 
201 
287 
202 
213 
362 
218 
212 
207 
216 
249 
206 
287 
213 
202 
201 
237 
268 
206 
202 
217 
206 
201 
210 
202 
258 
203 
233 
250 
207 
228 
201 
273 
216 
257 
208 
228 
248 
203 
232 
301 
240 
235 
201 
201 
214 
232 
385 
223 
203 
294 
235 
234 
215 
277 
202 
210 
204 
214 
211 
202 
236 
223 
202 
202 
245 
203 
212 
202 
206 
211 
201 
324 
330 
209 
206 
205 
201 
236 
203 
202 
221 
304 
201 
201 
227 
203 
219 
208 
261 
202 
203 
201 
371 
222 
273 
201 
202 
349 
242 
204 
229 
209 
207 
202 
208 
208 
201 
309 
269 
291 
201 
201 
247 
238 
218 
202 
228 
202 
203 
203 
212 
201 
372 
206 
203 
201 
247 
202 
310 
203 
202 
201 
365 
253 
201 
240 
202 
219 
231 
272 
227 
341 
222 
219 
230 
310 
203 
205 
223 
338 
205 
263 
289 
336 
248 
201 
208 
261 
370 
203 
323 
205 
215 
269 
209 
201 
220 
205 
222 
214 
207 
268 
216 
208 
201 
203 
219 
201 
203 
233 
344 
383 
201 
224 
238 
203 
261 
253 
233 
201 
321 
213 
217 
328 
400 
398 
210 
234 
218 
206 
202 
201 
211 
206 
201 
201 
210 
202 
377 
219 
201 
203 
202 
201 
210 
201 
229 
205 
201 
232 
247 
228 
203 
210 
204 
264 
201 
201 
387 
202 
283 
202 
211 
201 
202 
232 
201 
204 
202 
282 
201 
208 
246 
241 
247 
202 
201 
277 
202 
226 
205 
201 
244 
201 
349 
201 
350 
202 
383 
201 
206 
202 
349 
201 
305 
276 
298 
238 
394 
201 
202 
233 
205 
204 
204 
346 
322 
204 
203 
216 
346 
202 
235 
201 
284 
311 
335 
215 
326 
289 
242 
206 
252 
212 
223 
204 
208 
205 
223 
204 
205 
279 
204 
201 
204 
205 
206 
204 
204 
201 
225 
336 
224 
202 
244 
305 
203 
203 
301 
250 
204 
206 
204 
201 
204 
202 
239 
201 
331 
210 
201 
201 
253 
253 
272 
201 
204 
372 
223 
295 
201 
201 
344 
211 
228 
204 
201 
249 
227 
336 
201 
219 
318 
255 
232 
211 
209 
230 
281 
207 
266 
201 
201 
202 
265 
215 
213 
221 
205 
211 
202 
203 
226 
203 
205 
318 
201 
204 
284 
269 
201 
204 
201 
369 
203 
228 
221 
236 
204 
225 
249 
203 
202 
201 
229 
201 
201 
381 
217 
211 
298 
204 
226 
201 
345 
202 
224 
319 
234 
204 
369 
202 
201 
327 
216 
207 
202 
211 
296 
210 
216 
201 
250 
235 
204 
201 
212 
263 
236 
212 
209 
397 
212 
246 
219 
210 
382 
213 
287 
203 
331 
202 
205 
240 
201 
289 
260 
217 
203 
350 
201 
227 
201 
205 
350 
213 
243 
201 
201 
246 
340 
205 
208 
202 
259 
201 
201 
215 
214 
206 
201 
251 
201 
388 
213 
400 
205 
210 
305 
205 
271 
204 
223 
216 
362 
270 
206 
261 
204 
264 
207 
201 
245 
212 
221 
209 
204 
229 
201 
315 
202 
204 
201 
224 
247 
201 
340 
210 
218 
212 
316 
267 
210 
206 
207 
204 
267 
214 
232 
219 
205 
317 
215 
264 
201 
348 
201 
270 
204 
218 
201 
202 
280 
202 
201 
201 
201 
251 
361 
256 
269 
201 
300 
206 
202 
201 
216 
253 
210 
201 
201 
213 
202 
204 
236 
221 
213 
205 
273 
203 
201 
201 
341 
248 
202 
385 
203 
207 
297 
236 
386 
256 
234 
298 
219 
363 
219 
201 
201 
203 
201 
400 
208 
201 
207 
204 
252 
246 
213 
204 
237 
210 
257 
217 
332 
211 
216 
201 
207 
201 
371 
235 
238 
271 
201 
274 
325 
201 
396 
262 
202 
221 
268 
201 
201 
203 
201 
340 
205 
206 
201 
227 
218 
221 
355 
368 
201 
228 
201 
201 
221 
205 
202 
206 
206 
204 
215 
206 
218 
244 
217 
202 
204 
210 
212 
201 
256 
242 
228 
202 
215 
372 
317 
225 
215 
205 
231 
203 
213 
259 
202 
278 
219 
354 
205 
222 
201 
218 
202 
348 
261 
287 
212 
331 
201 
204 
202 
201 
205 
204 
210 
203 
362 
215 
216 
201 
202 
201 
285 
207 
215 
211 
216 
209 
218 
346 
270 
281 
256 
211 
211 
205 
338 
348 
207 
201 
260 
229 
323 
346 
277 
203 
212 
259 
214 
214 
214 
317 
277 
203 
203 
210 
227 
214 
215 
205 
202 
217 
382 
201 
283 
231 
203 
305 
288 
306 
219 
247 
210 
227 
201 
208 
202 
239 
201 
318 
225 
243 
201 
211 
397 
276 
207 
265 
202 
240 
202 
206 
253 
225 
261 
334 
223 
275 
223 
208 
323 
274 
202 
202 
204 
373 
209 
201 
202 
203 
259 
205 
227 
209 
313 
205 
212 
203 
206 
202 
205 
201 
249 
206 
207 
209 
216 
323 
207 
209 
206 
207 
201 
230 
212 
207 
278 
214 
204 
229 
201 
202 
203 
322 
202 
208 
201 
272 
201 
202 
203 
294 
201 
210 
227 
203 
247 
201 
213 
201 
212 
201 
205 
341 
230 
230 
243 
236 
216 
215 
223 
206 
260 
244 
272 
205 
201 
201 
235 
208 
344 
209 
203 
209 
219 
225 
263 
242 
202 
201 
211 
374 
356 
237 
208 
204 
248 
222 
205 
203 
217 
267 
201 
202 
305 
227 
201 
207 
201 
201 
203 
203 
201 
221 
201 
243 
207 
201 
401 
406 
403 
405 
419 
427 
401 
401 
401 
463 
401 
415 
410 
401 
401 
418 
401 
401 
401 
402 
402 
401 
451 
459 
413 
417 
403 
560 
402 
401 
441 
403 
457 
401 
402 
583 
510 
403 
571 
401 
444 
547 
401 
403 
553 
402 
508 
426 
469 
403 
403 
407 
437 
472 
401 
411 
408 
433 
440 
402 
437 
411 
414 
556 
558 
410 
461 
403 
480 
402 
411 
401 
474 
444 
418 
406 
471 
401 
403 
403 
410 
405 
401 
401 
420 
504 
402 
402 
599 
428 
434 
525 
401 
413 
453 
413 
402 
412 
465 
402 
420 
406 
489 
413 
408 
438 
406 
401 
419 
410 
491 
402 
428 
429 
496 
412 
409 
424 
401 
406 
403 
471 
401 
402 
401 
401 
467 
439 
414 
552 
427 
555 
408 
401 
401 
401 
411 
408 
449 
413 
452 
491 
429 
408 
549 
402 
407 
433 
448 
409 
406 
501 
405 
419 
556 
504 
405 
553 
491 
406 
444 
407 
401 
420 
401 
435 
403 
407 
479 
402 
406 
427 
403 
410 
402 
401 
449 
406 
404 
405 
401 
405 
407 
460 
554 
425 
401 
440 
446 
417 
406 
412 
462 
408 
403 
405 
485 
510 
404 
409 
401 
401 
560 
490 
415 
492 
421 
414 
403 
402 
441 
423 
404 
402 
420 
401 
406 
401 
402 
401 
427 
416 
406 
402 
401 
409 
401 
401 
419 
446 
419 
429 
423 
407 
404 
566 
425 
404 
547 
414 
425 
404 
406 
407 
401 
423 
597 
408 
506 
483 
401 
401 
404 
402 
556 
402 
401 
401 
421 
411 
401 
410 
403 
402 
403 
504 
424 
424 
402 
401 
486 
480 
401 
465 
401 
484 
404 
404 
403 
481 
417 
401 
417 
549 
442 
408 
406 
402 
463 
413 
410 
409 
562 
452 
435 
403 
427 
514 
401 
405 
401 
403 
401 
512 
401 
460 
431 
555 
401 
404 
403 
417 
427 
450 
588 
401 
407 
410 
408 
417 
407 
429 
402 
548 
406 
418 
535 
450 
415 
403 
454 
401 
402 
404 
407 
401 
477 
402 
401 
449 
401 
401 
414 
402 
401 
476 
405 
470 
563 
405 
414 
583 
402 
468 
558 
408 
401 
401 
422 
416 
410 
401 
471 
532 
424 
447 
462 
518 
444 
413 
401 
405 
408 
401 
410 
401 
401 
403 
445 
402 
573 
401 
478 
403 
411 
401 
410 
402 
410 
436 
404 
402 
403 
401 
447 
415 
402 
423 
401 
425 
401 
499 
575 
401 
421 
479 
408 
401 
401 
533 
401 
403 
415 
404 
428 
401 
402 
409 
402 
506 
401 
407 
405 
415 
404 
408 
487 
411 
401 
442 
401 
593 
402 
559 
422 
401 
416 
401 
401 
409 
441 
402 
401 
420 
401 
405 
525 
416 
401 
479 
471 
405 
427 
489 
401 
412 
527 
454 
447 
403 
407 
433 
442 
403 
401 
405 
459 
596 
404 
423 
404 
424 
401 
412 
461 
403 
402 
401 
401 
411 
405 
525 
401 
402 
410 
403 
463 
446 
401 
403 
411 
402 
401 
401 
403 
401 
433 
428 
432 
557 
483 
401 
430 
435 
558 
410 
402 
409 
401 
585 
405 
482 
408 
490 
444 
401 
455 
401 
410 
401 
404 
415 
404 
402 
404 
534 
406 
586 
404 
402 
421 
412 
401 
469 
508 
450 
402 
405 
417 
409 
414 
404 
412 
401 
403 
580 
401 
441 
421 
403 
411 
401 
401 
464 
468 
401 
421 
405 
402 
439 
402 
403 
407 
493 
404 
425 
406 
417 
401 
418 
441 
401 
459 
401 
402 
405 
434 
405 
409 
401 
461 
594 
403 
415 
505 
406 
405 
477 
411 
469 
402 
401 
498 
413 
409 
411 
402 
587 
406 
508 
401 
401 
408 
403 
402 
415 
457 
427 
421 
403 
401 
401 
410 
457 
401 
401 
419 
434 
403 
406 
417 
534 
404 
401 
416 
401 
403 
453 
409 
588 
434 
420 
403 
402 
560 
512 
414 
419 
537 
408 
592 
524 
406 
460 
401 
408 
422 
438 
409 
476 
409 
409 
401 
401 
404 
403 
415 
401 
431 
416 
414 
401 
402 
401 
401 
417 
401 
401 
402 
407 
450 
428 
401 
448 
411 
401 
401 
403 
401 
402 
452 
454 
458 
403 
412 
410 
448 
464 
402 
415 
409 
410 
532 
439 
469 
418 
401 
401 
403 
425 
475 
401 
410 
437 
451 
404 
408 
411 
402 
401 
401 
416 
560 
401 
442 
404 
401 
426 
459 
475 
464 
404 
413 
408 
550 
401 
402 
408 
407 
401 
419 
474 
468 
478 
401 
418 
467 
436 
402 
459 
404 
449 
401 
409 
417 
433 
407 
434 
447 
553 
401 
465 
472 
417 
477 
487 
412 
405 
402 
401 
403 
404 
403 
403 
404 
401 
506 
403 
401 
592 
401 
439 
408 
420 
404 
528 
418 
409 
401 
406 
410 
409 
402 
408 
406 
401 
426 
403 
402 
553 
529 
402 
408 
433 
448 
435 
403 
411 
438 
401 
406 
416 
417 
475 
420 
449 
401 
407 
417 
469 
403 
443 
402 
424 
401 
416 
402 
401 
424 
402 
401 
424 
401 
403 
410 
402 
403 
401 
432 
407 
423 
403 
515 
432 
423 
408 
404 
401 
401 
401 
405 
402 
407 
407 
401 
437 
402 
531 
503 
401 
440 
401 
417 
405 
403 
402 
410 
408 
404 
411 
402 
461 
512 
407 
404 
402 
523 
402 
438 
505 
411 
418 
405 
418 
401 
440 
404 
448 
403 
401 
401 
462 
403 
408 
401 
585 
401 
402 
414 
408 
405 
401 
401 
407 
523 
540 
537 
406 
401 
401 
401 
401 
401 
407 
496 
401 
415 
544 
407 
464 
401 
450 
401 
414 
401 
459 
495 
411 
405 
514 
401 
405 
401 
409 
403 
598 
401 
405 
431 
491 
402 
560 
414 
401 
412 
434 
406 
401 
401 
402 
420 
434 
410 
403 
412 
499 
414 
401 
463 
451 
401 
406 
501 
475 
402 
401 
404 
458 
402 
418 
406 
404 
596 
411 
444 
574 
546 
401 
450 
417 
513 
416 
477 
401 
452 
411 
411 
578 
402 
532 
401 
420 
592 
568 
420 
404 
447 
474 
486 
404 
402 
411 
504 
599 
417 
420 
408 
458 
588 
441 
471 
458 
405 
444 
427 
418 
410 
411 
465 
493 
412 
401 
402 
421 
401 
404 
401 
401 
503 
405 
439 
401 
401 
416 
401 
583 
441 
402 
402 
478 
404 
413 
403 
433 
575 
456 
401 
401 
408 
436 
432 
403 
401 
420 
408 
469 
479 
442 
488 
407 
405 
502 
416 
426 
401 
404 
401 
499 
528 
439 
406 
405 
409 
411 
566 
412 
417 
405 
436 
401 
475 
401 
402 
410 
441 
405 
402 
544 
420 
414 
401 
404 
415 
401 
404 
401 
599 
444 
401 
409 
497 
411 
429 
401 
402 
427 
443 
401 
403 
401 
411 
405 
414 
481 
460 
411 
419 
402 
596 
402 
405 
410 
403 
404 
424 
403 
401 
458 
404 
461 
408 
405 
453 
424 
482 
401 
422 
457 
403 
483 
440 
401 
439 
418 
404 
405 
401 
401 
402 
404 
431 
562 
401 
401 
425 
593 
401 
444 
405 
402 
402 
410 
423 
406 
401 
472 
401 
401 
402 
438 
404 
413 
409 
408 
531 
403 
401 
401 
480 
448 
498 
402 
409 
404 
448 
477 
415 
544 
472 
405 
401 
406 
457 
405 
420 
402 
402 
405 
505 
435 
418 
401 
402 
415 
408 
405 
407 
475 
401 
402 
410 
407 
406 
431 
402 
461 
564 
401 
558 
407 
402 
401 
404 
528 
419 
401 
411 
437 
401 
452 
428 
431 
401 
404 
402 
462 
401 
413 
401 
417 
405 
473 
595 
494 
560 
535 
454 
401 
560 
422 
531 
431 
401 
405 
404 
406 
448 
422 
408 
427 
402 
401 
403 
510 
412 
443 
410 
519 
407 
406 
412 
404 
530 
401 
408 
406 
417 
402 
459 
406 
401 
414 
431 
434 
556 
406 
405 
401 
477 
402 
402 
401 
519 
417 
407 
472 
401 
402 
405 
401 
441 
511 
406 
401 
501 
401 
406 
409 
418 
554 
416 
406 
402 
401 
413 
401 
405 
403 
498 
502 
600 
597 
402 
401 
406 
419 
463 
423 
448 
420 
440 
414 
402 
471 
567 
406 
428 
407 
404 
416 
443 
438 
401 
401 
402 
413 
423 
596 
407 
402 
584 
402 
448 
428 
410 
480 
453 
479 
452 
401 
489 
401 
401 
412 
475 
403 
435 
402 
401 
401 
401 
403 
446 
402 
404 
574 
401 
433 
421 
419 
528 
402 
407 
404 
575 
425 
401 
405 
407 
402 
404 
447 
404 
417 
591 
425 
405 
413 
416 
592 
567 
525 
405 
409 
407 
483 
524 
460 
415 
402 
454 
482 
406 
481 
405 
403 
419 
419 
401 
403 
408 
401 
401 
401 
543 
411 
401 
450 
410 
401 
413 
413 
418 
401 
401 
414 
568 
406 
561 
403 
420 
404 
408 
555 
472 
425 
581 
420 
411 
401 
410 
404 
401 
431 
506 
443 
401 
401 
427 
427 
443 
424 
412 
408 
408 
466 
446 
425 
406 
403 
597 
412 
413 
401 
410 
512 
401 
514 
405 
429 
413 
446 
402 
412 
403 
401 
402 
417 
417 
403 
402 
404 
460 
528 
415 
403 
489 
538 
580 
409 
414 
405 
419 
410 
454 
402 
401 
411 
433 
555 
407 
401 
531 
401 
410 
565 
401 
528 
464 
401 
401 
402 
423 
409 
490 
448 
404 
574 
575 
401 
524 
403 
554 
492 
401 
410 
555 
404 
401 
501 
405 
427 
403 
450 
404 
441 
482 
425 
425 
415 
401 
429 
403 
436 
415 
403 
435 
595 
456 
401 
510 
402 
574 
403 
403 
529 
406 
403 
414 
418 
411 
459 
433 
495 
503 
530 
423 
410 
401 
416 
530 
403 
420 
401 
415 
401 
517 
417 
432 
459 
432 
425 
402 
404 
404 
401 
401 
426 
402 
582 
466 
411 
401 
402 
476 
401 
442 
411 
408 
482 
408 
442 
401 
402 
411 
436 
423 
425 
401 
458 
407 
436 
575 
401 
416 
405 
470 
401 
401 
408 
401 
422 
518 
402 
405 
403 
405 
402 
442 
401 
424 
582 
402 
473 
401 
514 
401 
490 
404 
436 
401 
527 
401 
402 
410 
405 
401 
464 
450 
404 
423 
402 
429 
401 
408 
402 
402 
430 
471 
401 
452 
401 
482 
401 
402 
434 
428 
464 
404 
410 
401 
407 
461 
416 
402 
545 
418 
402 
406 
401 
403 
409 
406 
425 
404 
401 
580 
430 
401 
404 
406 
546 
514 
441 
427 
407 
412 
411 
402 
402 
426 
412 
401 
401 
459 
410 
416 
443 
431 
405 
507 
447 
484 
426 
401 
414 
408 
401 
417 
402 
401 
445 
498 
436 
593 
402 
450 
407 
402 
401 
424 
406 
440 
517 
401 
422 
433 
410 
498 
524 
536 
554 
446 
599 
416 
402 
407 
401 
456 
421 
419 
410 
479 
418 
405 
421 
405 
403 
409 
444 
403 
414 
402 
420 
598 
458 
404 
559 
490 
409 
404 
401 
412 
501 
403 
402 
448 
403 
406 
407 
401 
407 
426 
502 
449 
407 
434 
403 
455 
406 
401 
572 
403 
432 
401 
401 
402 
556 
546 
478 
404 
401 
403 
402 
455 
425 
404 
449 
488 
402 
504 
407 
441 
452 
430 
447 
403 
401 
406 
407 
422 
412 
433 
411 
497 
525 
448 
408 
458 
402 
404 
403 
404 
405 
403 
517 
542 
402 
410 
468 
404 
414 
405 
405 
574 
402 
403 
412 
512 
476 
403 
477 
406 
401 
444 
410 
401 
432 
403 
417 
401 
490 
409 
420 
413 
402 
595 
402 
423 
402 
404 
401 
403 
420 
401 
409 
434 
510 
408 
402 
408 
402 
405 
402 
454 
466 
401 
561 
402 
401 
497 
406 
432 
401 
584 
437 
404 
401 
454 
407 
401 
461 
401 
402 
424 
420 
426 
402 
405 
496 
401 
402 
418 
425 
401 
412 
403 
427 
403 
466 
401 
411 
401 
493 
512 
405 
404 
402 
401 
402 
421 
403 
526 
403 
401 
440 
589 
508 
401 
423 
403 
402 
403 
401 
415 
406 
412 
401 
401 
415 
405 
476 
408 
401 
433 
420 
402 
414 
428 
418 
401 
402 
522 
436 
407 
437 
406 
409 
402 
420 
465 
401 
403 
409 
537 
401 
402 
410 
424 
534 
401 
408 
490 
439 
401 
453 
475 
410 
435 
423 
401 
445 
529 
409 
402 
527 
439 
401 
423 
401 
601 
612 
601 
676 
601 
697 
602 
638 
638 
643 
613 
601 
604 
601 
602 
601 
631 
601 
613 
603 
629 
645 
605 
639 
605 
601 
605 
621 
628 
664 
624 
601 
601 
602 
745 
604 
613 
601 
762 
608 
787 
733 
705 
601 
620 
603 
612 
613 
601 
645 
601 
719 
750 
601 
607 
628 
746 
618 
624 
602 
621 
601 
601 
603 
746 
774 
601 
605 
659 
603 
601 
613 
601 
626 
601 
687 
650 
602 
601 
601 
603 
611 
601 
647 
609 
612 
745 
712 
798 
615 
735 
602 
606 
601 
605 
605 
625 
605 
601 
627 
601 
694 
601 
637 
621 
603 
602 
601 
601 
793 
670 
793 
602 
615 
611 
605 
624 
684 
687 
612 
605 
601 
601 
627 
601 
678 
647 
758 
639 
603 
614 
620 
619 
640 
614 
614 
799 
618 
604 
605 
605 
670 
602 
618 
735 
623 
616 
603 
601 
753 
686 
680 
611 
662 
603 
612 
611 
620 
610 
602 
791 
715 
615 
667 
601 
620 
636 
616 
658 
624 
612 
614 
605 
625 
603 
608 
601 
613 
601 
670 
606 
665 
602 
640 
620 
689 
638 
624 
601 
608 
702 
601 
606 
603 
601 
683 
664 
613 
648 
603 
648 
665 
748 
669 
606 
601 
601 
601 
606 
627 
603 
611 
649 
725 
609 
689 
602 
672 
765 
601 
614 
601 
685 
603 
685 
755 
629 
641 
661 
628 
609 
615 
602 
615 
662 
756 
689 
656 
603 
601 
612 
649 
693 
602 
608 
681 
796 
621 
612 
609 
601 
601 
601 
718 
603 
629 
641 
639 
670 
604 
676 
604 
605 
604 
601 
612 
686 
685 
604 
615 
665 
658 
615 
601 
651 
601 
601 
601 
632 
601 
654 
601 
651 
735 
774 
603 
614 
618 
606 
636 
604 
623 
751 
601 
736 
606 
698 
613 
656 
602 
657 
601 
630 
613 
602 
606 
717 
603 
662 
609 
601 
601 
602 
604 
604 
666 
616 
625 
742 
607 
602 
602 
755 
603 
614 
601 
602 
604 
601 
639 
601 
609 
616 
657 
714 
614 
601 
604 
609 
601 
632 
635 
601 
721 
701 
655 
680 
649 
603 
679 
601 
625 
620 
607 
746 
619 
631 
605 
601 
601 
604 
601 
601 
616 
602 
629 
601 
699 
786 
605 
654 
671 
603 
601 
625 
673 
674 
645 
604 
601 
764 
656 
601 
601 
631 
601 
781 
604 
626 
621 
601 
785 
645 
601 
604 
601 
603 
602 
615 
690 
614 
611 
624 
677 
601 
601 
603 
610 
645 
602 
601 
606 
601 
601 
701 
602 
603 
624 
708 
602 
602 
719 
673 
601 
657 
619 
601 
604 
656 
603 
640 
604 
602 
747 
601 
601 
607 
601 
611 
757 
603 
755 
638 
601 
601 
610 
707 
647 
606 
608 
607 
611 
602 
668 
607 
604 
709 
601 
601 
634 
602 
618 
777 
601 
655 
665 
601 
627 
609 
677 
608 
602 
601 
635 
606 
640 
604 
646 
611 
604 
610 
707 
601 
604 
775 
601 
643 
601 
607 
601 
800 
797 
632 
640 
601 
601 
727 
703 
602 
620 
609 
610 
711 
737 
620 
628 
775 
624 
602 
625 
611 
661 
738 
610 
627 
601 
605 
703 
785 
602 
651 
601 
601 
603 
652 
717 
694 
604 
656 
771 
670 
632 
610 
649 
688 
601 
603 
610 
601 
624 
601 
607 
605 
609 
633 
603 
685 
603 
610 
601 
604 
662 
615 
644 
607 
608 
601 
670 
620 
760 
604 
632 
705 
601 
607 
691 
602 
601 
630 
608 
773 
681 
601 
613 
604 
678 
734 
602 
764 
601 
601 
627 
635 
645 
685 
613 
602 
656 
631 
607 
603 
606 
601 
601 
603 
604 
715 
604 
602 
612 
602 
601 
621 
601 
602 
601 
638 
700 
669 
605 
661 
672 
777 
601 
681 
611 
663 
733 
645 
698 
608 
717 
654 
601 
601 
601 
601 
605 
603 
604 
732 
601 
639 
621 
749 
692 
606 
609 
602 
618 
789 
615 
695 
640 
650 
603 
601 
603 
624 
655 
603 
622 
601 
605 
607 
605 
601 
601 
602 
607 
601 
634 
748 
660 
601 
651 
631 
605 
603 
615 
631 
703 
612 
604 
629 
601 
650 
601 
685 
603 
605 
635 
638 
639 
601 
604 
630 
606 
708 
601 
762 
625 
714 
603 
601 
601 
660 
629 
606 
602 
608 
629 
779 
603 
605 
650 
620 
601 
729 
601 
602 
601 
603 
601 
779 
607 
613 
602 
606 
608 
644 
601 
601 
747 
619 
658 
623 
747 
725 
679 
601 
601 
607 
601 
667 
601 
647 
742 
626 
606 
601 
631 
640 
603 
601 
726 
616 
619 
601 
620 
601 
644 
601 
607 
601 
666 
601 
610 
628 
666 
645 
607 
601 
606 
650 
605 
602 
601 
604 
604 
602 
603 
742 
666 
608 
710 
608 
766 
609 
602 
625 
624 
602 
619 
695 
612 
613 
634 
625 
620 
602 
602 
603 
618 
630 
620 
601 
631 
603 
601 
602 
601 
608 
601 
609 
604 
615 
602 
601 
649 
631 
604 
797 
612 
604 
648 
771 
697 
612 
603 
678 
612 
607 
605 
625 
628 
605 
634 
602 
602 
611 
601 
613 
618 
611 
746 
608 
611 
613 
646 
610 
603 
616 
719 
676 
751 
615 
714 
612 
640 
623 
608 
607 
602 
638 
603 
794 
737 
663 
799 
761 
641 
602 
617 
607 
604 
705 
623 
753 
684 
604 
659 
612 
657 
605 
603 
649 
604 
641 
609 
613 
606 
638 
619 
631 
780 
659 
620 
606 
603 
602 
610 
601 
725 
615 
618 
617 
602 
611 
607 
615 
604 
653 
617 
601 
628 
607 
603 
617 
606 
601 
631 
612 
601 
605 
601 
601 
604 
610 
613 
602 
675 
611 
622 
601 
628 
601 
602 
602 
601 
628 
603 
601 
697 
605 
731 
688 
610 
602 
603 
666 
603 
604 
632 
605 
602 
640 
607 
643 
605 
609 
684 
611 
654 
622 
602 
655 
605 
793 
608 
612 
607 
627 
604 
604 
623 
731 
601 
632 
655 
694 
601 
601 
699 
605 
604 
604 
624 
727 
616 
606 
601 
627 
603 
609 
652 
629 
601 
664 
609 
628 
604 
683 
604 
601 
601 
603 
639 
626 
771 
651 
605 
611 
787 
614 
657 
626 
604 
606 
610 
605 
632 
616 
610 
629 
609 
601 
635 
612 
669 
603 
601 
606 
607 
610 
625 
603 
602 
776 
601 
652 
636 
605 
618 
768 
605 
601 
650 
748 
603 
617 
643 
647 
667 
730 
601 
658 
775 
667 
717 
611 
681 
607 
693 
601 
601 
602 
678 
616 
603 
614 
612 
603 
601 
622 
601 
601 
609 
621 
630 
601 
614 
616 
604 
770 
610 
720 
618 
664 
606 
601 
607 
647 
608 
601 
697 
628 
604 
606 
623 
601 
630 
708 
632 
621 
614 
604 
605 
646 
661 
604 
601 
606 
601 
601 
631 
601 
603 
795 
601 
610 
627 
634 
601 
685 
642 
601 
638 
607 
601 
731 
602 
601 
686 
601 
612 
675 
637 
601 
609 
603 
607 
623 
659 
608 
601 
659 
601 
791 
608 
617 
621 
605 
613 
688 
604 
601 
627 
601 
616 
725 
604 
611 
612 
605 
651 
608 
606 
604 
603 
601 
605 
771 
603 
616 
644 
606 
606 
601 
630 
611 
777 
623 
601 
601 
608 
607 
603 
607 
611 
610 
613 
601 
611 
666 
601 
603 
676 
684 
740 
658 
642 
604 
607 
620 
609 
602 
654 
602 
602 
604 
616 
602 
718 
619 
606 
622 
602 
746 
602 
626 
601 
607 
710 
609 
631 
604 
752 
692 
605 
705 
719 
601 
659 
624 
641 
601 
601 
611 
607 
602 
607 
604 
610 
621 
617 
601 
601 
748 
674 
616 
602 
611 
610 
661 
614 
604 
602 
736 
614 
604 
608 
606 
602 
605 
626 
603 
700 
602 
602 
605 
660 
616 
654 
603 
695 
653 
620 
639 
693 
612 
601 
719 
619 
744 
614 
676 
648 
601 
624 
758 
601 
602 
652 
602 
601 
694 
623 
601 
705 
603 
613 
602 
601 
611 
605 
703 
767 
601 
603 
607 
614 
619 
614 
605 
602 
673 
601 
601 
682 
800 
796 
765 
606 
602 
660 
606 
602 
601 
664 
603 
601 
790 
607 
757 
602 
602 
618 
607 
601 
784 
603 
604 
638 
603 
605 
611 
604 
617 
774 
625 
620 
604 
602 
775 
608 
634 
608 
601 
601 
610 
605 
601 
632 
608 
633 
603 
726 
610 
609 
611 
604 
604 
629 
608 
603 
644 
603 
610 
601 
710 
602 
712 
607 
767 
602 
660 
611 
711 
602 
655 
629 
648 
607 
788 
602 
610 
605 
649 
627 
622 
707 
674 
624 
615 
601 
706 
606 
606 
602 
635 
661 
692 
601 
679 
639 
609 
660 
613 
601 
603 
633 
703 
642 
603 
629 
647 
631 
628 
601 
635 
637 
659 
629 
634 
601 
603 
692 
603 
605 
610 
655 
618 
620 
651 
613 
625 
668 
631 
601 
627 
607 
608 
602 
686 
780 
601 
601 
614 
614 
626 
602 
632 
748 
603 
645 
604 
602 
703 
601 
604 
632 
601 
612 
604 
692 
601 
602 
669 
615 
605 
601 
737 
605 
633 
676 
622 
601 
601 
605 
621 
601 
601 
602 
643 
601 
610 
617 
603 
621 
643 
670 
601 
626 
635 
624 
601 
629 
603 
742 
615 
604 
602 
607 
626 
603 
612 
616 
606 
601 
604 
604 
602 
763 
601 
601 
648 
623 
603 
601 
706 
606 
603 
670 
606 
627 
743 
609 
601 
680 
601 
700 
606 
601 
646 
770 
601 
602 
613 
606 
631 
602 
601 
620 
606 
601 
737 
793 
601 
611 
602 
780 
765 
601 
637 
616 
686 
606 
640 
608 
601 
640 
618 
601 
612 
712 
602 
604 
602 
648 
712 
601 
609 
601 
601 
611 
698 
653 
721 
605 
618 
602 
604 
601 
601 
675 
602 
613 
603 
777 
601 
799 
646 
793 
655 
649 
625 
631 
603 
601 
731 
625 
667 
619 
629 
620 
678 
602 
610 
601 
602 
744 
624 
604 
601 
666 
607 
629 
601 
603 
611 
601 
698 
784 
602 
601 
667 
622 
775 
665 
686 
625 
623 
601 
605 
602 
647 
668 
601 
620 
601 
709 
602 
624 
626 
602 
601 
606 
632 
607 
602 
603 
602 
613 
730 
615 
623 
602 
650 
660 
605 
601 
601 
614 
782 
603 
602 
601 
609 
625 
607 
602 
601 
651 
627 
618 
601 
603 
699 
612 
606 
771 
613 
691 
647 
606 
773 
616 
606 
648 
602 
732 
602 
603 
602 
616 
601 
800 
724 
604 
692 
633 
613 
611 
601 
627 
607 
780 
616 
601 
686 
601 
601 
602 
696 
601 
746 
606 
607 
625 
601 
628 
677 
603 
791 
619 
604 
602 
623 
602 
602 
612 
603 
697 
640 
673 
603 
604 
602 
602 
719 
741 
604 
604 
601 
604 
602 
640 
605 
668 
662 
627 
601 
658 
602 
610 
601 
605 
624 
787 
601 
601 
616 
609 
604 
605 
601 
747 
669 
603 
601 
645 
605 
611 
601 
618 
604 
631 
602 
719 
650 
602 
602 
602 
604 
710 
618 
638 
601 
686 
601 
623 
605 
602 
638 
629 
779 
620 
731 
601 
601 
601 
604 
602 
636 
687 
601 
601 
601 
752 
602 
707 
624 
633 
616 
601 
601 
642 
695 
709 
676 
601 
618 
604 
676 
707 
629 
619 
601 
618 
601 
601 
601 
669 
630 
614 
618 
766 
604 
601 
601 
639 
609 
601 
766 
603 
634 
605 
613 
655 
639 
656 
602 
611 
786 
604 
601 
721 
605 
608 
602 
669 
603 
609 
601 
601 
793 
629 
681 
621 
607 
608 
605 
668 
614 
603 
619 
690 
603 
628 
603 
711 
676 
627 
605 
606 
629 
749 
755 
601 
611 
612 
617 
637 
604 
747 
664 
639 
601 
617 
668 
606 
650 
603 
612 
666 
692 
733 
601 
675 
689 
760 
655 
689 
601 
605 
601 
696 
631 
601 
636 
604 
602 
610 
613 
674 
607 
712 
601 
626 
601 
606 
615 
644 
601 
768 
604 
612 
611 
602 
601 
604 
601 
602 
643 
700 
604 
604 
609 
606 
601 
601 
603 
667 
618 
610 
626 
641 
602 
601 
606 
712 
704 
742 
615 
750 
602 
603 
620 
609 
606 
601 
601 
750 
721 
607 
725 
627 
612 
602 
637 
619 
601 
622 
601 
605 
654 
604 
603 
681 
601 
604 
616 
622 
603 
602 
603 
609 
678 
601 
801 
827 
854 
803 
828 
801 
802 
806 
806 
829 
923 
819 
801 
802 
803 
825 
805 
801 
923 
804 
801 
807 
945 
826 
802 
823 
808 
803 
801 
811 
814 
866 
804 
802 
831 
824 
801 
856 
954 
872 
802 
920 
821 
851 
803 
805 
801 
807 
805 
802 
875 
806 
802 
805 
861 
875 
807 
810 
814 
803 
812 
812 
817 
819 
935 
809 
804 
808 
843 
805 
811 
926 
805 
816 
825 
804 
835 
802 
865 
884 
801 
822 
801 
808 
804 
801 
831 
822 
997 
808 
801 
813 
848 
816 
954 
802 
801 
802 
804 
801 
832 
804 
807 
906 
851 
887 
801 
801 
829 
810 
854 
844 
853 
808 
801 
802 
861 
801 
816 
826 
808 
805 
801 
801 
801 
814 
832 
802 
914 
818 
807 
803 
847 
806 
932 
940 
811 
843 
938 
802 
950 
854 
855 
844 
923 
801 
836 
871 
803 
808 
804 
864 
823 
999 
819 
801 
823 
803 
801 
801 
802 
805 
946 
801 
801 
811 
801 
836 
843 
801 
827 
807 
808 
866 
805 
872 
803 
830 
922 
803 
845 
803 
801 
827 
803 
801 
806 
814 
802 
803 
805 
813 
801 
801 
855 
803 
848 
801 
802 
801 
808 
811 
937 
853 
803 
808 
832 
816 
812 
801 
901 
805 
802 
825 
804 
817 
801 
813 
836 
801 
807 
822 
804 
804 
816 
808 
804 
806 
998 
817 
804 
808 
839 
834 
802 
947 
801 
802 
817 
816 
806 
802 
804 
801 
872 
801 
995 
851 
801 
801 
801 
801 
892 
824 
819 
801 
806 
806 
801 
802 
814 
801 
809 
806 
870 
801 
801 
801 
806 
944 
849 
843 
949 
804 
808 
807 
902 
925 
801 
806 
968 
801 
958 
922 
802 
801 
831 
990 
801 
902 
801 
858 
941 
803 
801 
811 
801 
802 
809 
972 
809 
850 
804 
801 
803 
990 
801 
818 
811 
818 
867 
823 
852 
941 
825 
812 
838 
865 
807 
803 
801 
856 
833 
817 
830 
825 
815 
941 
818 
801 
803 
884 
963 
802 
805 
940 
806 
806 
882 
803 
805 
805 
816 
825 
820 
840 
803 
835 
820 
803 
818 
803 
801 
801 
935 
847 
804 
838 
836 
821 
801 
801 
805 
802 
841 
818 
804 
883 
802 
802 
809 
803 
801 
801 
863 
813 
813 
802 
920 
848 
956 
809 
806 
852 
886 
801 
809 
806 
868 
812 
922 
842 
802 
801 
928 
818 
804 
839 
948 
801 
932 
801 
803 
814 
833 
806 
801 
888 
807 
814 
801 
812 
820 
899 
801 
803 
804 
862 
821 
810 
802 
806 
803 
819 
802 
847 
807 
801 
809 
904 
806 
827 
803 
936 
837 
801 
803 
801 
904 
808 
900 
833 
806 
831 
802 
821 
892 
942 
848 
801 
801 
823 
850 
852 
857 
802 
894 
803 
803 
801 
801 
810 
802 
863 
809 
803 
804 
804 
817 
801 
816 
842 
801 
899 
997 
801 
806 
807 
897 
802 
821 
892 
801 
806 
809 
882 
829 
802 
861 
881 
811 
845 
805 
806 
856 
802 
801 
801 
867 
803 
801 
887 
801 
801 
803 
874 
839 
861 
802 
803 
822 
845 
807 
801 
816 
801 
966 
820 
810 
803 
802 
819 
888 
804 
802 
903 
804 
825 
802 
838 
801 
886 
889 
834 
871 
803 
804 
821 
823 
862 
818 
812 
802 
880 
801 
824 
816 
901 
805 
859 
802 
811 
945 
830 
801 
866 
834 
803 
801 
802 
806 
801 
805 
808 
812 
801 
801 
824 
804 
804 
802 
815 
804 
921 
806 
803 
801 
975 
808 
801 
804 
804 
801 
936 
869 
829 
978 
841 
886 
801 
804 
843 
808 
814 
801 
802 
823 
825 
801 
801 
802 
802 
851 
876 
803 
819 
825 
801 
801 
808 
811 
813 
809 
803 
815 
906 
801 
801 
802 
804 
803 
903 
802 
802 
821 
801 
851 
957 
801 
825 
801 
831 
801 
801 
938 
876 
802 
804 
815 
844 
987 
802 
804 
827 
808 
801 
836 
890 
860 
840 
801 
854 
802 
838 
814 
810 
818 
801 
865 
803 
817 
805 
832 
810 
801 
958 
805 
841 
804 
835 
820 
801 
912 
933 
877 
801 
808 
866 
816 
805 
949 
822 
825 
801 
813 
801 
819 
801 
821 
819 
808 
865 
899 
894 
805 
827 
810 
804 
810 
844 
801 
804 
809 
887 
945 
802 
848 
811 
827 
801 
803 
820 
819 
802 
802 
813 
922 
849 
984 
801 
830 
888 
816 
807 
802 
810 
801 
807 
806 
814 
829 
805 
801 
806 
812 
826 
833 
802 
801 
986 
922 
819 
806 
801 
824 
801 
838 
810 
803 
803 
801 
831 
805 
803 
806 
850 
813 
821 
801 
811 
802 
813 
874 
811 
802 
839 
810 
858 
833 
826 
803 
891 
807 
801 
816 
894 
804 
808 
877 
801 
866 
861 
803 
845 
804 
913 
807 
801 
801 
803 
814 
803 
801 
810 
819 
811 
883 
885 
889 
801 
801 
820 
803 
805 
804 
936 
946 
801 
823 
834 
801 
911 
845 
806 
832 
947 
838 
818 
806 
805 
814 
806 
861 
808 
864 
801 
810 
805 
867 
801 
806 
881 
802 
810 
806 
807 
816 
903 
920 
807 
820 
805 
838 
805 
814 
802 
954 
899 
801 
806 
814 
866 
803 
969 
801 
805 
810 
807 
802 
810 
835 
828 
811 
841 
814 
806 
889 
801 
802 
868 
801 
989 
825 
980 
833 
898 
802 
932 
801 
879 
919 
801 
801 
845 
804 
975 
810 
801 
802 
801 
965 
894 
801 
806 
802 
802 
802 
995 
903 
858 
947 
829 
809 
840 
808 
804 
803 
816 
839 
801 
801 
820 
918 
817 
839 
804 
808 
801 
822 
802 
802 
803 
901 
855 
855 
804 
801 
972 
864 
808 
801 
819 
816 
819 
802 
801 
804 
892 
802 
805 
801 
874 
801 
801 
802 
809 
915 
858 
829 
947 
881 
804 
801 
839 
801 
802 
802 
978 
844 
804 
826 
812 
804 
801 
916 
803 
918 
801 
820 
971 
878 
821 
806 
819 
951 
802 
802 
803 
826 
802 
845 
830 
804 
821 
804 
802 
818 
805 
849 
818 
801 
802 
867 
828 
823 
831 
801 
826 
804 
802 
836 
982 
823 
802 
807 
979 
868 
802 
801 
801 
802 
805 
956 
805 
804 
817 
801 
805 
801 
803 
894 
801 
848 
803 
885 
803 
900 
803 
839 
806 
802 
900 
808 
810 
960 
969 
801 
808 
807 
881 
809 
802 
808 
801 
806 
805 
842 
802 
851 
805 
824 
865 
803 
801 
801 
920 
802 
862 
802 
892 
832 
825 
801 
811 
803 
812 
823 
818 
812 
804 
805 
936 
956 
801 
802 
821 
824 
802 
801 
802 
801 
812 
941 
864 
910 
819 
804 
915 
848 
857 
808 
881 
801 
805 
801 
807 
909 
836 
802 
810 
802 
958 
802 
806 
804 
883 
828 
805 
993 
846 
820 
871 
801 
891 
801 
801 
801 
825 
813 
804 
806 
962 
803 
801 
806 
913 
801 
825 
870 
801 
899 
856 
813 
989 
816 
955 
810 
801 
843 
816 
809 
803 
841 
920 
801 
827 
801 
816 
931 
965 
826 
801 
806 
825 
838 
837 
866 
849 
806 
888 
900 
802 
809 
801 
802 
802 
849 
845 
806 
819 
801 
839 
858 
900 
803 
801 
803 
816 
801 
823 
892 
828 
803 
823 
801 
847 
805 
803 
868 
802 
986 
807 
806 
803 
850 
819 
801 
839 
802 
803 
801 
836 
801 
801 
996 
996 
803 
803 
934 
801 
801 
801 
813 
895 
804 
805 
802 
802 
817 
948 
801 
801 
801 
802 
801 
828 
801 
816 
901 
803 
967 
801 
827 
801 
803 
802 
803 
801 
937 
801 
802 
862 
902 
819 
802 
832 
932 
837 
807 
807 
806 
867 
811 
810 
802 
816 
801 
884 
801 
988 
802 
802 
802 
809 
801 
804 
966 
801 
826 
804 
906 
818 
801 
810 
932 
831 
803 
808 
806 
801 
834 
801 
812 
962 
801 
805 
818 
801 
929 
820 
902 
801 
992 
801 
801 
842 
805 
808 
825 
818 
803 
832 
996 
936 
802 
803 
803 
873 
809 
865 
1000 
995 
836 
846 
981 
995 
801 
837 
803 
801 
898 
816 
843 
801 
948 
992 
853 
842 
813 
821 
802 
887 
829 
806 
804 
802 
805 
827 
840 
839 
803 
801 
929 
854 
809 
801 
822 
801 
803 
802 
801 
838 
801 
886 
801 
801 
879 
826 
893 
873 
900 
807 
922 
801 
815 
822 
807 
870 
805 
827 
895 
803 
805 
814 
959 
845 
810 
824 
805 
803 
802 
818 
802 
803 
985 
845 
822 
802 
951 
804 
803 
891 
803 
861 
834 
806 
891 
989 
803 
804 
823 
845 
804 
806 
803 
801 
804 
993 
928 
860 
801 
805 
820 
807 
816 
879 
807 
820 
873 
801 
900 
905 
989 
804 
805 
818 
821 
804 
820 
809 
804 
802 
843 
803 
836 
806 
803 
801 
884 
801 
873 
814 
864 
864 
869 
802 
801 
801 
807 
807 
816 
843 
890 
807 
801 
831 
922 
845 
805 
851 
827 
889 
816 
913 
801 
876 
801 
811 
803 
808 
802 
802 
829 
802 
801 
814 
801 
823 
822 
808 
801 
919 
804 
813 
929 
856 
801 
802 
824 
852 
927 
803 
828 
866 
823 
801 
801 
877 
872 
931 
835 
828 
814 
852 
867 
820 
910 
802 
801 
802 
830 
806 
839 
808 
807 
803 
802 
803 
822 
801 
890 
811 
818 
854 
845 
873 
931 
817 
802 
864 
930 
801 
811 
803 
802 
802 
806 
845 
806 
803 
804 
858 
858 
811 
803 
861 
801 
991 
803 
896 
810 
840 
958 
874 
801 
802 
804 
811 
918 
804 
812 
826 
810 
808 
801 
897 
839 
801 
803 
948 
897 
872 
804 
801 
818 
897 
882 
964 
801 
983 
810 
845 
807 
902 
886 
814 
803 
807 
805 
971 
804 
811 
807 
844 
839 
808 
815 
886 
801 
806 
806 
815 
812 
996 
879 
811 
801 
844 
890 
804 
801 
802 
803 
830 
820 
803 
801 
804 
801 
801 
903 
836 
882 
841 
965 
860 
803 
801 
802 
811 
801 
803 
801 
805 
838 
811 
808 
852 
906 
811 
801 
894 
803 
801 
869 
978 
801 
801 
820 
814 
840 
805 
856 
923 
806 
954 
801 
860 
835 
810 
948 
801 
806 
938 
841 
873 
852 
804 
818 
865 
852 
801 
804 
957 
801 
802 
825 
805 
804 
908 
810 
809 
828 
801 
802 
851 
967 
808 
846 
802 
801 
919 
811 
901 
849 
838 
813 
811 
825 
806 
801 
890 
930 
895 
804 
871 
803 
802 
809 
955 
870 
802 
807 
846 
818 
817 
807 
849 
803 
801 
801 
817 
861 
880 
988 
801 
940 
801 
801 
802 
840 
826 
895 
881 
806 
801 
869 
801 
809 
813 
905 
929 
924 
828 
820 
806 
801 
806 
972 
801 
801 
869 
806 
986 
963 
805 
946 
808 
862 
802 
865 
818 
958 
804 
828 
982 
912 
936 
852 
801 
902 
807 
802 
801 
879 
982 
930 
801 
801 
806 
808 
801 
847 
809 
937 
805 
810 
801 
803 
804 
801 
803 
808 
866 
806 
804 
840 
803 
918 
806 
921 
801 
807 
803 
823 
801 
916 
803 
807 
833 
809 
805 
814 
821 
808 
802 
850 
807 
804 
805 
801 
813 
810 
802 
860 
891 
818 
844 
804 
981 
887 
885 
898 
803 
801 
802 
802 
836 
801 
805 
912 
913 
819 
940 
958 
805 
801 
802 
801 
840 
801 
841 
992 
903 
802 
801 
802 
801 
809 
803 
802 
853 
801 
804 
815 
846 
991 
801 
801 
801 
814 
866 
810 
801 
937 
801 
810 
873 
801 
801 
801 
822 
803 
801 
962 
801 
804 
939 
833 
801 
801 
826 
809 
806 
824 
802 
803 
806 
803 
841 
812 
993 
808 
805 
806 
801 
801 
828 
931 
859 
817 
835 
974 
801 
801 
802 
863 
801 
801 
804 
805 
802 
802 
801 
801 
803 
814 
822 
801 
801 
833 
811 
802 
802 
801 
802 
826 
801 
898 
839 
880 
806 
867 
802 
927 
804 
802 
833 
879 
803 
936 
806 
801 
812 
810 
804 
801 
918 
853 
826 
847 
822 
888 
802 
835 
802 
801 
801 
801 
804 
801 
802 
854 
807 
907 
854 
826 
872 
806 
814 
805 
847 
807 
813 
801 
957 
839 
801 
879 
801 
801 
919 
802 
854 
804 
813 
894 
880 
801 
802 
