[[   0.      0.  ]
 [   2.62   25.54]
 [  24.12 1221.72]
 [   5.06  160.75]
 [  24.23 1214.88]
 [   2.82   33.59]
 [  15.89  767.17]
 [  15.06  708.3 ]
 [  16.4   757.54]
 [  19.55  871.73]
 [   3.54   72.11]
 [   2.08   11.36]
 [   0.      0.  ]
 [   2.64   26.43]
 [   0.      0.  ]
 [  16.81  754.57]
 [   9.6   372.92]
 [   4.29  101.  ]
 [   0.      0.  ]
 [   2.17   13.47]
 [  15.93  707.59]
 [  17.55  850.49]
 [   2.5    23.23]
 [   0.      0.  ]
 [  19.32  913.91]
 [  20.02  961.24]
 [  15.25  705.53]
 [  15.81  755.64]
 [  13.29  609.39]
 [   7.61  243.2 ]
 [  19.93  978.39]
 [  18.35  862.44]
 [  22.11 1116.14]
 [  22.44 1087.66]
 [  14.61  590.59]
 [  14.09  597.71]
 [  14.53  657.21]
 [  17.01  802.54]
 [  20.59  975.44]
 [  20.08  948.23]
 [  19.21  872.15]
 [  13.74  582.19]
 [  19.3   920.86]
 [  17.12  766.11]
 [  11.52  460.8 ]
 [  16.2   715.32]
 [  14.88  661.8 ]
 [  11.75  500.18]
 [  20.44  979.66]
 [  13.96  555.25]
 [  16.12  711.88]
 [  18.07  827.53]
 [  15.56  724.2 ]
 [  19.84  947.24]
 [  12.76  512.78]
 [   9.66  373.35]
 [  15.32  680.73]
 [  11.61  458.2 ]
 [  17.37  799.1 ]
 [  14.88  654.58]
 [  21.2  1039.73]
 [  16.2   741.61]
 [  14.06  606.29]
 [  16.72  751.67]
 [  17.53  812.61]
 [  15.5   676.52]
 [  16.33  735.54]
 [  17.67  820.55]
 [  16.99  784.73]
 [  15.54  694.67]
 [  14.41  625.48]
 [  17.29  800.73]
 [  18.8   894.04]
 [  16.9   767.36]
 [  13.79  594.81]
 [  14.24  610.12]
 [  15.04  654.81]
 [  14.68  634.31]
 [  15.32  669.98]
 [  16.45  750.62]
 [  16.28  738.41]
 [  17.39  802.32]
 [  17.57  814.88]
 [  17.42  803.05]
 [  16.49  747.34]
 [  15.95  714.38]
 [  16.21  726.62]
 [  17.14  786.71]
 [  17.07  776.25]
 [  15.93  711.71]
 [  16.68  756.12]
 [  16.7   755.83]
 [  16.94  770.09]
 [  16.39  738.93]
 [  16.86  767.48]
 [  16.69  757.4 ]
 [  16.7   759.28]
 [  16.84  770.15]
 [  16.79  767.93]
 [  16.86  772.22]]
[[[     0.        0.  ]
  [     0.        0.  ]]

 [[     0.        0.  ]
  [     0.        0.09]]

 [[     0.        0.  ]
  [     0.        0.43]]

 [[    45.51   2530.27]
  [  2530.27 140771.05]]

 [[354410.13 354410.13]
  [354410.13 354410.13]]

 [[     0.19      5.94]
  [     5.94    181.81]]

 [[   113.29   6217.51]
  [  6217.51 341225.39]]

 [[   114.07   6230.11]
  [  6230.11 340294.76]]

 [[    64.96   3427.58]
  [  3427.58 180873.27]]

 [[181551.62 181551.62]
  [181551.62 181551.62]]

 [[    11.39    514.89]
  [   514.89  23290.59]]

 [[     0.        0.01]
  [     0.01      0.36]]

 [[     0.        0.  ]
  [     0.        0.  ]]

 [[     0.        0.  ]
  [     0.        0.15]]

 [[     0.        0.  ]
  [     0.        0.  ]]

 [[    36.32   2083.25]
  [  2083.25 119479.5 ]]

 [[    58.88   3186.42]
  [  3186.42 172756.31]]

 [[    15.37    677.56]
  [   677.56  29866.97]]

 [[     0.        0.  ]
  [     0.        0.  ]]

 [[     0.        0.01]
  [     0.01      0.28]]

 [[    46.54   2425.86]
  [  2425.86 126969.28]]

 [[    73.14   4051.21]
  [  4051.21 224405.73]]

 [[     0.02      0.51]
  [     0.51     15.36]]

 [[     0.        0.  ]
  [     0.        0.  ]]

 [[     0.53     42.18]
  [    42.18   3353.91]]

 [[     0.18      8.8 ]
  [     8.8     435.39]]

 [[    95.88   5356.96]
  [  5356.96 299709.6 ]]

 [[   107.93   5911.2 ]
  [  5911.2  323954.82]]

 [[    82.77   4621.82]
  [  4621.82 258475.76]]

 [[    24.6    1072.49]
  [  1072.49  46754.89]]

 [[    47.04   2707.39]
  [  2707.39 155946.88]]

 [[    35.9    1938.2 ]
  [  1938.2  105702.97]]

 [[     0.75     33.58]
  [    33.58   1496.54]]

 [[     4.29    309.59]
  [   309.59  22380.75]]

 [[    24.06   1371.05]
  [  1371.05  78131.4 ]]

 [[    30.72   1722.83]
  [  1722.83  97830.51]]

 [[    71.43   3941.37]
  [  3941.37 217935.19]]

 [[    57.13   3063.06]
  [  3063.06 165557.49]]

 [[     9.32    619.33]
  [   619.33  41726.03]]

 [[    16.96   1095.26]
  [  1095.26  70928.71]]

 [[     8.2     497.97]
  [   497.97  31304.44]]

 [[    17.74   1048.92]
  [  1048.92  62110.71]]

 [[    28.19   1564.87]
  [  1564.87  87169.62]]

 [[     7.68    430.32]
  [   430.32  24119.5 ]]

 [[    35.11   1929.69]
  [  1929.69 106776.15]]

 [[    13.82    806.51]
  [   806.51  47327.81]]

 [[    42.38   2242.42]
  [  2242.42 119311.2 ]]

 [[    53.45   2755.9 ]
  [  2755.9  142836.33]]

 [[     5.79    386.61]
  [   386.61  26135.17]]

 [[     4.53    263.75]
  [   263.75  15456.25]]

 [[    27.09   1404.19]
  [  1404.19  72984.59]]

 [[    17.48   1070.22]
  [  1070.22  65891.16]]

 [[    85.35   4761.71]
  [  4761.71 266610.6 ]]

 [[    26.04   1583.18]
  [  1583.18  96602.37]]

 [[    29.5    1634.5 ]
  [  1634.5   92122.84]]

 [[    47.89   2499.08]
  [  2499.08 131767.52]]

 [[    45.92   2562.41]
  [  2562.41 145244.44]]

 [[    28.17   1355.37]
  [  1355.37  65875.29]]

 [[    27.34   1619.68]
  [  1619.68  97086.22]]

 [[    42.33   2240.92]
  [  2240.92 120286.78]]

 [[    14.34    886.87]
  [   886.87  54997.92]]

 [[    46.07   2683.58]
  [  2683.58 157788.59]]

 [[    36.57   2082.32]
  [  2082.32 119560.11]]

 [[    27.64   1623.79]
  [  1623.79  96083.54]]

 [[    36.54   2175.45]
  [  2175.45 130948.84]]

 [[    27.15   1660.99]
  [  1660.99 102585.81]]

 [[    25.4    1532.42]
  [  1532.42  93244.27]]

 [[    34.03   1942.48]
  [  1942.48 111910.56]]

 [[    40.7    2303.12]
  [  2303.12 131326.64]]

 [[    42.27   2518.74]
  [  2518.74 150626.64]]

 [[    36.81   2191.92]
  [  2191.92 131070.54]]

 [[    34.4    2075.14]
  [  2075.14 126023.66]]

 [[    29.92   1857.61]
  [  1857.61 115792.36]]

 [[    25.57   1592.76]
  [  1592.76  99596.97]]

 [[    47.49   2697.56]
  [  2697.56 155242.28]]

 [[    29.55   1764.73]
  [  1764.73 106285.44]]

 [[    28.38   1702.89]
  [  1702.89 102894.72]]

 [[    28.77   1687.31]
  [  1687.31  99516.42]]

 [[    27.34   1624.89]
  [  1624.89  97584.13]]

 [[    38.18   2268.99]
  [  2268.99 136512.78]]

 [[    30.97   1930.91]
  [  1930.91 121292.93]]

 [[    26.04   1608.91]
  [  1608.91 100330.42]]

 [[    28.6    1783.31]
  [  1783.31 112112.58]]

 [[    27.92   1707.7 ]
  [  1707.7  105326.36]]

 [[    36.83   2126.92]
  [  2126.92 124262.82]]

 [[    38.72   2271.11]
  [  2271.11 134705.82]]

 [[    35.52   2134.52]
  [  2134.52 129524.01]]

 [[    31.44   1914.31]
  [  1914.31 117609.86]]

 [[    25.41   1569.8 ]
  [  1569.8   97810.69]]

 [[    34.67   2049.42]
  [  2049.42 122554.46]]

 [[    31.65   1910.99]
  [  1910.99 116634.27]]

 [[    29.55   1785.83]
  [  1785.83 108961.3 ]]

 [[    28.41   1710.02]
  [  1710.02 103901.19]]

 [[    30.97   1857.21]
  [  1857.21 112454.09]]

 [[    30.54   1826.68]
  [  1826.68 110339.55]]

 [[    31.64   1904.44]
  [  1904.44 115682.18]]

 [[    32.78   1957.69]
  [  1957.69 118048.99]]

 [[    34.75   2074.35]
  [  2074.35 124961.34]]

 [[    35.87   2134.17]
  [  2134.17 128188.94]]

 [[    36.32   2158.31]
  [  2158.31 129462.65]]]
