69,1,1
69,1,1
58,1,1
57,1,1
57,1,2
57,1,2
56,1,2
56,1,2
56,1,2
56,1,2
36,1,2
95,2,2
94,2,2
93,2,2
12,1,2
12,1,2
12,1,2
12,1,2
12,1,2
12,1,2
8,1,2
8,1,2
91,1,2
4,1,2
4,1,2
100,1,2
20,1,2
11,1,2
45,1,2
45,1,2
92,1,2
100,1,2
7,1,2
7,1,2
7,1,2
20,1,2
20,1,2
20,1,2
20,1,2
20,1,2
47,1,2
47,1,2
11,1,2
11,1,2
11,1,2
11,1,2
92,1,2
91,1,2
90,1,2
90,1,2
90,1,2
90,1,2
86,1,2
85,1,2
85,1,2
85,1,2
93,1,2
75,1,2
75,1,2
75,1,2
75,1,2
75,1,2
100,1,2
6,1,2
6,1,2
6,1,2
6,1,2
6,1,2
100,1,2
28,1,2
28,1,2
28,1,2
23,1,2
23,1,2
23,1,2
100,1,2
9,1,2
69,1,2
68,1,2
4,1,2
100,2,2
99,2,2
4,1,2
100,1,2
99,1,2
98,1,2
97,1,2
100,1,2
99,1,2
98,1,2
97,1,2
84,1,2
100,1,2
18,1,2
18,1,2
18,1,2
18,1,2
18,1,2
100,1,2
43,1,2
100,1,2
99,1,2
11,1,2
11,1,2
11,1,2
100,1,2
99,1,2
98,1,2
2,1,2
2,1,2
86,2,2
86,2,2
85,2,2
14,1,2
14,1,2
14,1,2
32,1,2
30,1,2
100,1,2
29,1,2
29,1,2
8,1,2
8,1,2
8,1,2
8,1,2
8,1,2
8,1,2
100,1,2
99,1,2
98,1,2
23,2,2
22,2,2
100,1,2
99,1,2
100,1,2
100,1,2
99,1,2
99,2,2
99,1,2
98,1,2
76,1,2
80,1,2
80,1,2
80,1,2
79,1,2
93,1,2
92,1,2
91,1,2
91,1,2
90,1,2
90,1,2
53,2,2
53,2,2
53,2,2
37,1,2
37,1,2
63,1,2
63,1,2
62,1,2
62,1,2
62,1,2
62,1,2
100,1,2
99,1,2
98,1,2
97,1,2
100,2,2
99,2,2
98,2,2
97,2,2
100,1,2
99,1,2
98,1,2
97,1,2
96,1,3
95,1,3
95,1,3
94,1,3
97,3,3
96,3,3
87,1,3
100,1,3
77,1,3
76,1,3
100,2,3
99,2,3
100,1,3
100,1,3
75,1,3
75,1,3
4,1,3
4,1,3
4,1,3
4,1,3
100,1,3
99,1,3
98,1,3
97,1,3
100,1,3
99,1,3
100,1,3
99,1,3
98,1,3
97,1,3
96,1,3
21,1,3
21,1,3
51,2,3
100,1,3
99,1,3
99,1,3
99,1,3
98,1,3
27,1,3
27,1,3
27,1,3
100,1,3
99,1,3
98,1,3
100,1,3
65,1,3
6,1,3
6,1,3
6,1,3
6,1,3
6,1,3
100,1,3
99,1,3
100,1,3
99,1,3
100,1,3
99,1,3
98,1,3
100,1,3
99,1,3
98,1,3
97,1,3
96,1,3
100,1,3
95,3,3
100,1,3
99,1,3
98,1,3
97,1,3
97,1,3
96,1,3
95,1,3
100,1,3
99,1,3
98,1,3
97,1,3
96,1,3
56,2,3
56,2,3
55,2,3
55,2,3
17,1,3
17,1,3
17,1,3
17,1,3
17,1,3
100,1,3
99,1,3
98,1,3
100,1,3
99,1,3
98,3,3
100,1,3
99,1,3
98,1,3
98,1,3
97,1,3
97,1,3
100,1,3
100,1,3
99,1,3
98,1,3
99,2,3
99,1,3
98,1,3
97,1,3
96,1,3
95,1,3
100,1,3
100,1,3
99,1,3
98,1,3
97,1,3
96,1,3
79,5,3
100,1,3
29,1,3
29,1,3
100,1,3
100,1,3
99,1,3
98,1,3
97,1,3
96,1,3
95,1,3
94,1,3
100,1,3
99,1,3
98,1,3
97,1,3
96,1,3
95,1,3
94,1,3
93,1,3
91,2,3
91,2,3
90,2,3
100,1,3
99,1,3
98,1,3
98,1,3
100,1,3
99,1,3
100,1,3
99,1,3
98,1,3
97,1,3
97,4,3
96,4,3
95,4,3
100,1,3
99,1,3
98,1,3
97,1,3
96,1,3
95,1,3
87,1,3
100,1,3
99,1,3
100,2,3
98,1,3
100,1,3
99,1,3
98,1,3
27,1,3
27,1,3
27,1,3
27,1,3
100,1,3
99,1,3
98,1,3
97,1,3
56,2,3
100,3,3
100,1,3
99,1,3
100,1,3
100,1,3
99,1,3
98,1,3
97,1,3
96,1,3
95,1,4
95,1,4
94,1,4
100,1,4
99,1,4
53,2,4
100,1,4
99,1,4
98,1,4
98,1,4
97,1,4
100,1,4
99,1,4
98,1,4
97,1,4
100,3,4
97,1,4
99,1,4
98,1,4
97,1,4
100,1,4
100,1,4
99,1,4
98,1,4
99,2,4
98,2,4
100,1,4
100,1,4
99,1,4
100,1,4
99,1,4
98,1,4
97,1,4
100,1,4
99,1,4
100,1,4
99,1,4
98,1,4
97,1,4
97,1,4
96,1,4
96,1,4
95,1,4
94,1,4
93,1,4
92,1,4
90,3,4
89,3,4
88,3,4
88,3,4
87,3,4
87,3,4
100,2,4
100,1,4
99,1,4
100,1,4
99,1,4
98,1,4
97,1,4
97,1,4
96,1,4
95,1,4
94,1,4
93,1,4
94,2,4
93,2,4
92,2,4
91,2,4
91,2,4
90,2,4
100,1,4
99,1,4
98,1,4
97,1,4
96,1,4
96,1,4
95,1,4
100,1,4
99,1,4
98,1,4
100,2,4
99,2,4
98,2,4
100,1,4
99,1,4
94,1,4
93,1,4
100,1,4
99,1,4
98,1,4
83,2,4
82,2,4
81,2,4
81,2,4
80,2,4
79,2,4
78,2,4
78,2,4
100,1,4
99,1,4
98,1,4
97,1,4
96,1,4
96,1,4
95,1,4
94,1,4
100,1,4
99,1,4
97,2,4
68,3,4
68,3,4
98,1,4
97,1,4
96,1,4
96,1,4
31,1,4
100,1,4
95,5,4
94,5,4
57,1,4
56,1,4
56,1,4
100,1,4
100,1,4
99,1,4
98,1,4
98,1,4
97,1,4
96,1,4
95,1,4
95,1,4
94,1,4
94,1,4
100,1,4
99,1,4
65,8,4
90,1,4
37,4,4
37,4,4
100,1,4
99,1,4
100,1,4
99,1,4
98,1,4
97,1,4
100,1,4
100,1,4
100,1,4
99,1,4
98,1,4
97,1,4
96,1,4
96,1,4
95,1,4
94,1,4
94,1,4
93,1,4
92,1,4
92,1,4
91,1,4
91,1,4
100,1,4
99,1,4
98,1,4
97,1,4
97,1,4
100,1,4
99,1,4
100,1,4
99,1,4
97,2,4
88,2,4
88,2,4
87,2,4
85,2,4
85,2,4
100,2,4
99,2,5
98,2,5
97,2,5
96,2,5
95,2,5
100,1,5
100,3,5
99,3,5
100,1,5
99,1,5
98,1,5
97,1,5
96,1,5
100,1,5
99,1,5
98,1,5
97,1,5
96,1,5
95,1,5
94,1,5
89,1,5
88,1,5
88,1,5
88,1,5
87,1,5
87,1,5
86,1,5
86,1,5
85,1,5
100,1,5
99,1,5
98,1,5
100,1,5
99,1,5
98,1,5
97,1,5
96,1,5
87,1,5
100,1,5
99,1,5
98,1,5
97,1,5
96,1,5
95,1,5
94,1,5
94,1,5
93,1,5
92,1,5
91,1,5
90,1,5
89,1,5
100,2,5
88,1,5
87,1,5
87,1,5
86,1,5
86,1,5
85,1,5
85,1,5
100,2,5
99,2,5
98,2,5
84,1,5
100,1,5
99,1,5
98,1,5
97,1,5
96,1,5
95,1,5
94,1,5
100,4,5
99,4,5
100,1,5
99,1,5
98,1,5
97,1,5
96,1,5
100,1,5
99,1,5
94,2,5
93,2,5
100,1,5
99,1,5
98,1,5
100,1,5
99,1,5
98,1,5
100,1,5
85,1,5
100,2,5
99,2,5
98,2,5
100,1,5
83,1,5
82,1,5
82,1,5
86,2,5
85,2,5
84,2,5
100,1,5
75,2,5
100,1,5
99,1,5
100,1,5
86,1,5
100,1,5
99,1,5
98,1,5
97,1,5
100,1,5
99,1,5
98,1,5
100,1,5
99,1,5
98,1,5
72,1,5
72,1,5
71,1,5
70,1,5
100,1,5
99,1,5
100,1,5
83,1,5
100,2,5
99,2,5
100,1,5
99,1,5
98,1,5
97,1,5
96,1,5
96,1,5
95,1,5
94,1,5
94,1,5
93,1,5
92,1,5
92,1,5
100,1,5
99,1,5
100,1,5
99,1,5
93,2,5
92,2,5
100,2,5
99,2,5
98,2,5
90,2,5
90,2,5
90,2,5
89,2,5
100,3,5
100,1,5
100,1,5
99,1,5
98,1,5
97,1,5
100,1,5
99,1,6
98,1,6
97,1,6
96,1,6
95,1,6
94,1,6
100,1,6
100,1,6
99,1,6
100,1,6
99,1,6
100,1,6
99,1,6
98,1,6
97,1,6
96,1,6
95,1,6
94,1,6
93,1,6
93,1,6
92,1,6
100,1,6
99,1,6
98,1,6
97,1,6
100,2,6
99,2,6
98,2,6
98,2,6
97,2,6
93,1,6
92,1,6
91,1,6
91,1,6
90,1,6
89,1,6
100,1,6
99,1,6
100,1,6
99,1,6
98,1,6
98,1,6
98,1,6
97,1,6
96,1,6
91,3,6
100,4,6
99,4,6
100,1,6
99,1,6
98,1,6
97,1,6
96,1,6
95,1,6
87,3,6
100,2,6
99,2,6
98,2,6
100,1,6
99,1,6
98,1,6
97,1,6
96,1,6
95,1,6
94,1,6
94,1,6
100,1,6
99,1,6
98,1,6
97,1,6
96,1,6
95,1,6
94,1,6
100,1,6
99,1,6
98,1,6
97,1,6
96,1,6
100,1,6
99,1,6
98,1,6
100,1,6
99,1,6
73,3,6
72,3,6
71,3,6
70,3,6
69,3,6
68,3,6
67,3,6
67,3,6
67,3,6
67,3,6
66,3,6
66,3,6
66,3,6
65,3,6
64,3,6
64,3,6
64,3,6
64,3,6
63,3,6
63,3,6
63,3,6
63,3,6
63,3,6
63,3,6
55,2,6
55,2,6
54,2,6
100,1,6
99,1,6
98,1,6
67,1,6
100,1,6
99,1,6
98,1,6
97,1,6
96,1,6
95,1,6
94,1,6
100,1,6
99,1,6
98,1,6
97,1,6
96,1,6
95,1,6
94,1,6
93,1,6
92,1,6
91,1,7
90,1,7
89,1,7
90,3,7
89,3,7
88,3,7
87,3,7
86,3,7
85,3,7
84,3,7
84,3,7
93,1,7
100,1,7
100,1,7
100,1,7
99,1,7
98,1,7
100,2,7
99,2,7
100,1,7
99,1,7
100,1,7
99,1,7
98,1,7
97,1,7
96,1,7
95,1,7
94,1,7
95,2,7
94,2,7
93,2,7
92,2,7
91,2,7
90,2,7
86,1,7
85,1,7
84,1,7
83,1,7
72,2,7
71,2,7
71,2,7
71,2,7
71,2,7
70,2,7
70,2,7
70,2,7
70,2,7
70,2,7
76,2,7
78,1,7
77,1,7
100,1,7
99,1,7
98,1,7
97,1,7
96,1,7
95,1,7
94,1,7
94,1,7
94,1,7
94,1,7
93,1,7
92,1,7
98,2,7
97,2,7
96,2,7
100,2,7
99,2,7
98,2,7
100,1,7
99,1,7
98,1,7
97,1,7
96,1,7
95,1,7
94,1,7
93,1,7
92,1,7
100,1,7
99,1,7
98,1,7
97,1,7
89,3,7
88,3,7
87,3,7
87,3,7
86,3,7
100,1,7
99,1,7
98,1,7
97,1,7
96,1,7
95,1,7
94,1,7
93,1,7
93,1,7
92,1,7
91,1,7
90,1,7
89,1,7
99,3,7
98,3,7
97,3,7
96,3,7
71,2,7
71,2,7
71,2,7
70,2,7
70,2,7
69,2,7
79,2,7
79,2,7
100,1,7
99,1,7
92,2,7
100,1,7
99,1,7
81,2,7
81,2,7
100,1,7
48,3,7
73,3,7
70,2,7
70,2,7
69,2,7
69,2,7
69,2,7
100,1,7
100,1,7
99,1,7
98,1,7
85,1,7
85,1,7
84,1,7
83,1,7
82,1,7
81,1,7
100,2,7
81,1,7
80,1,7
79,1,7
100,1,7
99,1,7
98,1,7
97,1,7
96,1,7
95,1,7
100,1,7
99,1,7
98,1,7
97,1,7
96,1,7
95,1,7
94,1,7
93,1,7
92,1,7
92,1,7
92,1,8
92,1,8
100,1,8
99,1,8
63,2,8
63,2,8
63,2,8
62,2,8
71,3,8
70,3,8
17,2,8
17,2,8
100,1,8
100,1,8
96,1,8
95,1,8
79,6,8
78,6,8
78,6,8
78,6,8
77,6,8
76,6,8
75,6,8
74,6,8
74,6,8
74,6,8
47,1,8
100,1,8
99,1,8
46,4,8
100,1,8
99,1,8
98,1,8
97,1,8
97,1,8
56,1,8
55,1,8
46,1,8
46,1,8
45,1,8
45,1,8
45,2,8
45,2,8
45,2,8
45,2,8
45,2,8
45,2,8
45,2,8
45,2,8
45,2,8
100,1,8
99,1,8
100,1,8
99,1,8
98,1,8
97,1,8
100,1,8
99,1,8
98,1,8
97,1,8
45,1,8
45,1,8
45,1,8
45,1,8
100,2,8
99,2,8
98,2,8
97,2,8
100,1,8
99,1,8
100,1,8
44,1,8
100,1,8
99,1,8
98,1,8
97,1,8
96,1,8
96,1,8
95,1,8
100,1,8
99,1,8
100,1,8
99,1,8
98,1,8
97,1,8
100,1,8
99,1,8
98,1,8
100,1,8
99,1,8
98,1,8
90,5,8
100,2,8
99,2,8
98,2,8
100,1,8
100,1,8
99,1,8
98,1,8
100,1,8
86,5,8
86,5,8
86,5,8
86,5,8
86,5,8
100,1,8
99,1,8
100,1,8
99,1,8
98,1,8
100,1,8
99,1,8
100,1,8
99,1,8
100,1,8
99,1,8
98,1,8
97,1,8
96,1,8
100,1,8
99,1,8
98,1,8
97,1,8
96,1,8
100,1,8
100,1,8
99,1,8
98,1,8
97,1,8
99,6,8
100,1,8
99,1,8
100,1,8
100,1,8
99,1,8
98,1,8
100,1,8
100,1,8
99,1,8
98,1,8
97,1,8
97,1,8
100,1,8
99,1,8
98,1,8
97,1,8
36,10,8
100,1,8
99,1,8
98,1,8
97,1,8
96,1,8
96,1,8
95,1,8
94,1,8
100,1,8
99,1,8
98,1,8
98,4,8
97,4,8
96,4,8
95,4,8
94,4,8
93,4,8
100,1,8
99,1,8
100,1,8
99,1,8
98,1,8
98,1,8
97,1,8
96,1,8
95,1,8
94,1,8
94,1,8
42,1,8
42,1,8
42,1,8
16,3,8
16,3,8
100,1,8
99,1,8
100,2,8
99,2,8
97,1,8
96,1,8
95,1,8
94,1,8
94,2,8
93,2,8
92,2,8
91,2,8
100,1,8
99,1,8
98,1,8
97,1,8
100,1,8
99,1,8
94,3,8
93,3,8
98,1,8
97,1,8
96,1,8
95,1,8
94,1,9
93,1,9
100,1,9
99,1,9
98,1,9
97,1,9
100,1,9
82,1,9
100,4,9
100,3,9
99,3,9
98,3,9
97,3,9
96,4,9
99,1,9
100,1,9
99,1,9
98,1,9
97,1,9
96,1,9
100,1,9
100,1,9
100,7,9
99,7,9
100,1,9
100,2,9
99,1,9
98,1,9
97,1,9
95,1,9
94,1,9
75,1,9
75,1,9
75,1,9
100,1,9
99,1,9
76,3,9
76,3,9
100,1,9
52,2,9
100,1,9
99,1,9
98,1,9
97,1,9
96,1,9
95,1,9
95,1,9
96,2,9
97,5,9
96,5,9
95,5,9
94,5,9
93,5,9
100,1,9
99,1,9
98,1,9
97,1,9
96,1,9
95,1,9
95,1,9
90,1,9
90,1,9
88,4,9
87,4,9
87,4,9
86,4,9
100,1,9
100,1,9
99,1,9
98,1,9
100,1,9
100,2,9
99,2,9
98,2,9
100,1,9
99,1,9
96,1,9
95,1,9
94,1,9
93,1,9
92,1,9
98,5,9
97,5,9
96,5,9
96,5,9
96,5,9
95,5,9
100,2,9
99,2,9
98,2,9
97,2,9
96,2,9
95,2,9
94,2,9
94,2,9
93,2,9
93,2,9
92,2,9
92,2,9
98,3,9
100,1,9
99,1,9
100,1,9
87,5,9
87,5,9
86,5,9
86,5,9
86,5,9
79,5,9
78,5,9
78,5,9
77,5,9
77,5,9
77,5,9
77,5,9
76,5,9
75,5,9
100,1,9
99,1,9
98,1,9
97,1,9
96,1,9
95,1,9
94,1,9
100,1,9
99,1,9
98,1,9
97,1,9
96,1,9
95,1,9
94,1,9
100,2,9
100,1,9
99,1,9
98,1,9
97,1,9
96,1,9
95,1,9
94,1,9
94,1,9
93,1,9
92,1,9
91,1,9
90,1,9
84,1,9
84,1,9
83,1,9
100,6,9
82,1,9
81,1,9
81,1,9
80,1,9
80,1,9
79,1,9
78,1,9
78,1,9
100,2,9
99,2,9
100,1,9
99,1,9
98,1,9
97,1,9
96,1,9
95,1,9
94,1,9
100,1,9
99,1,9
98,1,9
99,2,9
98,2,9
97,2,9
96,2,9
95,2,9
94,2,9
93,2,9
92,2,9
92,1,9
91,1,9
91,1,9
90,1,9
100,1,9
92,5,9
92,5,9
62,1,9
62,1,9
62,1,9
61,1,9
100,1,9
100,1,9
84,6,9
71,1,9
71,1,9
71,1,9
100,2,9
100,1,9
100,1,9
99,1,9
100,1,9
100,1,9
99,1,9
98,1,9
99,2,9
100,2,9
99,2,9
98,2,9
100,1,9
99,1,9
100,1,9
99,1,9
100,1,9
100,1,9
99,1,9
98,1,9
100,2,10
99,2,10
96,1,10
95,1,10
98,1,10
100,2,10
99,2,10
99,2,10
100,1,10
99,1,10
98,1,10
98,1,10
97,1,10
96,1,10
95,1,10
95,1,10
94,1,10
93,1,10
93,1,10
92,1,10
91,1,10
91,1,10
90,1,10
90,1,10
89,1,10
100,1,10
99,1,10
86,1,10
85,1,10
79,2,10
78,2,10
77,2,10
77,2,10
76,2,10
76,2,10
76,2,10
75,2,10
75,2,10
74,2,10
73,2,10
73,2,10
100,1,10
99,1,10
98,1,10
97,1,10
96,1,10
97,2,10
96,2,10
96,2,10
85,1,10
100,1,10
99,1,10
99,1,10
98,1,10
98,1,10
97,1,10
100,1,10
99,1,10
98,1,10
100,1,10
100,1,10
99,1,10
98,1,10
97,1,10
100,1,10
99,1,10
98,1,10
95,2,10
100,1,10
99,1,10
98,1,10
97,1,10
96,1,10
95,1,10
94,1,10
94,1,10
93,1,10
93,1,10
100,1,10
99,1,10
98,1,10
97,1,10
96,1,10
95,1,10
94,3,10
100,1,10
100,1,10
99,1,10
98,1,10
97,1,10
96,1,10
100,1,10
100,1,10
99,1,10
98,1,10
97,1,10
96,1,10
96,1,10
95,1,10
94,1,10
93,1,10
93,1,10
100,1,10
99,1,10
100,3,10
99,3,10
98,3,10
96,1,10
95,1,10
94,1,10
93,1,10
92,1,10
91,1,10
100,1,10
99,1,10
98,1,10
97,1,10
97,2,10
96,2,10
95,2,10
95,2,10
94,2,10
93,2,10
92,2,10
91,2,10
90,2,10
90,2,10
89,2,10
93,3,10
84,1,10
84,1,10
90,1,10
90,1,10
90,1,10
89,1,10
88,1,10
87,1,10
81,2,10
80,2,10
79,2,10
79,2,10
78,2,10
77,2,11
100,1,10
99,1,11
67,3,11
100,1,10
75,3,10
74,3,10
74,3,11
100,2,11
99,2,11
100,1,11
100,1,11
99,1,11
99,1,11
98,1,11
99,4,11
100,1,11
100,1,11
99,1,11
100,1,11
100,1,11
99,1,11
98,1,11
97,1,11
96,1,11
69,3,11
89,1,11
88,1,11
100,1,11
77,5,11
36,1,11
36,1,11
36,1,11
35,1,11
100,1,11
99,1,11
98,1,11
97,1,11
100,1,11
100,2,11
99,2,11
98,2,11
97,1,11
100,1,11
99,1,11
98,1,11
100,1,11
100,1,11
99,1,11
100,1,11
99,1,11
98,1,11
97,1,11
96,1,11
95,1,11
94,1,11
93,1,11
92,1,11
91,1,11
90,1,11
89,1,11
96,2,11
100,1,11
100,2,11
99,2,11
100,1,11
99,1,11
98,1,11
97,1,11
100,1,11
99,1,11
100,3,11
99,3,11
100,1,11
99,1,11
98,1,11
97,1,11
96,1,11
95,1,11
94,1,11
97,2,11
91,1,11
87,1,11
87,1,11
87,1,11
100,1,11
99,1,11
98,1,11
97,1,11
96,1,11
95,1,11
94,1,11
92,1,11
91,1,11
98,1,11
97,1,11
96,1,11
95,1,11
94,1,11
93,1,11
92,1,11
91,1,11
74,4,11
88,16,11
87,16,11
87,16,11
96,1,11
100,1,11
100,1,11
99,1,11
98,1,11
97,1,11
96,1,11
95,1,11
94,1,11
100,1,11
100,1,11
99,1,11
98,1,11
97,1,11
97,1,11
100,1,11
99,1,11
98,1,11
97,1,11
96,1,11
95,1,11
94,1,11
93,1,11
100,1,11
99,1,11
98,1,11
98,1,11
98,1,11
97,1,11
100,1,11
99,1,11
98,4,11
97,4,11
100,1,11
94,2,11
94,2,11
94,2,11
94,2,11
93,2,11
92,2,11
92,2,11
94,1,11
93,1,11
98,1,11
100,1,11
99,1,11
98,1,11
97,1,11
96,1,11
100,1,11
100,1,11
99,1,11
98,1,11
77,1,11
76,1,11
75,1,11
75,1,11
75,1,11
100,1,11
100,1,11
100,1,11
100,1,11
99,1,11
98,1,11
97,1,11
100,1,11
70,2,11
70,2,11
70,2,11
100,1,11
99,1,11
98,1,11
97,1,11
100,1,11
99,1,11
98,1,11
52,6,11
100,1,11
99,1,11
98,1,11
97,1,11
96,1,11
95,1,11
94,1,11
93,1,11
92,1,11
92,1,11
91,1,11
91,1,11
90,1,11
90,1,11
90,1,11
89,1,11
88,1,11
87,1,11
77,9,11
76,9,11
76,1,11
100,2,11
75,1,11
74,1,11
76,2,11
75,2,11
75,2,11
75,2,11
100,4,11
99,4,11
100,1,11
100,1,11
99,1,11
98,1,11
100,2,11
99,2,11
98,2,11
97,2,11
96,2,11
95,2,11
94,2,11
93,2,11
91,1,11
90,1,11
89,1,11
88,1,11
88,1,11
87,1,12
87,1,12
89,2,12
89,2,12
88,2,12
87,2,12
86,2,12
100,1,12
99,1,12
98,1,12
97,1,12
93,1,12
93,1,12
98,1,12
97,1,12
96,3,12
96,3,12
95,3,12
100,1,12
99,1,12
98,1,12
97,1,12
96,1,12
96,1,12
94,1,12
93,1,12
92,1,12
100,1,12
99,1,12
100,4,12
100,3,12
99,3,12
98,3,12
97,4,12
96,4,12
100,1,12
99,1,12
98,1,12
97,1,12
96,1,12
95,1,12
94,1,12
90,1,12
89,1,12
89,1,12
88,1,12
87,1,12
100,1,12
100,1,12
99,1,12
98,1,12
97,1,12
96,1,12
95,1,12
95,1,12
94,1,12
94,1,12
93,1,12
92,1,12
91,1,12
90,1,12
76,1,12
76,1,12
76,1,12
76,1,12
75,1,12
100,2,12
99,2,12
74,1,12
73,1,12
72,1,12
72,1,12
71,1,12
100,2,12
99,2,12
98,2,12
97,2,12
97,2,12
97,2,12
96,2,12
95,2,12
100,2,12
99,2,12
93,2,12
92,2,12
91,2,12
90,2,12
89,2,12
88,2,12
91,3,12
90,3,12
89,3,12
89,3,12
89,3,12
88,3,12
88,3,12
87,3,12
100,1,12
99,1,12
98,1,12
97,1,12
96,1,12
100,1,12
99,1,12
98,1,12
98,1,12
97,1,12
96,1,12
96,1,12
95,1,12
94,1,12
94,1,12
93,1,12
92,1,12
91,1,12
91,1,12
91,1,12
91,1,12
91,1,12
90,1,12
90,1,12
89,1,12
83,1,12
83,1,12
100,2,12
100,1,12
99,1,12
100,1,12
99,1,12
98,1,12
82,1,12
82,1,12
100,1,12
99,1,12
98,1,12
97,1,12
96,1,12
95,1,12
94,1,13
93,1,13
92,1,13
91,1,13
100,1,13
87,1,13
87,1,13
87,1,13
86,1,13
85,1,13
85,1,13
85,1,13
91,4,13
91,4,13
91,4,13
79,7,13
99,1,13
98,1,13
100,1,13
99,1,13
98,1,13
97,1,13
100,1,13
99,1,13
98,1,13
97,1,13
96,1,13
95,1,13
95,1,13
94,1,13
93,1,13
92,1,13
92,1,13
91,1,13
90,1,13
100,1,13
99,1,13
98,1,13
97,1,13
96,1,13
96,1,13
100,1,13
100,1,13
99,1,13
98,1,13
97,1,13
96,1,13
100,1,13
100,1,13
100,1,13
99,1,13
100,1,13
89,3,13
100,2,13
99,2,13
87,3,13
97,1,13
96,1,13
95,1,13
93,3,13
92,3,13
100,4,13
99,4,13
98,4,13
97,4,13
96,4,13
100,2,13
95,4,13
100,1,13
99,1,13
98,1,13
100,1,13
100,2,13
99,2,13
98,2,13
97,1,13
96,1,13
95,1,13
80,3,13
79,3,13
83,8,13
83,8,13
83,8,13
82,8,13
100,1,13
100,1,13
99,1,13
98,1,13
99,2,13
98,2,13
97,2,13
96,2,13
95,2,13
94,2,13
99,4,13
98,4,13
97,4,13
97,1,13
96,1,13
95,1,13
94,1,13
93,1,13
100,5,13
99,5,13
98,5,13
98,5,13
97,5,13
96,5,13
95,5,13
94,5,13
99,2,13
98,2,13
100,1,13
100,1,13
100,1,13
99,1,13
98,1,13
100,1,13
100,1,13
84,1,13
83,1,13
88,5,13
88,5,13
100,1,13
99,1,13
100,1,13
99,1,13
79,2,13
100,1,13
99,1,13
98,1,13
97,1,13
96,1,13
100,1,13
99,1,13
98,1,13
100,1,13
99,1,13
99,1,13
98,1,13
97,1,13
97,1,13
96,1,13
96,2,13
100,1,13
99,1,13
98,1,13
97,1,13
96,1,13
95,1,13
94,1,13
94,1,13
93,1,13
92,1,13
92,1,13
92,1,13
100,1,13
99,1,13
98,1,13
97,1,13
96,1,13
96,1,13
91,2,13
96,5,13
100,1,13
99,1,13
98,1,13
97,1,13
96,1,13
95,1,13
91,2,13
91,2,13
98,1,13
98,1,13
98,1,13
97,1,13
96,1,13
95,1,13
93,2,13
93,2,13
93,2,13
100,1,13
99,1,13
98,1,13
97,1,13
96,1,13
95,1,13
94,1,13
93,1,13
78,11,13
77,11,13
100,1,13
99,1,13
98,1,13
82,1,13
82,1,13
81,1,13
80,1,13
79,1,13
86,2,13
85,2,13
84,2,13
100,1,13
99,1,13
98,1,13
97,1,13
100,1,13
99,1,13
99,1,13
98,1,13
97,1,13
96,1,13
100,1,13
99,1,13
99,1,13
98,1,13
98,1,13
100,1,13
69,6,13
68,6,13
100,3,13
99,3,14
66,6,13
100,7,13
99,7,14
64,6,13
78,3,13
77,3,13
76,3,13
76,3,13
100,1,13
99,1,13
98,1,13
97,1,13
96,1,13
100,1,13
99,1,13
98,1,13
97,1,13
96,1,13
100,1,13
100,1,13
92,4,13
91,4,13
98,1,13
100,5,13
100,1,13
100,1,13
99,1,13
98,1,13
98,1,13
97,1,13
97,1,13
96,1,13
96,1,14
96,2,14
95,2,14
94,2,14
93,2,14
90,1,14
100,2,14
99,2,14
98,2,14
98,2,14
97,2,14
100,1,14
100,1,14
99,1,14
98,1,14
85,1,14
84,1,14
84,1,14
84,1,14
83,1,14
82,1,14
82,1,14
82,1,14
81,1,14
80,1,14
81,1,14
81,1,14
81,1,14
81,1,14
81,1,14
80,1,14
79,1,14
100,1,14
99,1,14
81,2,14
80,2,14
79,2,14
100,1,14
99,1,14
99,1,14
98,1,14
89,2,14
89,2,14
100,1,14
99,1,14
98,1,14
97,1,14
86,2,14
100,1,14
99,1,14
100,4,14
99,4,14
98,4,14
97,4,14
96,4,14
95,4,14
100,1,14
100,1,14
99,1,14
99,1,14
98,1,14
97,1,14
96,1,14
96,1,14
100,1,14
99,1,14
98,1,14
97,1,14
96,1,14
100,1,14
100,1,14
99,1,14
98,1,14
97,1,14
96,1,14
92,2,14
91,2,14
90,2,14
89,2,14
100,1,14
99,1,14
92,2,14
91,2,14
90,2,14
89,2,14
88,2,14
87,2,14
87,2,14
87,2,14
100,1,14
99,1,14
98,1,14
97,1,14
96,1,14
88,2,14
87,2,14
86,2,14
100,2,14
99,2,14
98,2,14
97,2,14
96,2,14
95,2,14
94,2,14
93,2,14
92,2,14
91,2,14
90,2,14
100,2,14
89,2,14
88,2,14
87,2,14
86,2,14
88,4,14
100,2,14
87,4,14
86,4,14
100,1,14
99,1,14
100,1,14
99,1,14
98,1,14
95,1,14
94,1,14
93,1,14
92,1,14
91,1,14
90,1,14
81,2,14
81,2,14
80,2,14
100,1,14
99,1,14
98,1,14
97,1,14
96,1,14
95,1,14
95,1,14
65,2,14
65,2,14
65,2,14
64,2,14
67,2,14
66,2,14
66,2,14
66,2,14
66,2,14
90,4,14
89,4,14
100,2,14
99,2,14
98,2,14
97,2,14
96,2,15
85,4,14
85,4,15
54,1,14
100,1,14
100,1,14
99,1,14
100,1,14
99,1,14
98,1,15
97,1,15
58,1,15
57,1,15
57,1,15
56,1,15
56,1,15
55,1,15
55,1,15
100,1,15
100,1,15
99,1,15
98,1,15
97,1,15
96,1,15
86,1,15
100,2,15
99,2,15
98,2,15
100,1,15
99,1,15
99,1,15
99,1,15
98,1,15
97,1,15
97,1,15
96,1,15
100,1,15
99,1,15
99,1,15
98,1,15
98,1,15
97,1,15
100,1,15
99,1,15
98,1,15
97,1,15
96,1,15
96,1,15
95,1,15
94,1,15
93,1,15
93,1,15
92,5,15
91,2,15
100,1,15
99,1,15
98,1,15
97,1,15
96,1,15
94,1,15
93,1,15
92,1,15
91,1,15
100,1,15
100,3,15
99,3,15
98,3,15
97,3,15
96,3,15
96,3,15
95,3,15
94,3,15
93,3,15
92,3,15
92,3,15
92,3,15
91,3,15
90,3,15
89,3,15
88,3,15
87,1,15
86,1,15
85,1,15
62,1,15
62,1,15
62,1,15
40,1,15
40,1,15
40,1,15
39,1,15
100,1,15
99,1,15
98,1,15
97,1,15
96,1,15
95,1,15
94,1,15
100,10,15
99,10,15
98,10,15
99,3,15
100,1,15
99,1,15
99,1,15
91,1,15
91,1,15
100,1,15
99,1,15
98,1,15
97,1,15
97,1,15
96,1,15
95,1,15
100,1,15
99,1,15
99,1,15
98,1,15
97,1,15
97,1,15
96,1,15
96,1,15
95,1,15
94,1,15
94,1,15
87,2,15
86,2,15
100,1,15
95,3,15
94,3,15
93,3,15
100,1,15
99,1,15
98,1,15
97,1,15
96,1,15
96,1,15
95,1,15
94,1,15
100,1,15
99,1,15
91,1,15
90,1,15
83,4,15
66,2,15
66,2,15
66,2,15
86,1,15
85,1,15
100,1,15
100,1,15
99,1,15
100,1,15
99,1,15
98,1,15
97,1,15
96,1,15
100,1,15
99,1,15
100,1,15
99,1,15
98,1,15
30,8,15
100,2,15
99,2,15
100,1,15
99,1,15
100,1,15
99,1,15
98,1,15
97,1,15
97,1,15
100,1,15
99,1,15
98,1,15
96,9,15
95,9,15
94,9,16
94,9,16
93,9,16
100,2,16
99,2,16
99,2,16
98,2,16
97,2,16
100,2,16
100,2,16
99,2,16
98,2,16
97,2,16
96,2,16
95,2,16
94,2,16
94,2,16
93,2,16
92,2,16
92,2,16
91,2,16
90,2,16
90,2,16
90,2,16
89,2,16
100,2,16
99,2,16
98,2,16
97,2,16
96,2,16
95,2,16
94,2,16
93,2,16
92,2,16
91,2,16
100,1,16
99,1,16
98,1,16
97,1,16
80,2,16
99,1,16
100,2,16
99,2,16
98,2,16
97,2,16
96,2,16
94,1,16
93,1,16
75,2,16
100,1,16
99,1,16
89,3,16
88,3,16
87,3,16
86,3,16
85,3,16
84,3,16
84,3,16
83,3,16
83,3,16
82,3,16
81,3,16
80,3,16
79,3,16
79,3,16
79,3,16
79,3,16
100,1,16
99,1,16
98,1,16
97,1,16
96,1,16
64,9,16
63,9,16
63,9,16
100,2,16
99,2,16
98,2,16
97,2,16
96,2,16
96,2,16
100,1,16
99,1,16
98,1,16
100,1,16
100,1,16
60,9,16
60,9,16
60,9,16
59,9,16
58,9,16
57,9,16
57,9,16
57,9,16
56,9,16
55,9,16
55,9,16
55,9,16
55,9,16
55,9,16
65,4,16
65,4,16
64,4,16
18,8,16
98,2,16
100,1,16
100,2,16
99,2,16
98,2,16
97,2,16
96,2,16
96,2,16
96,2,16
95,2,16
100,1,16
99,1,16
98,1,16
97,1,16
96,1,16
95,1,16
90,1,16
94,9,16
100,1,16
99,1,16
98,1,16
97,1,16
100,1,16
99,1,16
98,1,16
50,3,16
50,3,16
50,3,16
50,3,16
50,3,16
50,3,16
100,1,16
99,1,16
98,1,16
100,1,16
99,1,16
98,1,16
97,1,16
97,1,16
96,1,16
100,1,16
11,4,16
100,1,16
100,1,16
99,1,16
100,1,16
100,1,16
99,1,16
98,1,16
97,1,16
96,1,16
95,1,16
100,3,16
99,3,16
98,3,16
97,3,16
100,1,16
99,1,16
98,1,16
97,1,16
96,1,16
100,1,16
99,1,16
98,1,16
98,2,16
97,2,16
100,1,16
98,1,16
100,2,16
99,2,16
98,2,16
97,2,16
96,2,16
100,4,16
95,2,16
100,1,16
99,1,16
98,1,16
97,1,16
97,1,16
97,1,16
96,1,16
96,1,16
96,1,17
95,1,17
100,2,17
99,2,17
99,2,17
98,2,17
97,2,17
96,2,17
100,1,17
99,1,17
98,1,17
97,1,17
96,1,17
100,2,17
95,1,17
87,1,17
87,1,17
86,1,17
85,1,17
84,1,17
84,1,17
84,1,17
92,1,17
92,1,17
100,2,17
99,2,17
100,1,17
99,1,17
90,1,17
77,1,17
76,1,17
100,1,17
99,1,17
98,1,17
97,1,17
100,1,17
99,1,17
98,1,17
97,1,17
96,1,17
99,3,17
98,3,17
97,3,17
100,5,17
99,5,17
95,3,17
94,3,17
93,3,17
92,3,17
91,3,17
90,3,17
67,1,17
67,1,17
67,1,17
84,1,17
83,1,17
83,1,17
82,1,17
82,1,17
82,1,17
64,9,17
100,1,17
99,1,17
98,1,17
97,1,17
96,1,17
100,1,17
99,1,17
94,1,17
93,1,17
59,1,17
59,1,17
58,1,17
58,1,17
58,1,17
58,1,17
100,1,17
100,1,17
99,1,17
98,1,17
97,1,17
96,1,17
95,1,17
94,1,17
93,1,17
92,1,17
100,1,17
99,1,17
98,1,17
98,1,17
97,1,17
96,1,17
100,1,17
99,1,17
98,1,17
97,1,17
97,1,17
97,1,17
72,1,17
71,1,17
100,1,17
100,1,17
99,1,17
98,1,17
98,1,17
97,1,17
97,1,17
96,1,17
92,23,17
91,23,17
90,23,17
89,23,17
88,23,17
87,23,17
88,1,17
87,1,17
86,1,17
100,1,17
100,1,17
99,1,17
98,1,17
97,1,17
97,1,17
96,1,17
96,1,17
95,1,17
95,1,17
100,1,17
99,1,17
98,1,17
97,1,17
96,1,17
95,1,17
94,1,17
93,1,17
93,1,17
92,1,17
92,1,17
92,1,17
91,1,17
90,1,17
100,1,17
99,1,17
98,1,17
90,2,17
89,2,17
88,2,17
88,2,17
87,2,17
87,2,17
86,2,17
86,2,17
85,2,17
100,2,17
99,2,17
100,1,17
99,1,17
98,1,17
99,2,17
98,2,17
97,2,17
96,2,17
95,2,17
94,2,17
94,2,17
93,2,17
92,2,17
91,2,17
90,2,17
89,2,17
100,1,17
99,1,17
100,1,17
99,1,17
98,1,17
100,1,17
99,1,17
98,1,17
100,1,17
100,1,17
100,1,17
99,1,18
98,1,18
97,1,18
97,1,18
96,1,18
100,15,18
100,1,17
99,1,17
100,1,17
99,1,17
98,1,17
97,1,17
93,1,17
92,1,17
91,1,17
97,1,17
96,1,17
95,1,17
94,1,18
94,1,18
100,2,18
100,1,18
99,1,18
100,1,18
99,1,18
98,1,18
90,1,18
89,1,18
89,1,18
88,1,18
100,1,18
99,1,18
98,1,18
97,1,18
100,1,18
99,1,18
98,1,18
98,6,18
97,6,18
97,6,18
98,1,18
97,1,18
97,1,18
96,1,18
95,1,18
60,2,18
59,2,18
59,2,18
58,2,18
58,2,18
57,2,18
57,2,18
57,2,18
100,1,18
99,1,18
100,1,18
100,1,18
99,1,18
98,1,18
100,2,18
100,1,18
99,1,18
100,1,18
99,1,18
100,7,18
98,1,18
97,1,18
96,1,18
95,1,18
94,1,18
93,1,18
93,1,18
92,1,18
92,12,18
92,12,18
100,1,18
99,1,18
98,1,18
97,1,18
100,1,18
99,1,18
98,1,18
97,1,18
96,1,18
96,1,18
96,1,18
96,1,18
95,1,18
100,2,18
99,2,18
93,1,18
92,1,18
91,1,18
97,1,18
96,1,18
100,1,18
99,1,18
86,1,18
86,1,18
85,1,18
84,1,18
84,1,18
84,1,18
84,1,18
84,1,18
100,1,18
99,1,18
98,1,18
97,1,18
96,1,18
95,1,18
94,1,18
100,2,18
100,1,18
93,1,18
92,1,18
91,1,18
100,1,18
94,2,18
93,2,18
100,2,18
100,1,18
92,2,18
91,2,18
90,2,18
81,3,18
81,3,18
72,14,18
72,14,18
100,1,18
99,1,18
92,1,18
91,1,18
90,1,18
89,1,18
100,1,18
99,1,18
99,1,18
98,1,18
97,1,18
97,1,18
84,1,18
83,1,18
100,9,18
99,9,18
98,9,18
100,1,18
99,1,18
98,1,18
97,1,18
96,1,18
95,1,18
94,1,18
76,1,18
76,1,18
75,1,18
74,1,18
57,1,18
56,1,18
100,2,18
99,2,18
98,2,18
97,2,18
96,2,18
95,2,18
94,2,18
94,2,18
93,2,18
93,2,18
92,2,18
53,1,18
52,1,18
51,1,18
50,1,18
62,8,18
95,1,18
94,1,18
93,1,18
92,1,18
100,2,18
99,2,18
90,1,18
89,1,18
88,1,18
88,1,18
96,1,18
95,1,18
94,1,18
93,1,18
100,2,18
99,2,18
98,2,18
97,2,18
97,2,18
96,2,18
96,2,18
95,2,18
95,2,18
95,2,18
100,1,18
99,1,18
98,1,18
97,1,18
100,3,18
99,3,18
98,3,18
94,1,18
93,1,18
92,1,18
91,1,18
90,1,18
90,1,18
95,1,18
100,2,18
99,2,18
100,1,18
99,1,18
98,1,18
97,1,18
96,1,18
95,1,18
94,1,18
94,1,18
89,1,18
89,1,18
89,1,18
89,1,18
89,1,18
89,1,18
88,1,18
100,1,18
99,1,19
98,1,19
97,1,19
96,1,19
96,1,19
95,1,19
95,1,19
94,1,19
93,1,19
100,10,19
99,10,19
100,1,19
100,2,19
99,1,19
99,1,19
98,1,19
100,1,19
99,1,19
97,1,19
96,1,19
100,1,19
99,1,19
98,1,19
97,1,19
100,1,19
99,1,19
98,1,19
97,1,19
100,1,19
99,1,19
91,1,19
90,1,19
89,1,19
88,1,19
100,2,19
87,1,19
87,1,19
87,1,19
87,1,19
100,1,19
99,1,19
93,1,19
93,1,19
92,1,19
91,1,19
90,1,19
100,1,19
99,1,19
99,7,19
98,7,19
97,7,19
97,7,19
96,7,19
100,1,19
99,1,19
98,1,19
97,1,19
96,1,19
95,1,19
94,1,19
93,1,19
92,1,19
91,1,19
90,1,19
90,1,19
95,2,19
94,2,19
93,2,19
92,2,19
91,2,19
90,2,19
89,2,19
100,2,19
88,2,19
88,2,19
87,2,19
87,2,19
86,2,19
85,2,19
100,1,19
99,1,19
98,1,19
97,1,19
96,1,19
95,1,19
99,4,19
98,4,19
97,4,19
96,4,19
95,4,19
94,4,19
83,2,19
83,2,19
81,5,19
80,5,19
79,5,19
78,5,19
77,5,19
60,2,19
59,2,19
59,2,19
100,1,19
99,1,19
100,1,19
100,2,19
99,2,19
98,2,19
97,2,19
100,1,19
99,1,19
98,1,19
100,1,19
99,1,19
98,1,19
98,1,19
97,1,19
97,1,19
97,1,19
96,1,19
92,1,19
91,1,19
90,1,19
89,1,19
89,1,19
88,1,19
87,1,19
86,1,19
99,2,19
89,7,19
100,3,19
100,1,19
99,1,19
98,1,19
100,1,19
99,1,19
98,1,19
97,1,19
100,1,19
100,1,19
99,1,19
98,1,19
100,1,19
84,7,19
84,7,19
84,7,19
83,7,19
83,7,19
84,1,19
84,1,19
100,9,19
83,1,19
83,1,19
100,1,19
99,1,19
98,1,19
90,2,19
90,2,19
90,2,19
62,9,19
62,9,19
62,9,19
61,9,19
100,3,19
99,3,19
98,3,19
97,3,19
97,3,19
96,3,19
95,3,19
95,3,19
94,3,19
59,9,19
59,9,19
59,9,19
59,9,19
59,9,19
59,9,19
100,1,19
99,1,19
98,1,19
48,1,19
48,1,19
48,1,19
79,1,19
79,1,19
78,1,19
77,1,19
76,1,19
76,1,19
76,1,19
75,1,19
74,1,19
71,1,19
55,1,19
100,1,19
99,1,19
98,1,19
97,1,19
96,1,19
96,1,19
96,1,19
95,1,19
94,1,19
94,1,19
43,4,19
43,4,19
42,4,19
42,4,20
42,4,20
100,2,20
99,2,20
98,2,20
97,2,20
42,4,20
42,4,20
42,4,20
100,1,20
82,2,20
100,1,20
99,1,20
98,1,20
100,1,20
99,1,20
100,1,20
99,1,20
98,1,20
100,1,20
81,1,20
81,1,20
80,1,20
80,1,20
79,1,20
79,1,20
79,1,20
78,1,20
77,1,20
77,1,20
76,1,20
76,1,20
100,1,20
99,1,20
98,1,20
97,1,20
41,1,20
40,1,20
100,1,20
100,2,20
99,2,20
98,2,20
97,1,20
97,2,20
96,2,20
99,2,20
98,2,20
97,2,20
100,4,20
99,4,20
98,4,20
97,4,20
100,1,20
99,1,20
92,2,20
91,2,20
90,2,20
89,2,20
100,2,20
99,2,20
98,2,20
97,2,20
96,2,20
95,2,20
94,2,20
93,2,20
83,2,20
82,2,20
81,2,20
80,2,20
79,1,20
78,1,20
77,1,20
100,1,20
99,1,20
98,1,20
100,2,20
99,2,20
98,2,20
97,2,20
94,1,20
93,1,20
92,1,20
91,1,20
91,1,20
95,1,20
99,1,20
90,2,20
89,2,20
89,2,20
100,2,20
99,2,20
98,2,20
97,2,20
96,2,20
95,2,20
94,2,20
100,2,20
93,2,20
81,2,20
100,1,20
99,1,20
98,1,20
79,5,20
79,5,20
79,5,20
79,5,20
78,5,20
78,5,20
100,1,20
99,1,20
99,5,20
100,1,20
99,1,20
98,1,20
97,1,20
96,1,20
95,1,20
98,2,20
97,2,20
100,1,20
71,1,20
71,1,20
71,1,20
71,1,20
71,1,20
100,1,20
100,1,20
99,1,20
98,1,20
98,1,20
100,1,20
99,1,20
93,1,20
92,1,20
89,1,20
100,6,20
99,6,20
98,6,20
86,1,20
100,3,20
100,1,20
99,1,20
98,1,20
97,1,20
97,1,20
97,1,20
83,1,20
100,1,20
99,1,20
98,1,20
100,1,20
100,1,20
99,1,20
98,1,20
97,1,20
96,1,20
95,1,20
94,1,20
93,1,20
92,1,20
91,1,20
90,1,20
90,1,20
98,2,20
97,2,20
96,2,20
95,2,20
94,2,20
93,2,20
93,2,20
100,1,20
99,1,20
96,3,20
95,3,20
94,3,20
100,1,20
97,1,20
100,1,20
100,1,20
100,1,20
92,2,20
100,1,20
100,1,20
100,1,20
100,1,20
99,1,20
98,1,20
98,1,20
97,1,20
85,6,20
84,6,20
84,6,20
100,1,20
99,1,20
98,1,20
97,1,20
100,1,20
100,2,20
99,2,20
98,2,20
97,2,21
96,2,21
95,2,21
94,1,21
93,1,21
100,1,21
99,1,21
98,1,21
97,1,21
96,1,21
93,6,21
100,1,21
99,1,21
100,1,21
99,1,21
98,1,21
97,1,21
96,1,21
95,1,21
94,1,21
93,1,21
92,1,21
100,1,21
100,1,21
99,1,21
99,1,21
98,1,21
98,1,21
97,1,21
96,1,21
95,1,21
94,1,21
100,2,21
99,2,21
93,1,21
88,2,21
100,1,21
99,1,21
74,1,21
73,1,21
73,1,21
72,1,21
72,1,21
100,1,21
99,1,21
98,1,21
97,1,21
96,1,21
95,1,21
95,1,21
95,1,21
94,1,21
93,1,21
92,1,21
91,1,21
90,1,21
68,1,21
77,5,21
76,5,21
100,1,21
99,1,21
98,1,21
100,1,21
58,1,21
100,3,21
99,3,21
98,3,21
97,3,21
100,1,21
99,1,21
98,1,21
98,1,21
97,1,21
96,1,21
95,1,21
100,2,21
94,1,21
93,1,21
92,1,21
91,1,21
90,1,21
89,1,21
87,5,21
86,5,21
86,5,21
100,1,21
100,1,21
99,1,21
100,1,21
99,1,21
98,1,21
97,1,21
96,1,21
95,1,21
94,1,21
93,1,21
92,1,21
92,1,21
91,1,21
90,1,21
89,1,21
89,1,21
88,1,21
87,1,21
86,1,21
85,1,21
85,1,21
100,1,21
100,2,21
99,2,21
98,2,21
97,2,21
96,2,21
96,2,21
95,2,21
95,2,21
94,2,21
94,2,21
93,1,21
92,1,21
92,1,21
91,1,21
87,2,21
86,2,21
85,2,21
85,2,21
70,1,21
69,1,21
69,1,21
69,1,21
68,1,21
67,1,21
67,1,21
67,1,21
66,1,21
66,1,21
85,1,21
84,1,21
84,1,21
84,1,21
84,1,21
83,1,21
82,1,21
81,1,21
77,2,21
77,2,21
77,2,21
100,1,21
99,1,21
100,1,21
100,1,21
99,1,21
98,1,21
97,1,21
96,1,22
96,1,22
100,4,22
99,4,22
98,4,22
97,4,22
97,4,22
96,4,22
96,4,22
96,4,22
95,4,22
94,4,22
100,2,22
99,2,22
99,2,22
98,2,22
98,2,22
97,2,22
96,2,22
95,2,22
95,2,22
94,2,22
95,3,22
95,3,22
94,3,22
88,4,22
100,1,22
100,3,22
99,3,22
98,1,22
97,1,22
100,1,22
99,1,22
98,1,22
97,1,22
96,1,22
95,1,22
94,1,22
93,1,22
92,1,22
92,1,22
91,1,22
92,2,22
91,2,22
90,2,22
73,1,22
72,1,22
71,1,22
100,1,22
99,1,22
98,1,22
97,1,22
96,1,22
95,1,22
94,1,22
94,1,22
93,1,22
93,2,22
92,2,22
91,2,22
90,2,22
89,2,22
63,4,22
63,4,22
63,4,22
63,4,22
63,4,22
63,4,22
100,3,22
99,3,22
98,3,22
97,3,22
100,1,22
99,1,22
98,1,22
97,1,22
96,1,22
95,1,22
94,1,22
58,4,22
100,2,22
99,2,22
99,2,22
100,1,22
57,4,22
87,2,22
39,9,22
39,9,22
39,9,22
93,1,22
92,1,22
100,3,22
91,1,22
46,1,22
46,1,22
100,3,22
99,3,22
98,3,22
97,3,22
46,1,22
46,1,22
46,1,22
46,1,22
46,1,22
46,1,22
46,1,22
46,1,22
100,2,22
99,2,22
99,3,22
98,3,22
97,3,22
96,3,22
96,3,22
95,3,22
94,3,22
96,4,22
96,4,22
95,4,22
95,4,22
100,1,22
100,1,22
99,1,22
98,1,22
100,3,22
100,3,22
99,3,22
96,1,22
95,1,22
42,1,22
100,1,22
100,1,22
99,1,22
100,1,22
36,5,22
100,1,22
99,1,22
98,1,22
97,1,22
100,1,22
99,1,22
100,1,22
99,1,22
100,2,22
99,2,22
98,2,22
97,2,22
96,2,22
95,2,22
94,2,22
94,2,22
93,1,22
97,8,22
96,8,22
100,1,22
99,1,22
98,1,22
97,1,22
97,1,22
96,1,22
95,1,22
95,1,22
94,1,22
94,1,22
93,1,22
92,1,22
98,2,22
98,2,22
97,2,22
89,2,22
89,2,22
89,2,22
100,1,22
100,1,22
99,1,22
94,1,22
94,1,22
93,1,22
92,1,22
91,1,22
100,2,22
99,2,22
98,2,22
98,2,22
97,2,22
96,2,22
95,2,22
95,2,22
95,2,22
100,1,22
99,1,22
98,1,22
87,1,22
84,3,22
84,3,22
100,1,22
100,1,22
99,1,22
98,1,22
97,1,22
96,1,22
96,1,22
95,1,22
95,1,22
94,1,22
93,1,23
92,1,23
92,1,23
92,1,23
92,1,23
91,1,23
100,1,23
100,1,23
99,1,23
98,1,23
98,1,23
98,1,23
98,1,23
97,1,23
97,1,23
97,1,23
96,1,23
95,1,23
94,1,23
93,1,23
100,1,23
99,1,23
99,1,23
98,1,23
98,1,23
67,12,23
67,12,23
67,12,23
100,1,23
99,1,23
98,1,23
97,1,23
100,1,23
67,1,23
71,1,23
100,1,23
99,1,23
98,1,23
97,1,23
100,1,23
99,1,23
98,1,23
97,1,23
100,1,23
99,1,23
100,1,23
99,1,23
94,4,23
93,4,23
92,4,23
92,4,23
91,4,23
90,4,23
94,1,23
90,8,23
89,8,23
88,8,23
87,8,23
100,1,23
99,1,23
100,2,23
99,2,23
98,2,23
97,2,23
96,2,23
100,1,23
94,1,23
93,1,23
92,1,23
91,1,23
100,1,23
99,1,23
98,1,23
97,1,23
96,1,23
95,1,23
100,1,23
99,1,23
98,1,23
97,1,23
96,1,23
95,1,23
94,1,23
85,2,23
100,1,23
99,1,23
100,1,23
59,1,23
100,1,23
99,1,23
98,1,23
97,1,23
100,1,23
99,1,23
98,1,23
97,1,23
97,1,23
96,1,23
95,1,23
100,1,23
93,2,23
100,1,23
99,1,23
98,1,23
99,19,23
98,19,23
97,19,23
100,1,23
99,1,23
98,1,23
98,1,23
97,1,23
100,1,23
100,1,23
99,1,23
100,1,23
99,1,23
98,1,23
97,1,23
96,1,23
95,1,23
95,1,23
93,11,23
92,11,23
92,11,23
92,11,23
100,1,23
63,3,23
63,3,23
63,3,23
100,5,23
99,5,23
98,5,23
100,1,23
99,1,23
100,3,23
99,3,23
98,3,23
97,3,23
96,3,23
100,1,23
99,1,23
100,1,23
94,1,23
93,1,23
100,1,23
99,1,23
98,1,23
97,1,23
100,1,23
99,1,23
100,2,23
99,2,23
98,2,23
97,2,23
96,2,23
95,2,23
94,2,23
94,2,23
93,2,23
93,2,23
92,2,23
91,2,23
91,2,23
90,2,23
89,2,23
89,2,23
88,2,23
88,2,23
87,2,23
86,2,23
85,1,23
84,1,23
83,1,23
82,1,23
82,1,23
88,2,23
82,2,23
81,2,23
97,1,23
96,1,23
95,1,23
93,3,23
100,2,23
99,2,23
98,2,23
100,1,23
99,1,23
98,1,23
97,1,23
100,2,23
99,2,23
98,2,23
94,1,23
93,1,23
92,1,23
92,1,23
94,2,23
93,2,23
93,2,23
92,2,23
91,2,23
91,2,23
100,2,23
99,2,23
98,2,23
97,2,23
96,2,23
96,2,23
87,2,23
86,2,23
77,3,23
76,3,23
100,1,23
99,1,23
100,1,23
99,1,23
100,1,23
99,1,23
98,1,23
100,1,23
100,1,23
99,1,23
100,2,23
98,1,23
78,1,23
77,1,23
76,1,23
75,1,24
75,1,24
74,1,24
74,1,24
74,1,24
74,1,24
100,3,24
99,3,24
98,3,24
100,1,24
99,1,24
98,1,24
98,1,24
97,1,24
96,1,24
95,1,24
94,1,24
93,1,24
92,1,24
91,1,24
91,1,24
90,1,24
89,1,24
93,4,24
92,4,24
91,4,24
90,4,24
89,4,24
100,1,24
99,1,24
98,1,24
90,2,24
63,1,24
63,1,24
63,1,24
100,1,24
99,1,24
100,1,24
99,1,24
98,1,24
95,1,24
94,1,24
94,1,24
94,1,24
100,1,24
100,1,24
99,1,24
98,1,24
97,1,24
100,1,24
99,1,24
98,1,24
70,2,24
70,1,24
100,1,24
99,1,24
98,1,24
97,1,24
80,1,24
80,1,24
79,1,24
92,1,24
91,1,24
91,1,24
100,2,24
99,2,24
89,1,24
89,1,24
100,1,24
99,1,24
99,2,24
98,2,24
97,2,24
96,2,24
95,2,24
95,2,24
94,2,24
93,2,24
99,4,24
98,4,24
97,4,24
96,4,24
95,4,24
100,1,24
62,1,24
62,1,24
61,1,24
60,1,24
60,1,24
82,1,24
81,1,24
81,1,24
92,1,24
100,2,24
99,2,24
91,1,24
100,2,24
90,1,24
89,1,24
66,8,24
66,8,24
100,1,24
47,1,24
100,1,24
99,1,24
98,1,24
97,1,24
96,1,24
100,2,24
100,2,24
99,2,24
98,2,24
97,2,24
96,2,24
96,2,24
100,1,24
99,1,24
98,1,24
97,1,24
97,1,24
96,1,24
96,1,24
95,1,24
95,1,24
94,1,24
93,1,24
89,2,24
88,2,24
98,1,24
97,1,24
97,1,24
96,1,24
95,1,24
95,2,24
100,1,24
99,1,24
92,3,24
91,3,24
90,3,24
89,3,24
88,3,24
87,3,24
86,3,24
85,3,24
85,3,24
84,3,24
83,3,24
84,1,24
83,1,24
83,1,24
82,1,24
81,1,24
81,1,24
81,1,24
100,2,24
99,2,24
80,1,24
100,1,24
99,1,24
100,2,24
98,1,24
100,1,24
99,1,24
98,1,24
97,1,24
96,1,24
93,1,24
92,1,24
91,1,24
90,1,24
89,1,25
88,1,25
87,1,25
69,1,25
68,1,25
68,1,25
68,1,25
100,1,25
99,1,25
98,1,25
97,1,25
96,1,25
100,2,25
95,1,25
94,1,25
93,1,25
100,2,25
99,2,25
98,2,25
97,2,25
96,2,25
100,1,25
99,1,25
98,1,25
97,1,25
96,1,25
95,1,25
94,1,25
93,1,25
100,2,25
99,2,25
92,1,25
91,1,25
90,1,25
89,1,25
100,1,25
99,1,25
98,1,25
97,1,25
79,1,25
79,1,25
79,1,25
100,2,25
99,2,25
78,1,25
78,1,25
78,1,25
100,2,25
99,2,25
77,1,25
79,1,25
79,1,25
79,1,25
100,2,25
99,2,25
98,2,25
97,2,25
96,2,25
77,1,25
76,1,25
76,1,25
75,1,25
74,1,25
74,1,25
74,1,25
74,1,25
73,1,25
72,1,25
72,1,25
100,1,25
100,1,25
98,2,25
97,2,25
87,1,25
87,1,25
92,2,25
92,2,25
91,2,25
90,2,25
89,2,25
88,2,25
87,2,25
87,2,25
87,2,25
100,1,25
99,1,25
100,1,25
99,1,25
79,2,25
78,2,25
78,2,25
78,2,25
78,2,25
100,2,25
99,2,25
98,2,25
97,2,25
96,2,25
95,2,25
94,2,25
93,2,25
99,2,25
98,2,25
97,2,25
100,1,25
99,1,25
98,1,25
97,1,25
96,1,25
96,2,25
91,7,25
90,7,25
89,7,25
88,7,25
87,7,25
100,6,25
86,7,25
85,7,25
85,7,25
85,7,25
85,7,25
84,7,25
83,7,25
82,7,25
82,7,25
100,2,25
99,2,25
98,2,25
97,2,25
96,2,25
95,2,25
94,2,25
100,1,25
99,1,25
98,1,25
97,1,25
100,1,25
99,1,25
75,7,25
75,7,25
80,1,25
80,1,25
79,1,25
79,1,25
78,1,25
100,1,25
99,1,25
98,1,25
96,20,25
95,20,25
94,20,25
100,1,25
99,1,25
98,1,25
97,1,25
97,1,25
96,1,25
100,1,25
99,2,25
98,2,25
100,2,25
99,2,25
100,2,25
99,2,25
98,2,25
97,2,25
97,4,25
96,4,25
96,4,25
100,1,25
99,1,25
100,4,25
99,4,25
98,4,25
97,4,25
97,4,25
96,4,25
95,4,25
94,4,25
93,4,25
93,4,25
93,4,26
93,4,26
92,4,26
100,1,25
99,1,26
98,1,26
97,1,26
98,5,26
97,5,26
96,5,26
86,1,26
85,1,26
85,1,26
84,1,26
84,1,26
83,1,26
100,1,26
99,1,26
98,1,26
98,1,26
76,2,26
76,2,26
95,2,26
94,2,26
94,2,26
93,2,26
89,1,26
88,1,26
73,2,26
72,2,26
71,2,26
70,2,26
52,1,26
52,1,26
52,1,26
52,1,26
52,1,26
52,1,26
52,1,26
52,1,26
100,1,26
99,1,26
98,1,26
97,1,26
96,1,26
98,2,26
100,2,26
97,2,26
96,2,26
98,1,26
97,1,26
96,1,26
96,1,26
95,1,26
94,1,26
93,1,26
100,1,26
99,1,26
98,1,26
97,1,26
96,1,26
95,1,26
95,1,26
100,3,26
100,1,26
99,1,26
98,1,26
93,1,26
93,1,26
92,1,26
92,1,26
56,4,26
55,4,26
55,4,26
54,4,26
54,4,26
100,1,26
99,1,26
100,1,26
99,1,26
99,1,26
98,1,26
98,1,26
98,1,26
67,3,26
67,3,26
67,3,26
67,3,26
67,3,26
66,3,26
65,3,26
71,8,26
62,1,26
62,1,26
100,1,26
99,1,26
51,1,26
51,1,26
100,1,26
99,1,26
98,1,26
97,1,26
96,1,26
100,1,26
100,1,26
100,1,26
99,1,26
98,1,26
97,1,26
100,1,26
99,1,26
98,1,26
100,1,26
99,1,26
98,1,26
47,1,26
100,3,26
99,3,26
98,3,26
100,1,26
99,1,26
98,1,26
97,1,26
96,1,26
95,1,26
94,1,26
93,1,26
92,1,26
91,1,26
90,1,26
89,1,26
100,1,26
100,2,26
99,2,26
98,2,26
97,2,26
96,2,26
100,1,26
99,1,26
99,1,26
99,1,26
98,1,26
93,1,26
93,1,26
98,1,26
97,1,26
96,1,26
95,1,26
94,1,26
95,1,26
94,1,26
93,1,26
92,1,26
100,1,26
100,2,26
99,2,26
98,2,26
97,2,26
96,2,26
95,1,26
100,1,26
99,1,26
98,1,26
97,1,26
97,1,26
96,1,26
95,1,26
94,1,26
93,1,26
100,1,26
99,1,26
98,1,26
97,1,27
96,1,27
98,4,27
97,4,27
97,4,27
100,5,27
99,5,27
98,5,27
100,1,27
99,1,27
94,4,27
94,4,27
94,4,27
93,4,27
92,4,27
92,4,27
98,4,27
100,1,27
99,1,27
98,1,27
100,1,27
37,1,27
36,1,27
36,1,27
36,1,27
36,1,27
36,1,27
36,1,27
100,1,27
99,1,27
98,1,27
97,1,27
96,1,27
96,1,27
100,1,27
99,1,27
98,1,27
97,1,27
96,1,27
95,1,27
100,1,27
100,3,27
99,3,27
98,3,27
97,3,27
96,3,27
95,3,27
94,1,27
94,1,27
94,1,27
93,1,27
92,1,27
91,1,27
100,1,27
99,1,27
98,1,27
98,1,27
98,1,27
97,1,27
96,1,27
95,1,27
94,1,27
93,1,27
100,1,27
83,3,27
82,3,27
81,3,27
81,3,27
80,3,27
100,1,27
99,1,27
98,1,27
100,1,27
99,1,27
98,1,27
100,1,27
100,1,27
45,1,27
45,1,27
45,1,27
45,1,27
100,7,27
99,7,27
98,7,27
97,7,27
96,7,27
95,7,27
94,7,27
94,7,27
100,1,27
99,1,27
44,1,27
44,1,27
44,1,27
44,1,27
43,1,27
100,1,27
99,1,27
56,3,27
100,1,27
100,1,27
99,1,27
100,1,27
99,1,27
100,1,27
99,1,27
98,1,27
98,1,27
97,2,27
100,1,27
99,1,27
98,1,27
98,12,27
97,12,27
38,7,27
38,7,27
38,7,27
37,7,27
37,7,27
64,1,27
64,1,27
64,1,27
64,1,27
64,1,27
64,1,27
100,1,27
99,1,27
98,1,27
100,1,27
99,1,27
98,1,27
100,1,27
99,1,27
98,1,27
97,1,27
96,1,27
95,1,27
100,2,27
94,1,27
100,1,27
100,1,27
100,2,27
100,1,27
99,1,27
98,1,27
97,1,27
100,1,27
99,1,27
98,1,27
97,1,27
96,1,27
96,1,27
95,1,27
94,1,27
93,1,27
100,1,27
99,1,27
98,1,27
97,1,27
96,1,27
100,1,27
99,1,27
98,1,27
97,1,27
96,1,27
95,1,27
100,1,27
99,1,27
98,1,27
97,1,27
97,1,27
96,1,27
96,2,27
95,2,27
94,2,27
94,2,27
94,2,27
94,2,27
93,2,27
94,1,27
93,1,27
92,1,27
92,1,27
91,1,27
91,1,27
100,2,27
99,2,27
98,2,27
98,2,28
100,1,27
100,1,27
100,1,27
99,1,28
98,1,28
100,1,28
99,1,28
85,1,28
84,1,28
83,1,28
82,1,28
100,1,28
99,1,28
100,2,28
99,2,28
98,2,28
100,2,28
100,1,28
99,1,28
96,2,28
95,2,28
94,2,28
100,2,28
100,1,28
99,1,28
92,2,28
92,2,28
91,2,28
91,2,28
91,2,28
91,2,28
90,2,28
90,2,28
89,2,28
88,2,28
87,2,28
87,2,28
100,2,28
99,2,28
98,2,28
97,2,28
100,1,28
85,2,28
84,2,28
83,2,28
82,2,28
82,2,28
82,2,28
81,2,28
80,1,28
99,1,28
100,1,28
100,2,28
99,1,28
98,1,28
97,1,28
96,1,28
95,1,28
94,1,28
68,3,28
100,2,28
99,2,28
98,2,28
97,2,28
100,1,28
99,1,28
98,1,28
98,1,28
97,1,28
96,1,28
95,1,28
94,1,28
93,1,28
93,1,28
92,1,28
91,1,28
91,1,28
91,1,28
100,1,28
99,1,28
98,1,28
97,1,28
96,1,28
95,1,28
94,1,28
100,1,28
99,1,28
100,1,28
100,1,28
100,3,28
99,3,28
100,1,28
99,1,28
98,1,28
97,1,28
95,1,28
96,5,28
95,5,28
94,5,28
93,5,28
92,5,28
91,5,28
90,5,28
89,5,28
92,1,28
91,1,28
90,1,28
89,1,28
100,1,28
99,1,28
98,1,28
100,1,28
99,1,28
98,1,28
97,1,28
97,1,28
79,7,28
100,3,28
99,3,28
98,3,28
100,1,28
99,1,28
98,1,28
98,2,28
75,7,28
75,7,28
46,3,28
45,3,28
45,3,28
44,3,28
44,3,28
44,3,28
94,1,28
100,4,28
99,4,28
98,4,28
97,4,28
100,1,28
99,1,28
98,1,28
97,1,28
96,1,28
96,1,28
100,1,28
99,1,28
86,1,28
85,1,28
84,1,28
83,1,28
83,1,28
82,1,28
82,1,28
82,1,28
82,1,28
100,1,28
99,1,28
62,3,28
62,3,28
62,3,28
100,1,28
79,1,28
78,1,28
78,1,28
55,1,28
54,1,28
54,1,28
100,1,28
99,1,28
98,1,28
98,1,28
97,1,28
96,1,29
95,1,29
94,1,29
93,1,29
39,1,29
39,1,29
38,1,29
49,1,29
49,1,29
49,1,29
48,1,29
48,1,29
48,1,29
100,2,29
99,2,29
98,2,29
97,2,29
96,2,29
95,2,29
95,2,29
95,2,29
94,2,29
47,1,29
47,1,29
47,1,29
46,1,29
46,1,29
46,1,29
46,1,29
100,2,29
100,1,29
99,1,29
98,1,29
100,1,29
99,1,29
100,1,29
99,1,29
98,1,29
98,1,29
97,1,29
96,1,29
96,1,29
95,1,29
44,1,29
44,1,29
44,1,29
44,1,29
74,1,29
74,1,29
100,1,29
99,1,29
98,1,29
97,1,29
100,1,29
100,1,29
100,2,29
99,2,29
98,2,29
100,1,29
99,1,29
98,1,29
98,1,29
95,1,29
96,5,29
48,2,29
47,2,29
47,2,29
100,1,29
100,1,29
70,4,29
69,4,29
60,1,29
60,1,29
100,1,29
100,1,29
99,1,29
100,1,29
99,1,29
25,3,29
40,3,29
40,3,29
100,1,29
99,1,29
98,1,29
100,1,29
99,1,29
98,1,29
97,1,29
100,1,29
99,1,29
98,1,29
97,1,29
96,1,29
95,1,29
95,1,29
94,1,29
100,1,29
99,1,29
98,1,29
97,1,29
96,1,29
95,1,29
94,1,29
93,1,29
92,1,29
100,1,29
99,1,29
98,1,29
97,1,29
100,1,29
99,1,29
98,1,29
97,1,29
96,1,29
95,1,29
94,1,29
93,1,29
93,1,29
94,8,29
99,1,29
98,1,29
97,1,29
100,1,29
99,1,29
98,1,29
97,1,29
96,1,29
95,1,29
95,1,29
95,1,29
95,1,29
94,1,29
93,1,29
93,1,29
92,1,29
92,1,29
91,1,29
90,1,29
90,1,29
90,1,29
90,1,29
95,2,29
94,2,29
94,2,29
93,2,29
93,2,29
82,2,29
100,1,29
99,1,29
100,3,29
99,3,29
98,3,29
97,3,29
95,1,29
94,1,29
93,1,29
93,1,29
93,1,29
92,1,29
95,1,29
94,1,29
93,1,29
100,2,29
100,1,29
99,1,29
98,1,29
97,1,30
96,1,30
95,1,30
94,1,30
94,1,30
93,1,30
92,1,30
91,1,30
90,1,30
85,1,30
84,1,30
83,1,30
85,1,30
84,1,30
83,1,30
82,1,30
81,1,30
90,2,30
89,2,30
88,2,30
87,2,30
86,2,30
86,2,30
100,1,30
99,1,30
98,1,30
97,1,30
100,1,30
99,1,30
86,4,30
85,4,30
84,4,30
77,6,30
100,1,30
99,1,30
98,1,30
97,1,30
100,1,30
99,1,30
97,7,30
97,7,30
96,7,30
95,7,30
100,3,30
99,3,30
98,3,30
97,3,30
96,3,30
95,3,30
95,3,30
94,3,30
93,3,30
100,1,30
99,1,30
99,1,30
98,1,30
97,1,30
96,1,30
95,1,30
94,1,30
93,1,30
92,1,30
100,1,30
99,1,30
98,1,30
100,1,30
99,1,30
98,1,30
97,1,30
96,1,30
95,1,30
94,1,30
93,1,30
92,1,30
100,1,30
99,1,30
100,1,30
99,1,30
98,1,30
100,1,30
99,1,30
98,1,30
98,1,30
97,1,30
96,1,30
95,1,30
94,1,30
94,1,30
93,1,30
88,3,30
87,3,30
87,3,30
86,3,30
85,3,30
100,1,30
99,1,30
100,1,30
99,1,30
98,1,30
97,1,30
96,1,30
95,1,30
94,1,30
100,1,30
100,1,30
99,1,30
98,1,30
97,1,30
96,1,30
95,1,30
94,1,30
93,1,30
92,1,30
91,1,30
90,1,30
100,1,30
99,1,30
98,1,30
100,2,30
99,2,30
98,2,30
97,2,30
96,2,30
95,2,30
94,2,30
93,2,30
100,1,30
99,1,30
99,1,30
98,1,30
88,1,30
87,1,30
86,1,30
86,1,30
85,1,30
100,1,30
99,1,30
98,1,30
98,1,30
97,1,31
96,1,31
95,1,31
95,1,31
94,1,31
93,1,31
92,1,31
91,2,31
100,1,31
99,1,31
98,1,31
97,1,31
96,1,31
100,1,31
99,1,31
98,1,31
97,1,31
96,1,31
95,1,31
94,1,31
93,1,31
93,1,31
92,1,31
91,1,31
90,1,31
89,1,31
88,1,31
41,2,31
40,2,31
100,3,31
39,2,31
75,3,31
75,3,31
82,2,31
81,2,31
80,2,31
79,2,31
78,2,31
95,1,31
100,2,31
99,2,31
98,2,31
97,2,31
96,2,31
95,2,31
94,2,31
93,2,31
92,2,31
91,2,31
90,2,31
90,2,31
89,2,31
100,1,31
100,1,31
86,1,31
95,3,31
94,3,31
93,3,31
92,3,31
91,3,31
90,3,31
89,3,31
41,6,31
41,6,31
100,2,31
99,2,31
98,2,31
97,2,31
96,2,31
38,6,31
77,3,31
51,2,31
100,1,31
99,1,31
98,1,31
97,1,31
45,7,31
32,2,31
32,2,31
53,1,31
100,1,31
99,1,31
100,1,31
99,1,31
100,1,31
100,1,31
99,1,31
98,1,31
97,1,31
100,1,31
99,1,31
100,2,31
99,2,31
100,1,31
100,1,31
97,1,31
96,1,31
95,1,31
94,1,31
93,1,31
93,1,31
92,1,31
91,1,31
92,1,31
100,1,31
99,1,31
98,1,31
97,1,31
96,1,31
100,7,31
99,7,31
98,7,31
97,7,31
96,7,31
95,7,31
95,7,31
95,7,31
95,7,31
94,7,31
90,1,31
89,1,31
89,1,31
88,1,31
87,1,31
87,1,31
87,1,31
86,1,31
85,1,31
85,1,31
84,1,31
84,1,31
86,2,31
86,2,31
85,2,31
100,1,31
99,1,31
98,1,31
97,1,31
96,1,31
95,1,31
86,2,31
100,1,31
99,1,31
98,1,31
97,1,31
97,1,31
96,1,31
86,5,31
85,5,31
100,1,31
99,1,31
100,4,31
99,4,31
97,1,31
96,1,31
100,1,31
99,1,31
45,3,31
64,1,31
64,1,31
100,1,31
100,1,31
99,1,31
100,1,31
99,1,31
98,1,31
97,1,31
100,1,31
99,1,31
98,1,31
97,1,31
96,1,31
100,1,31
99,1,31
98,1,31
97,1,31
100,1,31
99,1,31
99,1,31
98,1,31
97,1,31
96,1,31
95,1,31
95,1,31
94,1,31
65,3,31
100,1,31
100,1,31
68,1,31
68,1,31
68,1,31
100,1,31
99,1,31
99,1,31
99,1,31
98,1,31
97,1,31
97,1,31
100,1,31
99,1,32
100,1,32
100,1,32
99,1,32
98,1,32
97,1,32
96,1,32
95,1,32
95,1,32
94,1,32
100,1,32
99,1,32
98,1,32
97,1,32
96,1,32
52,1,32
52,1,32
100,3,32
51,1,32
100,1,32
100,1,32
99,1,32
98,1,32
97,1,32
96,1,32
95,1,32
100,1,32
100,2,32
99,2,32
98,2,32
97,2,32
96,2,32
95,2,32
94,1,32
100,1,32
99,1,32
100,1,32
35,1,32
100,1,32
99,1,32
27,1,32
39,2,32
39,2,32
39,2,32
39,2,32
39,2,32
39,2,32
100,1,32
99,1,32
100,1,32
99,1,32
98,1,32
10,7,32
100,1,32
100,1,32
100,1,32
99,1,32
98,1,32
97,1,32
97,1,32
96,1,32
95,1,32
100,1,32
99,1,32
100,1,32
50,3,32
34,3,32
21,4,32
21,4,32
21,4,32
21,4,32
100,1,32
99,1,32
98,1,32
97,1,32
100,1,32
99,1,32
21,6,32
100,1,32
99,1,32
98,1,32
100,1,32
100,1,32
100,1,32
100,3,32
99,1,32
98,1,32
97,1,32
97,1,32
96,1,32
100,1,32
99,1,32
96,1,32
95,1,32
95,1,32
94,1,32
94,1,32
100,2,32
99,2,32
100,1,32
100,1,32
99,1,32
98,1,32
100,1,32
100,1,32
99,1,32
98,1,32
97,1,32
96,1,32
95,1,32
94,1,32
100,1,32
99,1,32
98,1,32
97,1,32
100,1,32
99,1,32
98,1,32
97,1,32
100,1,32
100,1,32
99,1,32
98,1,32
97,1,32
96,1,32
95,1,32
94,1,32
94,1,32
93,1,32
92,1,32
92,1,32
91,1,32
90,1,32
89,1,32
89,1,32
88,1,32
88,1,32
87,1,32
87,2,32
99,1,32
98,1,32
100,1,32
99,1,32
98,1,32
92,2,32
91,2,32
91,2,32
91,2,32
100,1,32
99,1,32
98,1,32
100,1,32
99,1,32
100,2,32
98,1,32
100,1,32
99,1,32
100,1,32
99,1,32
100,1,32
100,1,32
99,1,32
98,1,32
97,1,32
97,1,32
97,1,32
100,1,32
99,1,32
98,1,32
97,1,32
96,1,32
89,3,32
89,3,32
88,3,32
87,3,32
80,5,32
100,1,32
100,1,32
99,1,32
98,1,32
97,1,32
100,21,32
99,21,32
98,21,32
94,1,32
93,1,32
100,1,32
99,1,32
98,1,32
97,1,32
96,1,32
95,1,32
94,1,32
93,1,32
92,1,32
92,1,32
92,1,32
92,1,32
90,1,32
89,1,32
89,25,32
51,1,32
51,1,32
100,1,32
99,1,32
100,1,32
59,3,32
59,3,32
58,3,32
57,3,32
56,3,32
56,3,32
100,1,32
52,2,32
52,2,32
100,1,32
99,1,32
100,1,32
99,1,32
98,1,32
100,1,32
99,1,32
98,1,32
97,1,32
86,1,32
86,1,32
85,1,32
85,1,32
85,1,32
100,1,32
100,1,32
38,1,32
79,9,32
100,1,32
99,1,32
98,1,32
97,1,32
97,1,32
96,1,32
100,1,32
99,1,32
98,1,32
97,1,32
96,1,32
95,1,32
100,1,32
100,1,32
100,1,32
99,1,32
100,1,32
99,67,32
98,67,32
97,67,32
96,67,32
95,67,32
100,3,32
99,3,32
98,3,32
98,3,32
98,3,32
97,3,32
96,3,32
100,1,32
99,1,32
98,1,32
97,1,32
96,1,32
95,1,32
94,1,32
93,1,32
92,1,32
97,33,32
96,33,32
95,33,32
94,33,32
93,33,32
93,33,32
93,33,32
93,33,32
92,33,33
92,33,33
92,33,33
91,33,33
84,67,32
83,67,32
39,2,32
100,1,32
99,1,32
98,1,32
100,1,32
100,1,32
99,1,32
98,1,32
97,1,32
96,1,32
100,1,32
99,1,32
98,1,32
97,1,32
97,1,32
97,1,32
96,1,32
95,1,32
94,1,32
93,1,32
100,1,32
99,1,32
98,1,32
97,1,32
96,1,32
95,1,32
100,1,32
99,1,32
100,1,32
99,1,32
98,1,32
97,1,32
96,1,32
96,1,32
95,1,32
94,1,32
93,1,32
92,1,32
91,1,32
90,1,32
89,1,32
88,1,32
88,1,32
79,2,32
100,2,32
100,1,32
99,1,32
98,1,32
97,1,32
96,1,32
95,1,32
94,1,32
93,1,32
92,1,32
91,1,32
97,4,32
96,4,32
96,4,32
97,1,32
97,1,32
96,1,32
96,1,32
95,1,32
95,1,32
95,1,32
94,1,32
100,1,32
99,1,32
98,1,32
97,1,32
96,1,32
69,2,32
69,2,32
69,2,32
69,2,32
68,2,32
67,2,32
67,2,32
67,2,32
67,2,32
67,2,32
67,2,32
100,1,32
99,1,32
98,1,32
100,1,32
99,1,32
98,1,32
97,1,32
97,1,32
96,1,32
95,1,32
94,1,32
94,1,32
93,1,32
92,1,32
91,1,32
90,1,32
100,1,32
99,1,32
98,1,32
97,1,32
96,1,32
95,1,32
94,1,32
100,1,32
99,1,32
98,1,32
97,1,32
96,1,32
96,1,32
100,1,32
99,1,32
98,1,32
97,1,32
96,1,32
65,3,32
65,3,32
65,3,32
64,3,33
63,3,33
63,3,33
70,3,33
70,3,33
57,4,32
100,7,33
99,7,33
99,7,33
98,7,33
97,7,33
100,1,32
99,1,32
98,1,33
97,1,33
96,1,33
95,1,33
99,4,33
98,4,33
97,4,33
100,1,33
99,1,33
99,1,33
100,1,33
99,1,33
100,4,33
99,4,33
98,4,33
100,1,33
99,1,33
98,1,33
97,1,33
96,1,33
95,1,33
91,1,33
100,1,33
99,1,33
98,1,33
90,2,33
89,2,33
88,2,33
87,2,33
86,2,33
100,1,33
100,1,33
99,1,33
98,1,33
97,1,33
96,1,33
95,1,33
94,1,33
93,1,33
89,2,33
88,2,33
88,2,33
88,2,33
100,1,33
99,1,33
100,2,33
98,1,33
98,1,33
97,1,33
100,1,33
99,1,33
98,1,33
100,1,33
99,1,33
98,1,33
98,2,33
99,1,33
98,1,33
97,1,33
96,1,33
95,1,33
94,1,33
93,1,33
92,1,33
87,1,33
100,1,33
99,1,33
100,1,33
99,1,33
98,1,33
97,1,33
96,1,33
100,1,33
99,1,33
100,6,33
99,6,33
100,1,33
97,1,33
96,1,33
100,2,33
99,2,33
98,2,33
97,2,33
96,2,33
95,2,33
94,2,33
93,2,33
93,2,33
93,2,33
92,2,33
89,1,33
88,1,33
87,1,33
100,1,33
99,1,33
98,1,33
97,1,33
96,1,33
100,1,33
99,1,33
98,1,33
90,2,33
100,1,33
99,1,33
98,1,33
97,1,33
100,1,33
100,1,33
99,1,33
98,1,33
97,1,33
100,1,33
99,1,33
98,1,33
97,1,33
96,1,33
95,1,33
94,1,33
93,1,33
100,1,33
99,1,33
98,1,33
97,1,33
96,1,33
96,1,33
95,1,33
95,1,33
93,3,33
100,1,33
100,1,33
100,1,33
99,1,33
98,1,33
97,1,33
97,3,33
100,1,33
99,1,33
98,1,33
90,3,33
74,1,33
74,1,33
73,1,33
68,3,33
100,1,33
99,1,33
98,1,33
97,1,33
96,1,33
100,1,33
99,2,33
98,2,33
97,2,33
100,1,33
96,2,33
95,2,33
94,2,33
93,2,33
100,1,33
99,1,33
100,1,33
99,1,33
98,1,33
97,1,33
96,1,33
100,1,33
99,1,33
99,1,33
100,1,33
99,1,33
100,1,33
100,1,33
99,1,33
98,1,33
87,1,33
86,1,33
100,1,33
99,1,33
98,1,33
97,1,33
96,1,33
95,1,34
100,1,34
99,1,34
98,1,34
97,1,34
100,2,34
99,2,34
98,2,34
97,2,34
96,2,34
100,1,34
99,1,34
98,1,34
97,1,34
96,1,34
95,1,34
94,1,34
93,1,34
92,1,34
91,1,34
100,2,34
90,1,34
96,3,34
84,1,34
100,3,34
99,3,34
100,2,34
99,2,34
98,2,34
100,1,34
99,1,34
96,3,34
100,2,34
99,2,34
98,2,34
97,2,34
92,3,34
100,1,34
99,1,34
98,1,34
98,1,34
97,1,34
96,1,34
95,1,34
95,1,34
95,1,34
95,1,34
94,1,34
93,1,34
93,1,34
92,1,34
91,1,34
91,1,34
90,1,34
70,1,34
74,3,34
100,1,34
100,1,34
99,1,34
98,1,34
97,1,34
97,1,34
96,1,34
95,1,34
94,1,34
93,1,34
92,1,34
91,1,34
91,1,34
90,1,34
89,1,34
88,1,34
88,1,34
88,1,34
87,1,34
87,1,34
86,1,34
85,1,34
100,1,34
99,1,34
98,1,34
97,1,34
100,1,34
99,1,34
98,1,34
97,1,34
97,1,34
98,2,34
97,2,34
96,2,34
95,2,34
94,2,34
93,2,34
92,2,34
91,2,34
91,2,34
90,2,34
87,2,34
100,2,34
86,2,34
85,2,34
84,2,34
84,2,34
83,2,34
100,1,34
100,1,34
99,1,34
98,1,34
100,2,34
99,2,34
98,2,34
97,2,34
96,2,34
95,2,34
94,2,34
93,2,34
93,2,34
93,2,34
93,2,34
90,1,34
89,1,34
88,1,34
100,2,34
87,1,34
100,1,34
99,1,34
100,2,34
100,1,34
99,1,34
98,1,34
100,1,34
99,1,34
95,1,34
94,1,34
94,1,34
93,1,34
97,4,34
96,4,34
95,4,34
95,4,34
95,4,34
100,1,34
99,1,34
98,1,34
97,1,34
96,1,34
95,1,34
100,7,35
99,7,35
98,7,35
97,7,35
97,7,35
97,7,35
92,1,34
100,1,34
99,1,35
99,1,35
98,1,35
98,1,35
100,1,35
100,1,35
75,27,35
100,2,35
99,2,35
98,2,35
97,2,35
96,2,35
96,2,35
100,1,35
99,1,35
98,1,35
98,1,35
97,1,35
96,1,35
100,1,35
100,1,35
99,1,35
98,1,35
97,1,35
70,27,35
70,27,35
69,27,35
68,27,35
68,27,35
68,27,35
67,27,35
100,1,34
99,1,34
98,1,34
97,1,34
96,1,35
95,1,35
89,2,35
89,2,35
88,2,35
100,1,35
99,1,35
98,1,35
100,1,35
99,1,35
98,1,35
97,1,35
96,1,35
96,1,35
95,1,35
94,1,35
100,1,35
72,1,35
100,1,35
99,1,35
100,1,35
100,1,35
100,1,35
99,1,35
98,1,35
46,9,35
46,9,35
46,9,35
46,9,35
100,1,35
100,1,35
100,1,35
99,1,35
98,1,35
97,1,35
96,1,35
100,1,35
99,1,35
98,1,35
97,1,35
96,1,35
96,1,35
95,1,35
93,4,35
47,3,35
64,1,35
100,1,35
100,1,35
99,1,35
98,1,35
97,1,35
96,1,35
95,1,35
94,1,35
94,1,35
94,1,35
95,5,35
95,5,35
94,5,35
94,5,35
100,1,35
99,1,35
98,1,35
97,1,35
96,1,35
95,1,35
95,1,35
94,1,35
93,1,35
100,1,35
99,1,35
98,1,35
100,1,35
99,1,35
100,1,35
99,1,35
98,1,35
97,1,35
100,1,35
95,3,35
100,1,35
99,1,35
88,2,35
87,2,35
86,2,35
85,2,35
21,1,35
21,1,35
100,1,35
99,1,35
100,1,35
99,1,35
98,1,35
97,1,35
96,1,35
95,1,35
94,1,35
100,1,35
99,1,35
98,1,35
97,1,35
100,1,35
100,1,35
100,1,35
99,1,35
26,1,35
26,1,35
26,1,35
26,1,35
26,1,35
100,5,35
100,1,35
100,1,35
99,1,35
100,1,35
100,1,35
99,1,35
98,1,35
98,1,35
98,1,35
97,1,35
96,1,35
95,1,35
94,1,35
25,1,35
25,1,35
100,1,35
99,1,35
99,1,35
98,1,35
100,1,35
99,1,35
98,1,35
97,1,35
100,1,35
99,1,35
98,1,35
97,1,35
96,1,35
95,1,35
100,3,35
99,3,35
93,1,35
92,1,35
91,1,35
90,1,35
89,1,35
89,1,35
100,2,35
99,2,35
98,2,35
97,2,35
97,2,35
96,2,35
100,1,35
99,1,35
85,1,35
85,1,35
85,2,35
100,1,35
99,1,35
98,1,35
97,1,35
96,1,35
97,2,35
100,1,35
100,1,35
99,1,35
98,1,35
97,1,35
96,1,35
95,1,35
94,1,35
100,1,35
99,1,35
100,1,35
100,1,35
99,1,35
100,1,35
99,1,35
98,1,35
97,1,35
96,1,35
95,1,35
94,1,35
100,1,35
99,1,35
92,2,35
91,2,36
90,2,36
89,2,36
88,2,36
88,2,36
88,2,36
100,1,36
90,2,36
89,2,36
88,2,36
87,2,36
87,2,36
86,2,36
85,2,36
84,2,36
84,2,36
83,2,36
82,2,36
100,1,36
99,1,36
89,1,36
85,2,36
78,6,36
77,6,36
76,6,36
100,1,36
100,3,36
99,3,36
98,1,36
97,1,36
96,1,36
95,1,36
95,1,36
94,1,36
95,1,36
94,1,36
93,1,36
92,1,36
91,1,36
90,1,36
89,1,36
88,1,36
87,1,36
86,1,36
85,1,36
85,1,36
85,1,36
84,1,36
100,1,36
99,1,36
98,1,36
85,5,36
99,1,36
98,1,36
97,1,36
96,1,36
100,2,36
99,2,36
98,2,36
97,2,36
96,2,36
95,2,36
94,2,36
93,2,36
92,2,36
92,2,36
92,2,36
100,1,36
99,1,36
100,2,36
98,1,36
97,1,36
97,1,36
96,1,36
95,1,36
100,1,36
99,1,36
98,1,36
98,1,36
97,1,36
96,1,36
100,1,36
99,1,36
98,1,36
97,1,36
96,1,36
95,1,36
94,1,36
100,1,36
99,1,36
98,1,36
97,1,36
96,1,36
95,1,36
94,1,36
93,1,36
93,1,36
90,2,36
90,2,36
89,2,36
100,1,36
100,4,36
99,4,36
98,4,36
97,4,36
96,4,36
95,4,36
95,4,36
94,4,36
93,4,36
100,1,36
99,1,36
98,1,36
97,1,36
96,1,36
96,1,36
95,1,36
95,1,36
89,1,36
100,1,36
99,1,36
98,1,36
98,1,36
97,1,36
97,1,36
96,1,36
100,1,36
99,1,36
100,1,36
99,1,36
100,2,36
99,2,36
98,2,36
97,2,36
95,1,36
80,1,36
80,1,36
79,1,36
79,1,36
79,1,36
67,2,36
66,2,36
66,2,36
66,2,36
65,2,36
65,2,36
65,2,36
64,2,36
63,2,37
63,2,37
62,2,37
61,2,37
60,2,37
60,2,37
60,2,37
60,2,37
59,2,37
59,2,37
72,7,37
72,7,37
71,7,37
70,7,37
69,7,37
69,7,37
69,7,37
69,7,37
69,7,37
68,7,37
53,1,37
100,1,37
100,1,37
99,1,37
98,1,37
97,1,37
96,1,37
95,1,37
94,1,37
93,1,37
92,1,37
91,1,37
90,1,37
100,1,37
100,2,37
99,2,37
98,2,37
97,2,37
96,2,37
95,2,37
95,2,37
94,1,37
93,1,37
100,1,37
99,1,37
98,1,37
100,1,37
99,1,37
98,1,37
97,1,37
100,2,37
99,2,37
98,2,37
97,2,37
97,2,37
93,1,37
100,1,37
99,1,37
99,1,37
98,1,37
100,1,37
100,3,37
99,1,37
98,1,37
97,1,37
100,1,37
99,1,37
98,1,37
97,1,37
96,1,37
95,1,37
94,1,37
93,1,37
94,2,37
94,2,37
93,2,37
92,2,37
91,2,37
90,2,37
93,6,37
92,6,37
91,6,37
91,6,37
90,6,37
89,6,37
94,1,37
93,1,37
93,1,37
92,1,37
91,1,37
90,1,37
84,2,37
83,2,37
82,2,37
82,2,37
100,1,37
99,1,37
98,1,37
98,1,37
97,1,37
96,1,37
95,1,37
94,1,37
93,1,37
92,1,37
91,1,37
90,1,37
74,1,37
74,1,37
73,1,37
73,1,37
87,4,37
86,4,37
76,6,37
75,6,37
75,6,37
82,1,37
81,1,37
100,1,37
99,1,37
98,1,37
97,1,37
96,1,37
96,1,37
95,1,37
94,1,37
71,2,37
71,2,37
71,2,37
70,2,37
70,2,37
69,2,37
69,2,37
100,5,37
99,5,37
98,5,37
100,2,37
100,12,37
99,12,37
98,12,37
97,2,37
96,2,37
95,2,37
94,2,37
93,2,37
93,2,37
93,2,37
93,2,37
93,2,37
100,1,37
99,1,37
98,1,37
98,1,37
97,1,37
100,1,37
99,1,37
98,1,37
97,1,37
96,1,37
95,1,37
94,1,37
100,1,37
99,1,37
98,1,37
97,1,37
97,1,37
100,1,37
99,1,38
98,1,38
97,1,38
96,1,38
95,1,38
94,1,38
100,1,38
99,1,38
98,1,38
97,1,38
100,2,38
99,2,38
98,2,38
97,2,38
97,2,38
97,2,38
100,1,38
99,1,38
98,1,38
97,1,38
97,1,38
96,1,38
95,1,38
94,1,38
94,1,38
93,1,38
93,1,38
92,1,38
91,1,38
87,1,38
86,1,38
85,1,38
85,1,38
85,1,38
84,1,38
84,1,38
67,5,38
66,5,38
100,2,38
99,2,38
100,1,38
99,1,38
64,5,38
64,5,38
64,5,38
64,5,38
96,1,38
95,1,38
100,1,38
99,1,38
100,1,38
99,1,38
98,1,38
97,1,38
100,1,38
99,1,38
80,2,38
79,2,38
79,2,38
79,2,38
81,1,38
80,1,38
79,1,38
78,1,38
78,1,38
77,1,38
100,1,38
99,1,38
98,1,38
100,1,38
39,2,38
39,2,38
38,2,38
37,2,38
100,1,38
99,1,38
100,1,38
99,1,38
98,1,38
100,1,38
99,1,38
100,1,38
99,1,38
98,1,38
97,1,38
96,1,38
95,1,38
95,1,38
100,1,38
99,1,38
99,1,38
100,3,38
100,1,38
99,1,38
98,1,38
96,1,38
17,2,38
17,2,38
17,2,38
16,2,38
16,2,38
16,2,38
16,2,38
100,1,38
9,3,38
9,3,38
76,4,38
75,4,38
74,4,38
100,3,38
99,3,38
100,14,38
99,14,38
99,14,38
97,3,38
100,1,38
99,1,38
100,1,38
99,1,38
98,1,38
97,1,38
96,1,38
99,2,38
69,4,38
69,4,38
69,4,38
100,1,38
99,1,38
98,1,38
97,1,38
96,1,38
95,1,38
95,1,38
95,1,38
94,1,38
93,1,38
92,1,38
100,1,38
100,1,38
99,1,38
40,5,38
40,5,38
40,5,38
40,5,38
57,2,38
26,4,38
100,1,38
71,1,38
70,1,38
70,1,38
69,1,38
68,1,38
100,1,38
100,1,38
99,1,38
98,1,38
97,1,38
96,1,38
60,1,38
100,1,38
99,1,38
100,2,38
99,2,38
98,2,38
96,1,38
100,1,38
99,1,38
98,1,38
97,1,38
100,1,38
99,1,38
98,1,38
9,2,38
57,2,38
57,2,38
57,2,38
100,2,38
100,1,38
100,1,38
99,1,38
98,1,38
98,1,38
97,1,38
100,1,38
99,1,38
98,1,38
100,1,38
99,1,38
55,2,38
100,1,38
99,1,38
98,1,38
100,1,38
100,1,38
99,2,38
98,2,38
97,2,38
100,3,38
99,3,38
98,3,38
97,3,38
100,1,38
99,1,38
100,1,38
93,2,38
29,7,38
29,7,38
32,2,38
32,2,38
32,2,38
32,2,38
43,1,38
43,1,38
43,1,38
43,1,38
43,1,38
43,1,38
43,1,39
43,1,39
100,1,39
100,1,39
99,1,39
98,1,39
97,1,39
100,1,39
99,1,39
99,1,39
98,1,39
97,1,39
96,1,39
93,2,39
93,2,39
92,2,39
91,2,39
100,1,39
99,1,39
98,1,39
97,1,39
100,2,39
96,1,39
96,1,39
96,1,39
96,1,39
96,1,39
96,1,39
95,1,39
100,1,39
99,1,39
98,1,39
97,1,39
96,1,39
96,1,39
96,1,39
95,1,39
100,1,39
99,1,39
100,1,39
80,2,39
100,1,39
62,1,39
61,1,39
61,1,39
100,1,39
99,1,39
98,1,39
97,1,39
96,1,39
95,1,39
100,3,39
99,3,39
98,3,39
97,3,39
96,3,39
95,3,39
100,1,39
99,1,39
98,1,39
97,1,39
97,1,39
96,1,39
100,1,39
99,1,39
100,1,39
93,7,39
92,7,39
91,7,39
91,7,39
91,7,39
90,7,39
90,7,39
90,7,39
85,1,39
84,1,39
84,1,39
84,1,39
100,1,39
99,1,39
98,1,39
97,1,39
96,1,39
100,1,39
100,1,39
100,1,39
99,1,39
98,1,39
97,1,39
100,1,39
99,1,39
98,1,39
97,1,39
96,1,39
96,1,39
95,1,39
94,1,39
93,1,39
92,1,39
92,1,39
91,1,39
90,1,39
89,1,39
89,1,39
88,1,39
100,1,39
99,1,39
99,1,39
98,1,39
89,2,39
88,2,39
100,1,39
99,1,39
100,1,39
100,1,39
99,1,39
98,1,39
97,1,39
96,1,39
100,1,39
99,1,39
98,1,39
97,1,39
96,1,39
95,1,39
95,1,39
97,20,39
75,1,39
74,1,39
73,1,39
100,2,39
100,1,39
100,1,39
99,1,39
100,1,39
99,1,39
72,1,39
72,1,39
72,1,39
71,1,39
75,2,39
82,1,39
82,1,39
82,1,39
100,1,39
100,1,39
99,1,39
98,1,39
97,1,39
96,1,39
98,3,39
97,3,39
96,3,39
95,3,39
94,3,39
93,3,39
100,1,39
99,1,39
100,1,39
100,1,39
100,1,39
99,1,39
98,1,39
100,1,39
99,1,39
98,1,39
97,1,39
96,1,39
100,1,39
99,1,39
98,1,39
97,1,39
96,1,39
96,1,39
95,1,39
94,1,39
93,1,39
92,1,39
91,1,39
90,1,39
89,1,39
89,1,40
88,1,40
88,15,40
94,2,39
93,2,39
92,2,39
91,2,39
90,2,39
100,1,39
99,1,39
98,1,39
97,1,39
96,1,39
95,1,39
95,1,39
94,1,39
100,1,39
99,1,39
98,1,39
97,1,40
96,1,40
95,1,40
94,1,40
93,1,40
93,1,40
93,1,40
92,1,40
83,1,40
83,1,40
82,1,40
81,1,40
77,10,40
76,10,40
94,1,40
93,1,40
100,1,40
99,1,40
98,1,40
98,1,40
97,1,40
96,1,40
95,1,40
94,1,40
93,1,40
93,1,40
93,1,40
92,1,40
91,1,40
91,1,40
90,1,40
100,2,40
89,1,40
89,1,40
100,1,40
99,1,40
100,1,40
100,1,40
99,1,40
98,1,40
97,1,40
100,1,40
99,1,40
98,1,40
93,4,40
92,4,40
92,4,40
91,4,40
95,6,40
100,1,40
99,1,40
98,1,40
97,1,40
96,1,40
95,1,40
94,1,40
93,1,40
93,1,40
92,1,40
91,1,40
90,1,40
100,1,40
99,1,40
98,1,40
97,1,40
100,1,40
99,1,40
98,1,40
97,1,40
100,1,40
99,1,40
96,4,40
95,4,40
95,4,40
94,4,40
76,8,40
76,8,40
77,3,40
76,3,40
75,3,40
75,3,40
74,3,40
74,3,40
100,1,40
99,1,40
98,1,40
97,1,40
100,1,40
99,1,40
98,1,40
97,1,40
96,1,40
95,1,40
100,1,40
97,4,40
96,4,40
95,4,40
94,4,40
93,4,40
92,4,40
92,4,40
91,4,40
91,4,40
100,1,40
64,5,40
63,5,40
84,2,40
83,2,40
83,2,40
100,1,40
99,1,40
98,1,40
98,1,40
94,2,40
100,1,40
99,1,40
98,1,40
100,1,40
99,1,40
98,1,40
97,1,40
96,1,40
96,1,40
95,1,40
95,1,40
94,1,40
93,1,40
91,3,40
91,3,40
82,1,40
82,1,40
82,1,40
82,1,40
96,1,40
95,1,40
95,1,40
94,1,40
94,1,40
100,2,40
99,2,40
98,2,40
97,2,40
100,1,40
99,1,40
100,1,40
99,1,40
98,1,40
100,1,40
100,1,40
99,1,40
98,1,40
100,2,40
99,2,40
98,2,40
100,1,40
99,1,40
98,1,40
97,1,40
97,1,40
96,1,40
95,1,40
100,1,40
100,2,40
99,2,40
98,2,40
97,2,40
96,2,40
95,2,40
94,2,40
93,2,40
92,2,40
91,2,40
91,2,40
91,2,40
90,2,40
89,2,40
88,1,40
100,2,40
99,2,40
98,2,40
97,2,40
96,2,40
95,2,40
94,2,41
93,2,41
83,1,41
100,1,41
80,14,41
79,14,41
79,14,41
100,2,41
78,14,41
100,9,41
77,14,40
77,14,40
98,1,40
100,1,40
100,1,40
100,1,40
99,1,40
98,1,40
97,1,40
96,1,40
100,1,40
99,1,40
98,1,40
97,1,40
96,1,40
95,1,40
94,1,40
93,1,40
93,1,40
92,1,40
92,1,40
92,1,40
91,1,40
91,1,41
90,1,41
90,1,41
89,1,41
95,3,41
99,1,41
100,1,41
99,1,41
100,1,41
99,1,41
100,1,41
99,1,41
100,2,41
99,2,41
98,2,41
97,2,41
99,2,41
98,2,41
97,2,41
96,2,41
95,2,41
94,2,41
100,1,41
99,1,41
98,1,41
97,1,41
96,1,41
95,1,41
100,1,41
99,1,41
100,1,41
99,1,41
100,1,41
99,1,41
98,1,41
97,1,41
96,1,41
95,1,41
100,1,41
100,1,41
99,1,41
94,2,41
93,2,41
92,2,41
100,2,41
99,2,41
98,2,41
97,2,41
89,2,41
89,2,41
88,2,41
92,1,41
91,1,41
100,3,41
99,3,41
98,3,41
100,1,41
99,1,41
100,1,41
99,1,41
98,1,41
97,1,41
96,1,41
95,1,41
100,1,41
99,1,41
98,1,41
97,1,41
100,1,41
100,2,41
99,2,41
100,1,41
98,1,41
97,1,41
96,1,41
81,1,41
73,2,41
73,2,41
100,1,41
99,1,41
100,1,41
100,1,41
99,1,41
98,1,41
97,1,41
96,1,41
95,1,41
94,1,41
94,1,41
93,1,41
93,1,41
92,1,41
91,1,41
90,1,41
100,1,41
99,1,41
98,1,41
97,1,41
96,1,41
87,2,41
100,1,41
99,1,41
98,1,41
97,1,41
96,1,41
95,1,41
94,1,41
89,5,41
88,5,41
87,5,41
100,2,41
99,2,41
99,2,41
86,5,41
100,1,41
99,1,41
99,1,41
98,1,41
63,2,41
92,1,41
100,2,41
100,1,41
100,1,41
99,1,41
98,1,41
97,1,41
96,1,41
95,1,41
100,1,41
99,1,41
100,1,41
100,1,41
99,1,41
98,1,41
85,1,41
84,1,41
84,1,41
83,1,41
100,1,41
48,1,41
47,1,41
46,1,41
45,1,41
45,1,41
77,3,41
100,2,41
99,2,41
98,2,41
97,2,41
100,2,41
100,1,41
99,1,41
98,1,41
97,1,41
100,1,41
99,1,41
98,1,41
100,1,41
100,1,41
99,1,41
98,1,41
89,2,41
88,2,41
69,3,41
69,3,41
69,3,41
69,3,41
69,3,41
69,3,41
68,3,42
78,1,41
77,1,41
77,1,42
77,1,42
76,1,42
75,1,42
100,1,42
84,31,42
84,31,42
84,31,42
84,31,42
100,12,42
99,12,42
98,12,42
97,12,42
82,31,41
82,31,42
100,1,41
99,1,41
98,1,41
97,1,41
38,2,41
38,2,41
38,2,41
100,2,41
99,2,41
98,2,41
100,1,41
99,1,41
98,1,41
97,1,41
96,1,41
96,1,41
96,1,41
95,1,41
94,1,41
93,1,41
92,1,41
91,1,41
91,1,41
90,2,41
33,2,41
33,2,41
33,2,41
33,2,41
32,2,41
31,2,41
31,2,41
39,4,41
39,4,41
76,1,41
65,1,41
100,1,41
99,1,41
98,1,41
97,1,41
97,1,41
96,1,41
29,2,41
29,2,41
29,2,41
100,1,41
99,1,41
99,2,41
98,2,41
100,1,41
99,1,41
98,1,42
97,1,42
96,1,42
95,1,42
94,1,42
100,1,42
100,1,42
99,1,42
98,1,42
97,1,42
96,1,42
95,1,42
100,1,42
99,1,42
98,1,42
97,1,42
96,1,42
89,2,42
88,2,42
87,2,42
87,2,42
87,2,42
86,2,42
85,2,42
100,1,42
99,1,42
98,1,42
100,1,42
99,1,42
98,1,42
98,1,42
98,1,42
92,1,42
100,1,42
94,2,42
93,2,42
92,2,42
100,5,42
91,2,42
90,2,42
90,2,42
89,2,42
88,2,42
87,2,42
100,1,42
99,1,42
98,1,42
100,1,42
100,2,42
99,2,42
100,1,42
99,1,42
98,1,42
98,1,42
100,1,42
99,1,42
98,1,42
97,1,42
100,1,42
100,1,42
95,3,42
94,3,42
93,3,42
100,1,42
100,1,42
99,1,42
98,1,42
98,1,42
97,1,42
96,1,42
100,1,42
99,1,42
98,1,42
89,1,42
89,1,42
88,1,42
88,1,42
88,1,42
100,1,42
99,1,42
98,1,42
97,1,42
96,1,42
96,1,42
96,1,42
95,1,42
100,3,42
94,1,42
94,1,42
98,1,42
97,1,42
96,1,42
92,3,42
91,3,42
96,2,42
100,1,42
99,1,42
81,1,42
80,1,42
80,3,42
80,3,42
79,3,42
78,3,42
100,1,42
99,1,42
98,1,42
70,3,42
69,3,42
69,3,42
69,3,42
100,1,42
68,1,42
68,1,42
68,1,42
68,1,42
91,1,42
90,1,42
100,1,42
99,1,42
98,1,42
97,1,42
96,1,42
100,1,42
57,4,42
57,4,42
100,2,42
99,2,42
100,1,42
99,1,42
98,1,42
97,1,42
96,1,42
96,1,42
95,1,42
95,1,42
94,1,42
93,1,42
92,1,42
100,1,42
99,1,42
100,1,42
99,1,42
99,1,42
100,2,42
100,1,42
99,1,42
98,1,42
97,1,42
96,1,42
100,1,42
100,1,42
99,1,42
98,1,42
97,1,42
97,1,42
97,3,42
97,3,42
100,2,42
99,2,42
98,2,42
95,3,42
94,3,42
93,3,42
92,3,42
90,1,42
89,1,42
88,1,42
100,1,42
99,1,42
100,1,42
49,4,42
49,4,42
100,2,43
99,2,43
98,2,43
97,2,43
100,1,43
99,1,43
97,3,43
100,1,43
100,1,43
100,1,43
99,1,43
98,1,43
97,1,43
96,1,43
95,1,43
94,1,43
94,1,43
93,1,43
93,1,43
92,1,43
91,1,43
90,1,43
89,1,43
100,1,43
99,1,43
98,1,43
98,1,43
97,1,43
100,3,43
99,3,43
98,3,43
95,1,43
100,1,43
99,1,43
98,1,43
100,5,43
97,1,43
96,1,43
95,1,43
94,1,43
93,1,43
93,1,43
92,1,43
91,1,43
100,1,43
99,1,43
100,2,43
99,2,43
98,2,43
97,2,43
96,2,43
96,2,43
100,1,43
99,1,43
98,1,43
97,1,43
97,1,43
96,1,43
95,1,43
100,1,43
100,1,43
99,1,43
100,2,43
99,2,43
98,2,43
97,2,43
96,2,43
100,1,43
99,1,43
98,1,43
97,1,43
96,1,43
95,1,43
94,1,43
94,1,43
93,1,43
93,1,43
93,1,43
88,1,43
88,1,43
87,1,43
87,1,43
86,1,43
85,1,43
84,1,43
84,1,43
83,1,43
100,1,43
77,1,43
76,1,43
100,1,43
72,1,43
72,1,43
100,1,43
99,1,43
100,1,43
89,2,43
88,2,43
87,2,43
86,2,43
85,2,43
85,2,43
85,2,43
100,1,43
99,1,43
98,1,43
97,1,43
96,1,43
95,1,43
61,5,43
61,5,43
60,5,43
59,5,43
59,5,43
56,1,43
85,1,43
85,1,43
98,1,43
97,1,43
100,1,43
100,1,43
99,1,43
98,1,43
100,2,43
99,2,43
100,1,43
100,1,43
99,1,43
98,1,43
98,2,43
97,2,43
96,2,43
96,2,43
95,2,43
100,1,43
99,1,43
96,1,43
95,1,43
94,1,43
100,2,43
99,2,43
98,2,43
100,1,43
99,1,43
91,1,43
100,1,43
100,1,43
99,1,43
100,1,43
99,1,43
100,1,43
99,1,43
98,1,43
97,1,43
96,1,43
84,1,43
84,1,43
84,1,43
54,3,43
74,5,43
74,5,43
73,5,43
73,5,43
73,5,43
73,5,43
73,5,43
72,5,44
71,5,44
100,2,44
70,5,44
70,5,44
70,5,44
70,5,44
70,5,44
100,1,44
100,1,44
62,1,44
62,1,44
61,1,44
61,1,44
61,1,44
61,1,44
22,4,44
22,4,44
22,4,44
84,1,44
83,1,44
100,1,44
99,1,44
99,3,44
98,3,44
98,1,44
100,8,44
99,8,44
98,8,44
97,8,44
100,1,44
99,1,44
98,1,44
92,1,44
92,1,44
91,1,44
100,1,44
99,1,44
98,1,44
100,1,44
100,1,44
100,1,44
99,1,44
98,1,44
100,1,44
99,1,44
100,1,44
86,32,44
85,32,44
84,32,44
84,32,44
83,32,44
83,32,44
100,8,44
99,8,44
82,32,44
82,32,44
81,32,44
80,32,44
100,1,43
99,1,43
100,1,43
99,1,43
98,1,43
97,1,43
98,5,43
97,5,43
96,5,43
95,5,43
94,5,43
95,1,43
94,1,43
100,2,43
99,2,43
98,2,43
98,2,43
97,2,43
96,2,43
96,2,43
96,2,43
95,2,43
94,2,43
100,1,43
99,1,43
98,1,44
97,1,44
91,5,44
90,5,44
89,5,44
89,5,44
84,1,44
83,1,44
82,1,44
82,1,44
82,1,44
81,1,44
81,1,44
81,1,44
81,1,44
81,1,44
80,1,44
80,1,44
80,1,44
100,2,44
99,2,44
98,2,44
97,2,44
79,1,44
100,1,44
99,1,44
98,1,44
97,1,44
96,1,44
95,1,44
94,1,44
94,1,44
94,1,44
93,1,44
100,1,44
99,1,44
100,1,44
99,1,44
98,1,44
97,1,44
96,1,44
95,1,44
94,1,44
93,1,44
93,1,44
92,1,44
91,1,44
90,1,44
89,1,44
89,1,44
100,1,44
99,1,44
98,1,44
97,1,44
100,1,44
88,3,44
87,3,44
87,3,44
86,3,44
100,2,44
99,2,44
98,2,44
100,1,44
99,1,44
98,1,44
100,3,44
99,3,44
98,3,44
95,1,44
94,1,44
94,1,44
94,1,44
93,1,44
92,1,44
91,1,44
90,1,44
89,1,44
89,1,44
100,1,44
99,1,44
98,1,44
100,1,44
99,1,44
90,1,44
89,1,44
89,1,44
88,1,44
87,1,44
87,1,44
87,1,44
87,1,44
86,1,44
100,1,44
99,1,44
98,1,44
97,1,44
96,1,44
95,1,44
95,1,44
94,1,44
93,1,44
93,1,44
92,1,44
92,2,44
100,1,44
99,1,44
100,1,44
99,1,44
98,1,44
97,1,44
97,1,44
96,1,44
96,1,44
100,1,44
66,3,44
66,3,44
65,3,44
65,3,44
65,3,44
65,3,44
100,2,44
100,1,44
99,1,44
98,1,44
97,1,44
96,1,44
63,3,44
62,3,44
62,3,44
61,3,44
59,2,44
59,2,44
100,14,44
100,1,44
99,1,44
98,1,44
97,1,44
96,1,44
95,1,44
94,1,44
93,1,44
100,5,44
100,1,44
99,1,44
98,1,44
97,1,44
96,1,44
88,1,44
87,1,44
86,1,44
86,1,44
85,1,44
84,1,44
84,1,44
83,1,44
83,1,45
100,1,45
99,1,45
98,1,45
97,1,45
96,1,45
95,1,45
95,1,45
94,1,45
88,1,45
87,1,45
86,1,45
100,1,45
99,1,45
96,1,45
88,5,45
100,3,45
99,3,45
98,3,45
98,3,45
85,5,45
84,5,45
100,10,45
99,10,45
98,10,45
100,4,45
99,4,45
98,4,45
97,4,45
97,4,45
97,4,45
100,1,45
99,1,45
98,1,45
98,1,45
97,1,45
96,1,45
92,10,45
91,10,45
100,1,45
99,1,45
98,1,45
97,1,45
96,1,45
95,1,45
94,1,45
93,1,45
92,1,45
92,1,45
91,1,45
100,1,45
100,1,45
99,1,45
100,1,45
99,1,45
98,1,45
86,1,45
86,1,45
85,1,45
89,2,45
67,5,45
67,5,45
67,5,45
66,5,45
100,1,45
99,1,45
100,1,45
100,1,45
99,1,45
100,1,45
99,1,45
98,1,45
97,1,45
96,1,45
96,1,45
95,1,45
100,1,45
100,1,45
99,1,45
98,1,45
100,1,45
99,1,45
98,1,45
97,1,45
96,1,45
95,1,45
94,1,45
94,1,45
93,1,45
100,1,45
99,1,45
100,1,45
99,1,45
100,1,45
99,1,45
98,1,45
97,1,45
96,1,45
99,2,45
98,2,45
97,2,45
96,2,45
95,2,45
94,2,45
93,2,45
89,4,45
88,4,45
28,2,45
100,1,45
100,1,45
99,1,45
98,1,45
97,1,45
96,1,45
95,1,45
94,1,45
94,1,45
93,1,45
92,1,45
92,1,45
91,1,45
94,2,45
100,1,45
100,1,45
99,1,45
100,1,45
100,1,45
99,1,45
97,1,45
100,1,45
99,1,45
98,1,45
97,1,45
96,1,45
100,1,45
99,1,45
100,3,45
99,3,45
100,1,45
99,1,45
98,1,45
97,1,45
96,1,45
95,1,45
94,1,45
100,1,45
99,1,45
98,1,45
97,1,45
96,1,45
95,1,45
94,1,45
94,1,45
93,1,45
93,1,45
93,3,45
92,3,45
92,3,45
91,3,45
82,1,45
81,1,45
81,1,45
80,1,45
79,1,45
100,2,45
99,2,45
98,2,45
97,2,45
100,1,45
99,1,45
98,1,45
97,1,45
75,1,45
75,1,45
74,1,46
74,1,46
84,3,46
100,1,45
99,1,46
98,1,46
83,1,46
82,1,46
81,1,46
80,1,46
93,1,46
95,1,46
94,1,46
93,1,46
92,1,46
91,1,46
100,5,46
99,5,46
100,1,46
99,1,46
100,1,46
88,1,46
100,1,46
100,1,46
99,1,46
100,1,46
91,1,46
90,1,46
81,1,46
81,1,46
75,1,46
75,1,46
100,1,46
100,1,46
99,1,46
100,1,46
99,1,46
98,1,46
97,1,46
97,1,46
96,1,46
95,1,46
100,3,46
99,3,46
100,1,46
99,1,46
98,1,46
98,1,46
100,1,46
100,1,46
99,1,46
100,2,46
99,2,46
98,2,46
100,1,46
99,1,46
98,1,46
97,1,46
96,1,46
95,1,46
100,1,46
99,1,46
100,1,46
99,1,46
98,1,46
97,1,46
96,1,46
95,1,46
100,1,46
99,1,46
98,1,46
97,1,46
96,1,46
95,1,46
100,1,46
99,1,46
98,1,46
100,1,46
99,1,46
98,1,46
97,1,46
100,1,46
79,1,46
79,1,46
100,1,46
99,1,46
100,1,46
99,1,46
100,1,46
99,1,46
73,1,46
84,2,46
83,2,46
100,1,46
100,1,46
99,1,46
98,1,46
97,1,46
96,1,46
95,1,46
94,1,46
94,1,46
100,4,46
100,1,46
99,1,46
98,1,46
97,1,46
96,1,46
95,1,46
94,1,46
100,1,46
99,2,46
98,2,46
97,2,46
96,2,46
95,2,46
100,1,46
99,1,46
98,1,46
97,1,46
97,1,46
96,1,46
95,1,46
94,1,46
93,1,46
93,1,46
92,1,46
92,1,46
91,1,46
90,1,46
89,1,46
88,1,46
87,1,46
87,1,46
87,1,46
86,1,46
86,1,46
85,1,46
84,1,46
73,1,46
72,1,46
71,1,46
70,1,46
69,1,46
69,1,46
68,1,46
68,1,46
68,1,46
67,1,46
66,1,46
65,1,46
65,1,46
65,1,46
65,1,46
64,1,47
64,1,47
64,1,47
63,1,47
62,1,47
61,1,47
61,1,47
61,1,47
100,1,47
99,1,47
98,1,47
100,1,47
100,1,47
99,1,47
98,1,47
100,1,47
99,1,47
98,1,47
97,1,47
100,1,47
99,1,47
98,1,47
100,1,47
99,1,47
98,1,47
100,1,47
99,1,47
99,1,47
100,1,47
99,1,47
98,1,47
98,1,47
97,1,47
100,2,47
99,2,47
98,2,47
100,1,47
99,1,47
98,1,47
97,1,47
93,1,47
42,2,47
41,2,47
40,2,47
40,2,47
40,2,47
39,2,47
39,2,47
39,2,47
39,2,47
39,2,47
39,2,47
39,2,47
39,2,47
38,2,47
38,2,47
37,2,47
100,1,47
99,1,47
98,1,47
98,1,47
98,1,47
98,1,47
97,1,47
96,1,47
100,1,47
100,1,47
68,4,47
67,4,47
57,3,47
57,3,47
57,3,47
100,1,47
99,1,47
98,1,47
55,2,47
54,2,47
54,2,47
54,2,47
54,2,47
54,2,47
54,2,47
54,2,47
40,1,47
40,1,47
39,1,47
39,1,47
100,4,47
99,4,47
38,1,47
37,1,47
37,1,47
100,5,47
100,1,47
36,1,47
27,2,47
27,2,47
27,2,47
27,2,47
27,2,47
100,1,47
99,1,47
100,1,47
31,3,47
63,1,47
62,1,47
62,1,47
62,1,47
61,1,47
100,1,47
99,1,47
98,1,47
100,2,47
100,1,47
99,1,47
98,1,47
98,1,47
100,1,47
99,1,47
98,1,47
98,1,47
97,1,47
96,1,47
96,1,47
100,1,47
99,1,47
98,1,47
97,1,47
96,1,47
95,1,47
94,1,47
93,1,47
93,1,47
100,1,47
88,1,47
88,1,47
100,1,47
99,1,47
92,2,47
91,2,47
90,2,47
89,2,47
89,2,47
100,1,47
99,1,47
98,1,47
97,1,47
100,1,47
99,1,47
100,1,47
99,1,47
98,1,47
100,1,47
99,1,47
85,3,47
100,1,47
99,1,47
98,1,47
98,1,47
97,1,47
40,1,47
40,1,47
40,1,47
39,1,47
100,8,48
99,8,48
100,1,47
99,1,47
100,4,47
99,4,47
98,4,47
96,1,47
100,1,47
99,1,47
98,1,47
100,1,47
99,1,47
98,1,47
97,1,48
96,1,48
100,1,48
99,1,48
98,1,48
97,1,48
96,1,48
96,1,48
96,1,48
96,1,48
95,1,48
34,1,48
100,3,48
99,3,48
98,3,48
97,3,48
100,1,48
99,1,48
99,1,48
100,1,48
99,1,48
100,1,48
99,1,48
33,1,48
100,2,48
99,2,48
98,2,48
97,2,48
96,2,48
31,1,48
31,1,48
100,3,48
99,3,48
98,3,48
97,3,48
96,3,48
100,1,48
100,1,48
99,1,48
96,2,48
95,2,48
94,2,48
93,2,48
92,2,48
100,1,48
100,1,48
99,1,48
98,1,48
97,1,48
96,1,48
96,1,48
100,1,48
100,1,48
99,1,48
99,1,48
92,2,48
93,2,48
92,2,48
91,2,48
90,2,48
89,2,48
88,2,48
87,2,48
86,2,48
85,2,48
84,2,48
84,2,48
100,3,48
84,2,48
83,2,48
83,2,48
83,2,48
100,1,48
99,1,48
98,1,48
100,1,48
100,1,48
99,1,48
98,1,48
27,1,48
27,1,48
27,1,48
27,1,48
100,1,48
100,1,48
99,1,48
98,1,48
34,4,48
100,1,48
99,1,48
100,1,48
99,1,48
98,1,48
98,1,48
52,1,48
100,1,48
99,1,48
98,1,48
98,1,48
100,1,48
99,1,48
98,1,48
97,1,48
96,1,48
95,1,48
100,1,48
99,1,48
98,1,48
97,1,48
96,1,48
95,1,48
96,3,48
96,3,48
96,3,48
96,3,48
95,3,48
94,3,48
93,3,48
92,3,48
92,3,48
91,3,48
90,3,48
100,1,48
100,1,48
99,1,48
98,1,48
97,1,48
96,1,48
100,1,48
99,1,48
98,1,48
95,2,48
94,2,48
93,2,48
92,2,48
91,2,48
100,2,48
100,1,48
99,1,48
98,1,48
100,1,48
100,1,48
99,1,48
100,1,48
99,1,48
87,2,48
86,2,48
86,2,48
100,1,48
99,1,48
49,1,48
100,2,48
99,2,48
98,2,48
97,2,48
96,2,48
95,2,48
94,2,48
93,2,48
93,2,48
100,1,48
99,1,48
100,1,48
99,1,49
100,1,49
99,1,49
98,1,49
90,4,49
89,4,49
98,1,49
97,1,49
100,1,49
99,1,49
99,1,49
92,3,49
91,3,49
91,3,49
90,3,49
88,9,49
87,9,49
87,9,49
87,9,49
87,9,49
87,9,49
86,9,49
86,9,49
85,9,49
85,9,49
43,1,49
43,1,49
43,1,49
100,1,49
28,1,49
28,1,49
28,1,49
28,1,49
100,1,49
100,1,49
100,2,49
100,1,49
100,1,49
100,1,49
99,1,49
98,1,49
100,1,49
97,1,49
96,1,49
95,1,49
94,1,49
93,1,49
8,15,49
8,15,49
8,15,49
8,15,49
8,15,49
8,15,49
8,15,49
8,15,49
8,15,49
8,15,49
8,15,49
100,4,49
99,4,49
98,4,49
97,4,49
97,4,49
100,1,49
99,1,49
100,1,49
99,1,49
98,1,49
100,10,49
99,10,49
98,10,49
97,10,49
100,1,49
99,1,49
98,1,49
92,1,49
91,1,49
90,1,49
89,1,49
88,1,49
87,1,49
86,1,49
94,5,49
93,1,49
92,1,49
92,1,49
91,1,49
7,15,49
100,3,49
99,3,49
98,3,49
97,3,49
96,3,49
95,3,49
94,3,49
93,3,49
100,1,49
99,1,49
98,1,49
97,1,49
97,1,49
5,15,49
100,1,49
99,1,49
100,1,49
99,1,49
98,1,49
97,1,49
53,1,49
53,1,49
53,1,49
53,1,49
53,1,49
52,1,49
52,1,49
52,1,49
7,3,49
7,3,49
7,3,49
7,3,49
100,1,49
99,1,49
100,1,49
100,1,49
99,1,49
98,1,49
97,1,49
4,2,49
3,2,49
3,2,49
100,25,49
100,2,49
100,1,49
99,1,49
98,1,49
97,1,49
96,1,49
96,1,49
95,1,49
94,1,49
94,1,49
93,1,49
92,1,49
92,1,49
91,1,49
90,1,49
89,1,49
89,1,49
89,1,49
100,60,49
99,60,49
98,60,49
87,1,49
86,1,49
85,1,49
84,1,49
84,1,49
84,1,49
84,1,49
83,1,49
100,5,49
82,1,49
100,1,49
99,1,49
100,2,49
98,1,49
97,1,49
96,1,49
95,1,49
94,1,49
93,1,49
92,1,49
91,1,49
90,1,49
100,1,49
99,1,49
98,1,49
97,1,49
100,1,49
99,1,49
98,1,49
97,1,49
96,1,49
95,1,49
94,1,49
93,1,49
82,1,49
81,1,49
80,2,49
100,2,49
99,2,49
98,2,49
100,1,49
99,1,49
98,1,49
100,1,49
99,1,49
98,1,49
97,1,49
96,1,49
96,1,49
95,1,49
94,1,49
93,1,49
92,1,49
91,1,49
98,3,49
97,3,49
97,3,49
96,2,49
100,1,49
99,1,49
98,1,49
72,2,49
71,2,49
70,2,49
76,8,49
76,8,49
75,8,49
62,2,49
62,2,49
61,2,49
100,1,49
99,1,49
62,5,49
62,5,49
100,4,49
99,4,49
98,4,49
100,2,49
100,1,49
99,1,49
98,1,49
97,1,49
96,1,49
95,1,49
94,1,49
93,1,49
92,1,49
91,1,49
91,1,49
90,1,49
90,1,49
89,1,49
100,2,49
99,2,49
98,2,49
97,2,49
96,2,49
95,2,49
100,1,49
99,1,49
100,1,49
99,1,49
98,1,49
97,1,49
96,1,49
95,1,49
94,1,49
93,1,49
88,6,49
88,6,49
87,6,49
86,6,49
85,6,49
84,6,49
83,6,49
83,6,49
83,6,49
75,1,49
74,1,49
74,1,49
74,1,49
100,1,49
99,1,49
73,4,49
73,4,49
73,4,49
73,4,49
72,4,49
72,4,49
72,4,49
100,1,49
82,38,49
100,1,49
99,1,49
98,1,49
97,1,49
100,1,49
99,1,49
98,1,49
98,1,49
98,1,49
100,3,49
99,3,49
98,3,49
97,3,49
100,1,49
99,1,49
98,1,49
97,1,49
96,1,49
95,1,49
94,1,49
91,1,49
100,1,49
99,1,49
100,1,49
100,4,49
100,1,49
99,1,49
98,1,49
97,1,49
96,1,49
95,1,49
94,1,49
93,1,49
92,1,49
92,1,49
91,1,49
90,1,49
98,4,49
97,4,49
96,4,49
95,4,49
94,4,49
93,4,49
92,4,49
91,4,49
90,4,49
90,2,49
89,2,49
100,1,49
99,1,49
98,1,49
97,1,49
84,2,49
83,2,49
83,2,49
82,2,49
82,2,49
81,2,49
80,2,49
79,2,49
100,6,49
99,6,49
98,6,49
97,6,49
96,6,49
95,6,49
73,2,49
100,1,49
99,1,49
98,1,49
97,1,49
96,1,49
67,1,49
100,1,49
99,1,49
98,1,49
100,2,49
99,2,49
98,2,49
100,2,49
100,1,49
99,1,49
98,1,49
100,1,49
99,1,50
100,1,50
99,1,50
100,1,50
99,1,50
100,1,50
93,2,50
92,2,50
91,2,50
91,2,50
91,2,50
100,1,50
99,1,50
98,1,50
97,1,50
96,1,50
95,1,50
94,1,50
91,10,50
90,10,50
89,10,50
88,10,50
88,10,50
87,10,50
87,10,50
86,10,50
85,10,50
84,10,50
83,10,50
83,10,50
81,2,50
81,2,50
88,2,50
87,2,50
86,2,50
85,2,50
84,2,50
83,2,50
83,2,50
83,2,50
100,1,50
100,1,50
99,1,50
99,1,50
98,1,50
97,1,50
100,1,50
99,1,50
100,1,50
71,1,50
70,1,50
100,1,50
99,1,50
100,1,50
99,1,50
99,1,50
100,2,50
99,2,50
97,1,50
96,1,50
95,1,50
94,1,50
93,1,50
92,1,50
100,1,50
99,1,50
98,1,50
100,1,50
99,1,50
100,1,50
99,1,50
98,1,50
100,2,50
99,2,50
100,1,50
99,1,50
98,1,50
100,1,50
99,1,50
98,1,50
100,1,50
99,1,50
99,1,50
98,1,50
97,1,50
96,1,50
95,1,50
94,1,50
100,1,50
99,1,50
100,1,50
99,1,50
98,1,50
97,1,50
96,1,50
95,1,50
94,1,50
93,1,50
92,1,50
92,1,50
91,1,50
90,1,50
90,1,50
100,1,50
99,1,50
98,1,50
97,1,50
96,1,50
95,1,50
95,1,50
94,1,50
93,1,50
92,1,50
92,1,50
91,1,50
90,1,50
89,1,50
88,1,50
100,1,50
99,1,50
98,1,50
100,1,50
99,1,50
98,1,50
97,1,50
100,1,50
100,1,50
99,1,50
72,1,50
71,1,50
100,1,50
100,1,50
99,1,50
100,1,50
99,1,50
98,1,50
97,1,50
100,1,50
99,1,50
100,2,50
99,2,50
98,2,50
97,2,50
96,2,50
100,2,50
100,1,50
99,1,50
98,1,50
97,1,50
96,1,50
95,1,51
94,1,51
94,1,51
93,1,51
92,1,51
89,2,51
88,2,51
88,2,51
88,2,51
100,1,51
99,1,51
98,1,51
100,1,51
100,1,51
99,1,51
98,1,51
97,1,51
97,1,51
96,1,51
100,1,51
100,1,51
99,1,51
98,1,51
97,1,51
100,1,51
99,1,51
98,1,51
97,1,51
78,1,51
77,1,51
100,4,51
100,6,51
99,6,51
98,6,51
97,6,51
96,6,51
95,6,51
94,6,51
100,1,51
99,1,51
98,1,51
98,1,51
97,1,51
100,1,51
99,1,51
98,1,51
98,1,51
97,1,51
96,1,51
95,1,51
95,1,51
100,1,51
99,1,51
98,1,51
100,1,51
99,1,51
98,1,51
98,1,51
97,1,51
96,1,51
100,1,51
100,1,51
99,1,51
98,1,51
100,1,51
100,1,51
100,1,51
82,4,51
82,4,51
81,4,51
80,4,51
80,4,51
80,4,51
79,4,51
78,4,51
100,1,51
100,1,51
99,1,51
98,1,51
100,7,51
99,7,51
98,7,51
97,7,51
96,7,51
95,7,51
94,7,51
93,7,51
92,7,51
92,7,51
91,7,51
90,7,51
100,1,51
99,1,51
100,1,51
87,1,51
87,1,51
87,1,51
86,1,51
85,1,51
84,1,51
100,5,51
99,5,51
98,5,51
97,5,51
96,5,51
95,5,51
94,5,51
93,5,51
92,5,51
91,5,51
100,1,51
100,1,51
100,1,51
99,1,51
98,1,51
100,1,51
99,1,51
98,1,51
100,1,51
99,1,51
98,1,51
97,1,51
96,1,51
100,2,51
99,2,51
98,2,51
97,2,51
100,1,51
100,1,51
99,1,51
98,1,51
97,1,51
100,1,51
100,1,51
99,1,51
98,1,51
97,1,51
97,1,51
100,1,51
100,1,51
99,1,51
98,1,51
97,1,51
96,1,51
95,1,51
94,1,51
94,1,51
93,1,51
92,1,51
91,1,51
90,1,51
89,1,51
89,1,51
88,1,51
87,1,52
86,1,52
85,1,52
100,1,52
99,1,52
98,1,52
97,1,52
100,1,52
99,1,52
98,1,52
97,1,52
100,1,52
99,1,52
98,1,52
97,1,52
100,1,52
99,1,52
99,1,52
98,1,52
97,1,52
96,1,52
95,1,52
94,1,52
100,1,52
99,1,52
98,1,52
100,1,52
99,1,52
98,1,52
100,1,52
99,1,52
98,1,52
97,1,52
96,1,52
100,1,52
100,1,52
99,1,52
98,1,52
97,1,52
96,1,52
95,1,52
95,1,52
95,1,52
95,1,52
95,1,52
100,1,52
61,1,52
100,1,52
99,1,52
59,78,52
59,78,52
59,78,52
59,78,52
100,1,51
99,1,51
100,1,51
99,1,51
98,1,51
100,1,51
99,1,51
98,1,51
97,1,51
96,1,51
95,1,51
100,1,51
100,1,51
100,1,51
100,1,51
100,2,51
100,1,51
99,1,51
98,1,51
100,1,51
99,1,51
98,1,51
100,1,51
99,1,51
99,1,51
100,1,51
99,1,51
98,1,51
97,1,51
96,1,51
100,1,51
99,1,51
100,1,51
99,1,51
98,1,51
97,1,51
96,1,51
100,1,51
100,1,51
100,1,51
100,1,51
99,1,51
98,1,51
97,1,51
96,1,51
95,1,51
95,1,51
100,1,51
100,1,51
99,1,51
98,1,51
98,1,51
97,1,51
96,1,51
95,1,51
100,1,51
99,1,51
98,1,51
97,1,52
96,1,52
100,1,52
100,1,52
99,1,52
99,1,52
99,1,52
98,1,52
100,1,52
99,1,52
98,1,52
97,1,52
100,1,52
99,1,52
98,1,52
97,1,52
96,1,52
100,1,52
99,1,52
98,1,52
97,1,52
96,1,52
100,1,52
100,1,52
100,1,52
99,1,52
98,1,52
98,1,52
97,1,52
100,1,52
99,1,52
98,1,52
97,1,52
100,1,52
100,1,52
100,1,52
99,1,52
98,1,52
98,1,52
98,1,52
100,1,52
99,1,52
98,1,52
97,1,52
96,1,52
95,1,52
95,1,52
100,1,52
99,1,52
100,1,52
99,1,52
99,1,52
93,181,52
93,181,52
93,181,52
93,181,52
92,181,52
91,181,52
91,181,52
90,181,52
90,181,52
89,181,52
88,181,52
100,1,50
99,1,50
98,1,50
97,1,50
96,1,50
95,1,50
100,1,50
99,1,50
100,1,50
100,1,50
99,1,50
98,1,50
97,1,50
96,1,50
96,1,50
96,1,50
96,1,50
100,1,50
100,1,50
100,1,50
99,1,50
98,1,50
97,1,50
96,1,50
95,1,50
94,1,50
94,1,50
93,1,50
100,1,50
99,1,50
98,1,50
97,1,50
100,1,50
99,1,50
98,1,50
100,23,50
99,23,50
98,23,50
97,23,50
100,1,50
99,1,50
98,1,50
97,1,50
96,1,50
100,1,50
99,1,50
100,1,50
99,1,50
98,1,50
98,1,50
97,1,50
97,1,50
100,1,50
99,1,50
98,1,50
97,1,50
96,1,50
95,1,50
95,1,50
95,1,50
100,1,50
99,1,50
98,1,50
97,1,50
100,1,50
99,1,50
100,1320,50
99,1320,50
98,1320,50
97,1320,50
100,1,37
99,1,37
98,1,37
100,1,37
99,1,37
98,1,37
97,1,37
100,1,37
99,1,37
